9862
356
579 768
972 1021
1256 1373
931 1031
900 977
1287 1356
829 856
779 1031
763 927
1094 1218
659 885
1104 1117
1363 1374
914 934
910 969
1036 1157
1176 1196
1019 1074
758 792
666 755
1205 1345
483 666
687 866
638 707
884 934
1205 1315
850 1073
480 507
1200 1318
933 958
632 788
683 834
1257 1298
671 812
771 872
426 481
1108 1173
495 629
824 884
558 704
833 876
1066 1158
599 818
1231 1284
651 856
1005 1045
1345 1350
563 617
1043 1052
706 802
558 685
497 689
761 778
1267 1312
1274 1293
668 774
533 770
578 589
1322 1360
472 549
765 1015
451 611
596 706
498 644
1019 1195
892 1094
1145 1243
1283 1332
625 860
1079 1108
1149 1212
1359 1378
628 806
1305 1339
1232 1276
1214 1238
1108 1119
506 582
709 729
1079 1261
713 823
1104 1335
907 1069
1163 1363
942 996
549 557
1272 1348
1164 1306
943 1025
1301 1364
1089 1203
552 787
936 1154
730 940
914 939
1162 1379
1137 1243
526 733
977 992
1192 1243
435 506
713 819
843 1032
668 790
713 913
666 906
1052 1309
1196 1295
1046 1261
772 1009
533 712
424 553
1197 1255
506 603
1144 1231
609 758
1068 1326
1014 1193
963 1071
477 578
1264 1365
906 1117
1354 1360
477 682
1116 1311
731 743
709 791
483 710
998 1101
928 1172
1108 1174
1307 1363
860 896
1289 1353
945 1173
1228 1360
1272 1376
835 1032
716 751
935 988
1134 1260
1191 1221
682 916
1166 1251
725 760
575 715
712 959
753 907
526 561
822 889
701 872
1263 1334
770 930
873 1021
787 912
588 760
1210 1245
1324 1350
1172 1182
515 761
1230 1239
1267 1379
988 1035
655 882
788 873
615 642
519 621
952 1136
526 544
858 953
829 994
1305 1310
692 831
442 466
964 1074
648 688
1164 1298
875 1046
564 577
662 668
1009 1107
424 589
1037 1130
1134 1154
562 714
1141 1338
553 735
765 832
754 885
847 1092
543 659
1165 1317
883 904
1296 1356
447 701
571 585
1345 1373
952 1105
1321 1350
1171 1270
1061 1108
1090 1288
750 763
674 703
1156 1288
960 1101
964 1038
485 647
1138 1179
1146 1379
524 627
616 693
578 820
1117 1331
957 969
593 765
1003 1131
970 1061
758 779
674 810
808 997
493 649
947 1131
508 550
532 619
424 640
605 832
1143 1275
1045 1079
1168 1286
484 585
1146 1199
738 787
463 590
1341 1357
1246 1361
1133 1320
855 1072
683 732
1091 1198
442 451
655 913
904 1112
688 823
1248 1291
1361 1370
972 1158
752 942
564 755
648 715
872 1102
454 683
650 893
974 1070
1135 1353
1229 1341
1193 1264
499 630
815 856
990 1127
793 1012
1354 1372
963 1215
1109 1214
655 806
930 1047
470 524
836 1027
1260 1276
734 934
991 1065
608 748
556 661
730 889
433 509
467 478
564 648
1102 1310
681 918
866 1094
805 842
993 1173
678 711
1190 1377
1032 1151
981 1229
894 1106
657 856
717 774
1189 1373
435 525
1111 1185
891 1139
1227 1262
1134 1257
448 495
446 531
909 1112
733 767
1230 1355
551 608
786 1004
1199 1241
574 679
1352 1364
1099 1194
770 920
1131 1169
705 963
665 916
952 1083
1292 1298
552 788
506 762
1207 1212
486 713
892 1027
1250 1319
1204 1346
931 1139
427 513
918 962
1235 1249
1072 1260
553 803
730 889
441 503
444 666
680 688
1255 1374
875 913
930 989
972 1094
1370 1379
481 488
1231 1346
1105 1344
1121 1156
645 654
1139 1268
920 928
495 645
439 489
577 837
829 1066
954 1182
1137 1289
1147 1317
1219 1369
585 592
473 591
566 667
843 919
1139 1188
1142 1319
1197 1261
1338 1352
833 841
935 1035
666 747
1295 1323
604 845
437 524
481 655
798 911
867 876
927 986
1000 1142
612 863
1022 1277
1359 1370
490 739
730 965
1330 1363
986 1089
738 794
772 1016
811 1044
1210 1323
964 1140
1294 1373
1314 1366
1067 1172
1039 1216
486 735
1331 1373
1160 1339
954 1206
580 671
971 1036
690 876
1194 1321
952 962
1299 1322
1231 1236
1061 1203
424 570
743 789
757 814
454 462
611 663
1060 1120
1154 1353
675 702
955 1170
584 766
814 935
1196 1234
1112 1117
508 710
452 695
998 1223
1325 1342
1117 1193
847 1071
1325 1342
929 1075
460 626
1100 1180
677 889
1311 1376
588 797
494 651
449 583
1093 1332
1145 1153
1193 1287
714 853
1003 1086
1123 1300
1042 1229
547 679
762 920
1321 1330
522 734
1157 1271
479 702
1268 1319
803 1029
697 902
815 829
892 1114
718 783
1100 1185
1326 1380
864 1080
622 743
451 619
615 658
980 1082
1145 1351
695 921
1059 1298
684 850
1243 1355
440 541
810 945
1316 1342
1240 1337
1013 1153
669 915
979 1037
508 652
791 923
478 691
1318 1357
1157 1261
506 701
1219 1285
892 1095
879 1115
1252 1366
1321 1330
1032 1079
1255 1300
852 1038
862 1001
1032 1154
1145 1181
979 1044
1035 1086
905 972
1164 1306
510 726
987 1138
1070 1299
865 1017
1062 1085
525 779
562 708
867 1043
647 826
835 856
460 618
1210 1366
1273 1332
456 480
847 1016
778 856
1238 1297
809 1037
765 855
1253 1268
1172 1361
592 605
922 1090
494 734
1052 1070
724 864
732 828
545 596
1047 1144
508 760
700 832
441 470
997 1125
1174 1194
1005 1238
494 658
806 961
821 1029
483 642
537 763
869 1033
1068 1283
533 616
1073 1331
561 806
1064 1260
981 1223
1244 1257
1064 1243
562 806
675 840
686 839
629 698
468 586
787 849
1367 1374
1052 1208
820 1031
466 691
1295 1329
978 1072
769 920
637 825
1244 1252
811 1005
1297 1336
565 658
499 701
1003 1245
1122 1188
1046 1159
1117 1201
895 1006
1273 1306
1311 1338
595 804
782 871
928 971
896 1134
459 516
1097 1173
1082 1267
1150 1218
1109 1272
824 895
884 977
863 1117
460 533
785 892
951 1094
1344 1376
564 639
764 870
991 1073
1097 1300
1013 1101
772 1032
1284 1338
1326 1358
1130 1182
617 831
931 961
1171 1247
439 683
519 644
1146 1301
1341 1372
893 968
938 982
1267 1322
849 894
520 704
940 1120
811 1005
494 677
696 914
644 760
696 794
464 597
663 922
538 773
552 629
727 935
556 686
1033 1076
632 870
1232 1318
1170 1280
518 711
505 518
1302 1375
970 1054
1320 1375
1214 1246
593 812
496 707
899 1122
1208 1335
704 789
450 465
842 1044
634 649
673 876
700 776
448 466
651 821
1332 1367
962 997
559 577
537 563
1101 1241
719 903
1046 1205
1005 1234
932 1002
1175 1367
624 880
904 1008
672 800
685 729
1006 1020
686 909
1100 1157
480 614
1231 1269
707 952
675 703
504 677
504 529
1150 1286
846 1008
1100 1198
1227 1380
543 549
1249 1331
529 759
1075 1310
429 491
1288 1337
457 468
615 658
1085 1337
502 548
520 616
984 1183
802 1021
507 764
884 1062
597 794
906 1059
1097 1196
986 1048
1258 1317
551 631
689 902
1323 1346
484 491
1276 1297
760 1012
743 798
1279 1314
988 1046
709 735
1293 1324
1321 1363
1199 1284
493 530
947 1046
932 1187
776 870
1124 1280
651 904
776 805
999 1037
842 1017
1294 1310
654 895
890 1103
1202 1217
900 1139
490 669
1062 1189
860 978
1222 1337
800 835
1119 1126
1120 1159
749 815
812 921
1124 1203
1146 1271
665 749
1051 1062
1006 1175
790 846
1021 1200
663 912
1306 1364
1340 1375
444 505
1166 1280
1062 1150
562 819
500 582
545 665
700 748
1043 1235
862 1075
644 797
990 1095
1190 1229
1139 1353
447 543
1082 1191
1255 1306
952 1038
552 624
1194 1271
490 711
956 1001
758 895
1106 1182
448 708
949 1203
1094 1132
1149 1187
842 1065
660 747
978 1138
441 553
909 1136
983 1038
639 744
931 999
1078 1162
827 833
1060 1170
1266 1335
888 1100
470 523
1359 1372
477 654
1237 1319
1294 1314
1195 1273
538 758
647 659
1112 1119
854 861
737 917
683 771
436 640
1222 1257
550 624
860 989
1047 1270
506 764
1063 1239
651 891
900 953
779 1010
470 608
538 628
852 960
892 967
745 835
604 642
1088 1197
1014 1125
1104 1227
1013 1079
422 534
582 643
1017 1191
1175 1306
427 648
1144 1170
1320 1331
639 798
1286 1320
841 852
959 1185
868 1030
964 1016
787 822
746 867
425 523
1080 1315
1344 1350
957 1079
632 766
959 977
934 1138
931 1081
1108 1273
745 858
504 607
1066 1142
511 531
596 764
1274 1375
1037 1190
1349 1362
707 818
968 1133
1306 1380
751 982
971 1118
1049 1056
1278 1288
1160 1235
1273 1375
1205 1350
633 735
1288 1298
678 724
1073 1317
1289 1351
1213 1298
1345 1373
510 541
746 765
699 717
1331 1345
421 597
582 625
923 1151
758 961
805 1030
434 509
1024 1253
513 616
1245 1319
1080 1336
977 984
655 783
909 953
941 1101
698 771
1309 1322
1366 1376
471 476
591 806
678 934
1231 1328
1295 1303
544 693
596 621
479 487
1102 1242
621 831
1175 1224
497 689
720 960
1356 1376
1361 1379
775 876
498 678
500 682
1028 1057
769 912
1257 1359
1231 1286
812 1071
1284 1326
449 704
877 1073
1047 1174
1295 1345
1184 1219
505 518
902 1057
1151 1330
836 941
616 710
1252 1262
963 1155
723 786
1370 1375
1256 1321
1264 1369
543 565
1168 1225
1180 1282
645 699
550 581
1082 1294
1230 1304
887 977
827 1055
553 588
1072 1105
706 747
787 973
690 885
819 876
609 753
828 1025
658 858
633 816
854 1058
1058 1196
1251 1305
968 1198
977 1100
656 733
660 782
1328 1342
732 816
731 937
1354 1369
1032 1238
1216 1260
1054 1180
975 1058
1338 1351
1359 1375
559 565
942 1188
785 876
1327 1366
1102 1251
445 611
442 663
946 1077
811 827
1365 1372
530 753
1060 1147
633 802
1357 1365
1315 1366
658 699
562 632
594 683
580 670
785 840
950 1048
746 980
994 1027
434 688
655 671
884 1134
575 804
919 1082
1321 1340
1363 1375
645 781
671 776
1026 1260
1180 1335
920 996
530 705
510 707
1086 1287
655 731
771 982
1037 1182
603 775
433 607
1239 1328
816 932
903 982
1351 1364
1027 1172
703 911
685 811
738 937
1130 1355
1101 1267
1132 1306
905 1101
523 637
681 750
1368 1379
563 801
1287 1371
783 811
582 796
668 694
448 511
821 1001
846 975
1313 1377
566 666
1030 1059
461 661
1170 1230
738 941
570 687
805 999
438 613
522 557
565 571
1235 1287
734 920
874 1129
440 618
822 864
1030 1148
554 617
787 798
698 892
538 617
820 894
1273 1365
962 1119
624 761
612 842
826 917
1140 1190
1004 1026
660 792
1277 1288
660 874
574 719
691 934
437 562
679 733
519 711
934 950
960 1191
557 776
636 791
1343 1374
1210 1250
616 873
1208 1256
984 1121
1342 1364
667 852
1319 1377
599 739
1224 1363
506 568
653 725
867 1000
1269 1306
932 963
1002 1161
1104 1117
745 896
1138 1240
721 796
1208 1239
979 1110
954 1124
734 919
1153 1251
1236 1294
1274 1322
1218 1328
628 770
761 850
535 657
681 938
854 929
1219 1275
783 936
1171 1309
552 704
790 996
613 843
484 628
1226 1240
1124 1235
954 1135
1069 1199
824 984
631 881
808 845
510 595
637 810
813 994
1201 1241
1132 1296
774 966
1009 1248
748 772
802 929
631 794
1158 1355
633 755
1302 1323
421 428
1188 1309
1008 1084
964 1094
578 587
1080 1200
792 871
1203 1370
1333 1360
945 1059
960 1217
827 1051
585 777
1193 1213
1270 1300
712 841
1120 1324
722 897
850 977
624 666
756 986
1298 1377
987 1075
592 667
942 1007
1302 1378
699 750
957 1211
420 604
982 1119
930 1173
1149 1315
453 662
1249 1317
645 656
1198 1234
565 706
847 1028
1201 1357
543 615
654 783
1280 1334
1053 1228
1108 1317
1323 1339
998 1005
562 803
1156 1165
611 838
530 562
1073 1320
1109 1351
614 832
1294 1324
477 568
848 1007
583 701
594 724
651 689
1118 1187
1249 1302
1242 1363
995 1000
922 1048
900 1053
742 762
620 650
1080 1277
1074 1081
1233 1248
1358 1371
682 890
1046 1147
822 898
806 941
520 580
1166 1379
704 709
1360 1377
1053 1204
1005 1185
716 778
1040 1119
872 952
655 791
586 795
706 759
677 835
567 759
980 1087
538 739
499 564
484 629
1229 1311
1308 1370
1363 1379
1299 1311
804 1030
656 808
1152 1228
780 869
1336 1379
1210 1272
510 648
470 683
954 1205
1062 1102
1353 1368
1215 1375
1026 1152
1221 1290
1148 1344
954 1208
748 862
1343 1378
1028 1122
1347 1358
623 705
1292 1343
1228 1373
882 990
544 673
1256 1309
765 1023
1093 1114
946 971
890 991
809 909
889 939
1177 1334
616 745
1091 1203
445 511
1043 1159
633 733
491 719
1291 1372
1170 1175
815 1036
860 1077
1061 1267
892 1013
1142 1181
1148 1356
1172 1295
1004 1246
1204 1233
520 536
1131 1330
952 1028
831 1081
570 707
1306 1344
472 616
605 647
594 735
762 833
970 1177
757 1017
983 1119
1316 1330
490 620
463 478
1014 1223
599 859
633 688
463 534
1155 1170
1258 1267
859 1004
1007 1184
446 452
1048 1137
767 860
1092 1313
511 689
921 926
1211 1285
1168 1286
882 1102
1356 1378
998 1051
781 900
680 894
778 911
591 744
527 775
1041 1277
606 781
1362 1370
639 705
564 814
694 810
1141 1372
1124 1215
624 796
1318 1346
630 639
531 542
603 705
504 733
882 1090
524 784
1175 1252
853 929
895 995
969 1228
460 530
1023 1213
1116 1139
528 559
965 1198
598 749
651 716
1089 1199
1155 1275
1067 1180
605 665
683 722
1150 1178
1161 1262
1054 1157
927 1067
507 577
1348 1355
744 759
638 894
648 814
1081 1199
852 1063
1243 1342
1190 1355
1057 1254
675 733
424 672
1255 1275
1129 1257
1098 1205
897 1084
622 673
514 632
971 1093
641 777
627 676
880 1069
505 703
1196 1311
1251 1364
862 1061
562 778
1333 1356
516 679
1197 1375
1302 1324
954 1006
534 638
1086 1315
755 853
852 1010
840 933
1065 1184
976 1224
910 1010
789 832
697 739
760 785
956 1103
746 752
639 809
685 831
1233 1350
1099 1241
883 898
673 790
1143 1266
1124 1266
534 777
1185 1276
451 552
1341 1376
703 737
1214 1358
925 1084
428 671
808 885
732 755
625 757
1215 1286
1154 1256
805 842
1018 1110
1232 1309
1077 1088
770 939
1181 1281
698 799
1150 1210
785 1044
623 739
786 839
1239 1301
465 640
1183 1281
1211 1286
1317 1327
759 877
798 914
1148 1269
792 934
725 964
799 927
1294 1339
1199 1215
708 939
901 1134
1114 1155
1185 1346
923 1129
931 1162
502 735
728 822
865 915
1174 1293
707 939
607 687
506 570
1014 1043
1195 1333
568 657
891 1029
436 579
886 1101
522 690
1056 1167
809 906
595 701
982 1230
1106 1345
437 632
988 1105
1310 1366
1229 1350
436 675
1080 1250
724 854
759 963
673 778
1150 1354
479 591
997 1223
549 690
1169 1305
1345 1374
1034 1144
871 1021
1144 1170
1099 1283
886 966
656 778
485 529
1327 1363
588 698
871 1124
912 1109
672 811
1176 1198
485 668
1274 1353
1045 1266
1302 1315
1297 1363
1274 1320
1277 1304
1075 1240
1057 1216
847 971
942 999
865 870
809 1067
569 665
1355 1378
966 993
1347 1360
1111 1263
1169 1197
1268 1305
539 603
551 788
454 479
1025 1043
1165 1362
1265 1331
1165 1196
1336 1356
1363 1377
1363 1378
1229 1363
753 952
667 888
693 746
879 897
972 1097
604 842
540 650
839 1090
801 1028
1333 1377
972 1013
1201 1253
1368 1373
878 1048
1295 1342
471 633
1074 1164
1104 1313
701 742
1216 1254
900 970
1111 1124
714 963
597 767
648 839
1270 1286
619 778
448 502
1050 1289
1304 1340
528 747
1014 1148
1258 1356
600 730
1349 1380
706 901
585 845
706 902
423 510
669 734
1146 1228
687 913
500 517
421 677
960 1151
834 1030
1196 1266
472 708
552 783
986 1239
902 1154
661 709
1184 1216
900 1128
1252 1328
1113 1284
562 763
1298 1334
491 716
753 995
796 977
1242 1267
970 1165
732 938
1268 1353
684 845
855 1025
1143 1236
988 1017
838 1077
1229 1273
1019 1163
482 670
976 1222
943 1110
1092 1173
559 764
714 812
652 690
1303 1332
781 989
1183 1222
1184 1363
974 984
994 1210
1328 1345
490 631
599 756
899 1100
444 537
607 817
814 842
1352 1357
916 1093
1227 1279
905 1155
1156 1328
685 899
635 835
892 900
1060 1131
1264 1380
1026 1126
983 1047
1103 1118
908 1134
637 862
981 1089
1131 1138
932 1056
1074 1114
701 829
585 706
1196 1318
974 992
461 651
793 834
471 485
448 537
612 729
522 720
1301 1379
922 1054
420 659
1202 1238
1267 1274
505 513
1244 1379
1168 1186
766 877
598 628
1086 1268
780 1040
598 658
818 941
1294 1308
1334 1341
1123 1142
1093 1311
430 441
957 1057
715 942
885 1012
1031 1200
482 686
1101 1278
460 623
1102 1355
996 1236
593 788
442 658
767 842
1096 1116
1007 1086
915 948
1029 1232
1168 1238
869 996
1065 1248
700 888
1266 1307
1137 1180
562 639
1055 1238
905 910
697 869
743 911
487 715
437 494
823 894
444 692
478 663
627 632
1240 1353
932 1184
589 812
1190 1301
1068 1230
716 788
496 755
585 609
873 972
1109 1270
1291 1375
533 571
1348 1363
804 1017
1312 1377
1163 1279
713 933
1134 1164
909 1146
1021 1188
769 913
907 954
1074 1261
1293 1310
742 995
1347 1377
1299 1310
862 1059
1341 1358
1113 1120
935 1131
748 970
560 762
833 942
1081 1192
1163 1353
1132 1145
715 964
486 624
1282 1295
1083 1178
1301 1345
1072 1259
979 1195
1164 1290
757 840
1134 1321
758 1015
1156 1368
480 591
616 869
584 837
620 667
825 1035
857 1117
488 707
499 627
1050 1099
558 808
1221 1276
564 741
1341 1347
1351 1373
776 920
583 772
777 930
1114 1258
974 1025
1120 1238
714 795
801 1043
481 713
842 936
1167 1290
1303 1312
1178 1339
769 902
1365 1377
849 866
605 648
852 1048
1282 1338
459 500
951 1183
1316 1370
697 821
895 1034
634 718
500 631
1047 1201
1143 1327
1094 1327
777 818
1207 1367
753 991
712 902
568 751
1303 1355
773 969
1091 1342
700 917
670 713
867 1038
1095 1228
1104 1352
1060 1227
1212 1257
1369 1375
1211 1342
1012 1119
844 1028
1145 1352
1134 1191
1356 1370
664 785
948 1173
1247 1305
1101 1200
1305 1335
712 842
1072 1270
813 825
711 961
1133 1360
1317 1360
1077 1281
1026 1180
1059 1196
1173 1341
1129 1211
681 803
545 555
693 801
585 775
1169 1181
1169 1366
900 1077
588 648
1319 1368
943 1147
420 558
1017 1071
1116 1157
729 984
1204 1331
771 990
1013 1186
1023 1247
1367 1379
1068 1218
788 1031
721 805
489 517
889 924
624 884
1302 1374
1084 1337
1131 1235
474 660
519 715
993 1041
1219 1295
593 672
1132 1187
1022 1248
1033 1038
896 1096
710 740
1163 1243
555 593
860 974
819 891
1147 1284
671 745
923 997
920 1119
887 1054
1116 1134
431 665
844 1070
805 1053
768 1026
1036 1118
825 930
554 645
785 969
957 1178
1212 1290
1283 1300
779 802
518 633
427 493
1134 1314
1198 1274
766 925
1139 1217
965 1079
895 953
720 844
887 998
535 765
1100 1301
672 694
1166 1186
785 1031
545 804
1365 1374
1026 1281
717 856
855 1003
1281 1299
662 746
1359 1371
1116 1199
1267 1380
1298 1326
962 1216
546 581
1362 1377
1014 1104
588 769
693 859
1231 1379
1057 1110
780 905
597 804
599 737
622 706
738 968
857 1058
1129 1231
1163 1195
827 934
1021 1166
972 1157
517 551
536 721
1045 1249
1352 1360
890 977
843 965
446 515
1293 1347
819 1028
1162 1219
1152 1337
727 763
474 728
769 855
1302 1351
488 707
758 1003
545 666
977 1108
1153 1326
519 723
1196 1231
934 979
1235 1302
598 790
757 925
1293 1355
775 984
838 923
1082 1144
958 1011
816 918
1093 1228
1087 1199
1117 1308
1075 1297
489 497
1342 1364
675 790
1169 1362
1132 1372
980 1178
1037 1236
491 627
847 1069
507 549
1158 1245
979 1179
808 1027
978 1055
994 1222
673 842
683 935
712 927
1255 1277
677 919
847 1083
1084 1107
465 696
1237 1308
1334 1342
1050 1259
1296 1357
1189 1262
489 606
687 705
643 665
806 922
955 1207
1077 1257
1236 1353
673 838
760 778
540 573
1312 1363
1011 1236
428 520
513 566
1014 1207
739 938
1168 1237
568 760
531 564
488 677
491 724
601 719
565 727
522 770
652 672
619 831
1101 1134
749 783
510 600
580 599
1214 1257
795 946
830 940
587 814
716 924
743 841
1309 1361
1238 1379
817 836
1296 1335
504 682
922 1098
1163 1264
1317 1340
1289 1334
934 963
882 1016
515 736
1066 1121
456 501
964 1035
1344 1354
1174 1347
1201 1310
720 907
771 841
1141 1182
1207 1261
500 648
702 738
1361 1370
556 563
1052 1159
1351 1375
745 879
674 800
1356 1368
851 987
541 774
962 1119
735 968
522 566
490 699
1066 1248
574 634
1087 1253
464 540
995 1238
815 1040
814 889
831 905
1349 1367
918 1030
630 708
1282 1365
720 784
1320 1325
432 555
1215 1362
1217 1356
743 910
543 582
792 1041
1226 1357
735 834
718 950
533 554
621 798
867 1048
1278 1307
452 620
939 1035
831 1046
633 680
897 1091
1016 1142
718 883
741 938
1126 1374
936 942
556 613
825 942
517 648
597 763
675 800
832 859
1247 1291
445 653
1159 1245
533 595
500 517
574 721
515 612
1016 1058
1104 1158
1139 1233
1045 1218
1283 1341
1339 1369
609 714
547 721
989 1185
812 946
608 743
876 1008
606 785
999 1180
1178 1228
1104 1164
585 651
1339 1379
708 928
1128 1361
1024 1081
669 782
587 742
808 1064
982 1049
823 1011
1295 1334
436 621
715 823
442 457
1162 1248
629 840
683 858
1245 1352
577 765
1272 1298
608 639
640 738
1147 1174
1060 1288
1247 1284
924 1150
891 995
1160 1283
637 655
455 492
966 1181
1125 1199
1298 1330
976 1052
922 1025
672 787
574 741
1044 1158
825 832
1149 1354
911 1128
785 1030
822 888
502 753
1138 1211
854 1023
462 671
1152 1324
1086 1250
1246 1260
884 1080
1163 1227
1367 1375
775 925
731 917
1029 1077
1163 1274
1116 1272
769 817
437 686
1366 1376
533 640
923 1138
1154 1308
635 841
1321 1341
1197 1331
1011 1158
1244 1359
872 947
1037 1208
1079 1325
1210 1285
1138 1257
879 1024
812 1006
581 676
867 899
627 843
1029 1187
580 686
424 603
736 971
602 689
1248 1363
1216 1304
1078 1260
1283 1300
725 756
1195 1326
585 630
1200 1282
970 1142
1107 1267
462 663
759 1019
941 1129
1279 1308
424 595
1211 1294
595 850
498 539
940 972
1126 1258
1271 1372
1007 1264
784 1029
517 630
919 953
498 719
1011 1082
1189 1338
820 980
749 871
767 866
562 591
1256 1375
1051 1296
505 637
1314 1379
1205 1278
1223 1353
1022 1137
460 533
1335 1364
472 698
747 942
477 720
1162 1314
1090 1120
758 854
779 800
586 736
600 775
1177 1279
479 601
710 951
437 521
1114 1131
732 746
883 1057
1121 1182
617 669
654 754
1264 1379
891 1049
829 976
1062 1194
765 886
656 798
647 684
507 681
986 1149
647 716
1341 1360
1336 1369
652 659
505 693
1220 1275
436 459
994 1195
648 877
1204 1260
1274 1328
1034 1176
1042 1209
685 701
967 1097
796 874
1232 1266
1151 1236
706 800
755 779
465 513
552 731
1275 1324
662 714
674 933
766 825
1108 1186
605 638
1076 1328
451 459
549 739
1283 1312
817 1027
438 600
827 862
796 812
1252 1360
894 944
799 804
944 1027
1025 1158
895 1088
760 815
1297 1360
597 795
420 427
442 668
1275 1374
1009 1048
1070 1152
726 916
1062 1164
871 919
853 939
1299 1369
521 540
741 906
516 758
1102 1269
1260 1325
1130 1377
1107 1207
1276 1303
729 809
862 878
750 804
694 876
454 682
1068 1104
1251 1277
983 1136
1220 1356
716 876
888 984
1190 1367
949 1125
688 831
1220 1328
844 1010
899 970
880 1100
1021 1096
456 665
877 1060
1075 1255
491 694
755 954
513 747
921 1119
680 893
468 486
1348 1366
593 725
751 898
725 977
1117 1339
706 838
643 885
902 1129
803 932
622 850
1190 1217
1368 1374
498 591
1358 1364
547 655
466 719
903 1142
551 788
509 628
744 780
1046 1166
481 581
616 783
868 1054
451 660
1349 1361
901 1118
1189 1225
780 887
1023 1149
867 1012
1092 1293
618 876
1060 1111
778 899
851 874
817 980
615 793
1028 1288
959 998
586 836
594 801
615 866
817 836
869 1113
1217 1281
869 884
866 1024
920 983
730 948
617 667
725 952
620 835
549 663
1090 1218
752 817
1169 1256
649 842
925 1028
1050 1215
820 899
864 955
1234 1317
777 814
533 701
425 570
1088 1324
931 1136
630 754
899 1092
1143 1272
581 769
614 634
628 801
445 582
495 718
688 770
999 1048
873 1074
1029 1133
1264 1308
819 874
1207 1281
584 776
595 640
965 1161
613 729
1352 1370
580 669
1020 1182
1029 1254
769 848
1022 1259
831 849
1262 1294
1207 1233
1174 1239
772 905
941 988
990 1205
1321 1377
926 1161
933 1102
477 571
1140 1330
1004 1251
614 783
429 579
783 1034
599 681
1167 1332
1262 1317
1026 1095
510 695
1067 1108
859 942
1049 1068
735 764
1326 1359
568 661
795 944
1274 1319
1245 1269
1147 1357
1221 1252
985 1052
731 800
546 799
617 798
443 500
508 634
1092 1345
1313 1324
781 975
1050 1110
803 1027
1179 1216
1266 1293
616 850
1160 1307
1026 1059
1243 1275
1088 1188
1271 1355
678 696
1249 1362
1295 1349
572 818
850 1045
1028 1150
1210 1305
1214 1225
925 1000
904 941
1321 1349
1144 1176
1341 1362
1276 1359
746 861
615 679
436 594
830 1023
437 555
655 777
558 574
1047 1264
1303 1347
519 648
1189 1210
704 775
790 993
820 975
1234 1373
1351 1369
810 815
522 587
693 847
470 671
845 929
599 806
870 957
967 1141
592 751
965 1109
1272 1294
1086 1295
687 768
1359 1367
1239 1334
785 811
1132 1342
942 948
1315 1331
651 896
661 810
1057 1218
974 1200
765 958
937 1080
607 835
1207 1371
1367 1376
1021 1059
1134 1236
464 500
632 828
543 645
721 828
513 668
446 560
710 721
1216 1375
556 690
735 973
1228 1273
678 907
1044 1222
775 885
1367 1375
749 785
549 808
520 660
1301 1319
499 578
1216 1306
885 987
936 1013
496 611
914 1036
1053 1135
1310 1348
1174 1187
549 698
1206 1280
631 662
686 714
1244 1262
980 1068
641 669
1343 1355
1210 1229
584 636
943 1041
568 681
647 842
1143 1190
965 1056
1091 1177
968 1124
583 822
550 637
1363 1375
1075 1097
995 1041
935 1051
1188 1225
1102 1253
1038 1062
1316 1350
1034 1236
1176 1255
813 1059
1246 1371
911 1092
673 814
866 886
1049 1155
539 767
743 819
1306 1366
810 1029
835 978
677 720
455 550
1279 1343
812 942
1347 1375
479 590
1170 1315
1210 1348
1292 1373
1324 1353
1250 1337
457 693
1158 1249
1334 1349
1243 1348
942 1042
955 1090
550 741
868 1084
1116 1149
1224 1236
1059 1307
1245 1287
1113 1363
1012 1223
754 860
753 905
575 674
592 811
680 725
755 939
430 473
963 1084
528 606
832 854
914 1035
685 774
1152 1266
445 646
1172 1308
795 833
768 896
683 777
1070 1329
555 687
554 624
1022 1035
956 1178
743 845
1228 1255
1122 1143
1220 1374
825 866
983 1006
881 1086
1343 1349
1061 1209
1226 1352
1248 1364
922 1061
1275 1293
1189 1246
1352 1357
762 808
465 476
933 982
927 1144
591 795
1224 1356
1210 1233
1022 1222
540 751
610 787
843 983
604 678
539 568
787 844
576 635
1127 1308
737 781
640 864
765 807
1014 1023
553 771
659 673
1019 1088
472 653
1039 1088
472 621
455 473
989 1078
1226 1328
583 630
550 669
997 1141
525 630
879 1111
646 677
720 928
1209 1235
1305 1358
1276 1318
1015 1096
1098 1159
576 670
518 724
997 1165
1228 1301
1048 1306
460 574
1056 1132
809 905
890 1132
578 645
1232 1376
1137 1258
1063 1297
645 822
846 1006
894 1154
1301 1320
906 1050
950 972
785 986
551 561
956 1078
619 651
817 944
1055 1065
1058 1063
1271 1314
921 1110
1170 1281
671 897
1198 1365
1011 1064
1125 1223
993 1073
1342 1357
944 1144
471 582
1156 1360
986 1120
721 782
604 672
786 945
963 1131
1067 1214
1035 1083
1248 1373
590 716
764 914
1169 1209
624 828
423 500
1311 1353
1173 1359
1222 1288
908 1134
680 881
1149 1299
893 910
521 745
843 867
831 885
703 786
1076 1155
832 855
491 697
826 879
787 869
553 794
599 724
626 876
758 792
1157 1323
1332 1347
1332 1364
570 802
1314 1337
554 794
1219 1292
1314 1342
1269 1307
435 668
1292 1303
1264 1364
1064 1178
1175 1220
1251 1365
1272 1365
472 554
425 555
698 901
1215 1261
579 647
1209 1277
1077 1212
1061 1137
1209 1242
973 1021
736 873
1237 1375
1079 1225
899 1126
531 720
1080 1202
912 1064
700 810
1120 1335
856 870
512 540
846 1062
1350 1374
1190 1301
1340 1373
592 600
893 904
1022 1042
1207 1219
1045 1164
952 1001
605 695
463 600
615 640
599 658
500 644
987 1152
1188 1316
977 1063
431 468
698 748
651 789
420 624
1015 1166
846 928
1196 1345
956 1126
596 659
1099 1294
757 997
925 980
877 927
1339 1363
538 619
782 862
906 967
706 828
1145 1265
566 678
1112 1258
1127 1171
786 893
494 734
633 693
598 847
644 729
1135 1245
1117 1304
705 746
1281 1330
623 664
1250 1265
1037 1098
595 609
1048 1104
1185 1201
816 896
559 752
864 1022
775 960
731 775
801 862
712 968
732 950
1064 1198
1264 1341
1124 1301
442 632
485 598
1152 1345
827 1074
741 925
786 936
922 962
919 1062
1151 1223
1286 1331
500 707
945 1098
651 787
1267 1330
1362 1380
1121 1223
527 591
733 793
663 812
554 624
1214 1273
527 755
981 1031
731 801
1023 1115
741 880
842 1002
1134 1291
1204 1271
983 1083
649 756
936 1030
1128 1262
767 942
1319 1358
1062 1200
820 1018
621 832
458 580
1282 1301
895 942
529 711
1274 1327
1197 1317
584 750
765 1020
636 762
1155 1172
426 582
679 832
1083 1270
502 727
477 492
1244 1333
1129 1242
1366 1375
1106 1259
821 894
851 1093
819 916
1115 1266
652 901
1308 1330
882 995
1251 1281
678 908
1203 1231
1302 1336
478 697
542 727
501 557
744 889
1362 1369
666 898
635 730
1359 1366
1021 1235
1216 1325
1361 1373
1028 1180
900 1141
439 554
635 759
558 679
583 789
614 874
1148 1195
464 590
1115 1144
550 711
1212 1286
805 830
561 816
1127 1324
751 984
431 528
960 993
1344 1356
992 1201
653 735
1333 1372
611 811
847 969
1189 1254
1058 1221
1221 1303
498 553
619 675
1105 1140
628 723
877 1058
649 833
752 939
763 819
635 779
755 788
883 946
673 835
789 924
1253 1363
962 1033
1143 1314
999 1048
868 1109
1188 1251
611 800
1337 1373
1160 1206
654 835
1187 1321
1347 1362
1140 1279
1140 1172
1156 1350
786 848
516 571
563 728
575 746
1089 1183
1138 1191
1151 1209
995 1206
666 853
1083 1244
585 625
594 759
1312 1380
1087 1324
934 945
611 829
1018 1033
550 630
921 1063
928 1066
534 725
1033 1237
945 1122
475 517
1246 1313
1088 1291
677 790
1288 1328
553 638
1016 1251
971 1049
641 900
1326 1363
1347 1376
1258 1375
805 844
1274 1309
803 840
459 541
1331 1352
775 947
485 570
678 727
938 1131
1097 1134
639 795
691 731
427 518
1040 1236
720 765
1169 1234
1167 1201
1171 1335
854 1101
477 512
516 670
524 588
1319 1340
620 702
688 821
709 835
701 707
674 684
903 941
566 597
874 977
1021 1036
971 1214
471 632
1141 1182
851 927
1243 1310
1284 1346
555 810
1098 1201
900 1004
823 1030
896 989
592 707
850 930
1101 1194
1305 1355
1173 1349
684 798
612 731
1349 1378
960 1067
492 595
630 752
625 691
696 954
1311 1345
444 636
959 1194
476 565
1366 1374
434 601
693 881
1241 1347
550 601
1111 1133
1124 1206
850 987
1040 1225
586 730
809 901
1176 1240
556 658
466 703
1313 1338
998 1246
566 612
716 782
1341 1349
575 805
826 870
516 674
1225 1279
834 955
1255 1266
751 870
794 994
496 512
965 1131
686 752
855 1081
1259 1358
724 882
1203 1373
1318 1345
851 967
1249 1298
1229 1257
870 890
893 1078
430 669
436 683
428 681
1320 1376
1169 1246
1353 1370
577 748
521 618
836 876
671 857
1069 1136
683 771
823 889
519 667
1243 1279
1282 1288
921 958
1263 1372
971 1145
903 1003
1276 1311
828 915
565 701
1100 1119
991 1089
423 462
680 760
771 784
833 1015
961 1158
1244 1286
608 690
594 686
473 660
1135 1311
901 1064
937 1123
1329 1352
1194 1298
494 750
740 755
654 733
1302 1320
935 1057
827 926
579 727
681 867
1338 1370
494 687
1162 1317
979 1209
484 524
435 457
605 775
931 1163
757 845
644 801
744 758
475 678
668 750
1272 1294
701 752
856 1051
795 945
783 1023
904 1006
763 1004
1056 1130
1115 1231
865 1120
1154 1282
464 657
1267 1311
993 1148
799 854
959 1136
1203 1274
645 823
882 978
976 1004
1323 1339
1057 1069
572 676
1022 1144
1287 1302
943 1151
1031 1108
439 504
1357 1378
754 862
1018 1184
1190 1206
865 1029
509 662
755 948
486 682
826 875
1041 1264
494 608
421 603
431 485
427 500
577 825
640 834
459 513
424 635
1045 1089
1081 1314
866 910
927 1149
711 818
534 628
1257 1282
459 593
647 681
980 1006
966 1063
1154 1276
910 928
1036 1173
786 954
686 887
1039 1224
594 741
1197 1217
450 662
750 1005
881 898
1073 1295
1231 1366
577 686
747 847
655 778
558 788
1007 1099
1338 1367
1073 1139
602 706
448 524
494 660
845 1066
869 1014
805 906
1313 1342
765 846
844 1002
684 761
1239 1249
1345 1352
1313 1345
1030 1232
583 814
1057 1150
1122 1143
1343 1370
1010 1185
698 899
490 545
1023 1246
790 805
677 771
751 955
1123 1242
916 1165
713 962
436 470
1140 1317
683 826
492 573
928 948
1081 1241
1050 1056
875 986
875 994
679 859
658 866
1298 1357
509 764
527 748
1362 1373
1239 1307
1177 1234
1077 1146
438 456
886 1005
452 687
1146 1270
536 693
1338 1363
1193 1236
441 553
1112 1258
476 547
989 1030
887 935
500 669
431 679
866 879
1221 1348
1043 1207
868 956
837 845
666 834
496 532
1314 1361
704 946
1133 1248
951 1054
949 1167
959 1010
833 1030
1328 1343
588 638
978 1084
564 723
878 1084
884 1057
837 892
601 820
1331 1375
1071 1280
978 1202
541 688
520 753
944 974
1236 1349
1118 1340
1307 1322
542 724
1125 1329
761 854
916 963
1000 1238
601 616
510 692
895 1055
1362 1375
977 1154
967 1130
1213 1324
1237 1315
1342 1361
1247 1320
974 1133
1006 1022
979 1091
760 777
493 574
1004 1190
1055 1287
1042 1217
1314 1359
883 906
454 634
802 975
571 591
676 747
1369 1378
1256 1275
909 1040
1036 1092
709 811
1074 1100
1115 1153
462 565
703 753
908 1073
566 652
1035 1218
949 1005
956 1084
656 900
738 845
554 609
1014 1065
575 717
1132 1196
814 1005
1051 1100
497 599
503 568
552 713
784 1003
1091 1173
444 469
862 918
882 1135
600 827
1067 1270
542 788
827 884
654 750
758 805
973 1028
430 626
1177 1185
1236 1338
1262 1305
872 1120
773 889
1281 1367
1023 1055
1312 1361
523 576
1182 1244
871 1011
1182 1347
1156 1370
1243 1342
711 824
1252 1363
1042 1250
1203 1222
1223 1259
827 864
1126 1238
1270 1368
1333 1380
980 1022
1311 1323
1040 1239
465 599
794 807
1240 1380
766 914
1080 1274
539 759
530 742
1279 1311
746 915
959 1202
1354 1380
710 826
915 1065
593 652
979 1127
925 993
1320 1363
1081 1340
533 640
855 1003
1023 1077
811 910
1348 1361
1002 1199
1006 1197
931 1028
1168 1208
1055 1260
1336 1376
694 767
965 1057
956 1186
1347 1354
881 1075
785 947
573 602
447 616
558 777
946 1057
1203 1368
533 685
1032 1072
828 856
763 812
824 906
779 862
431 506
1253 1337
1334 1378
1172 1291
1236 1279
859 903
491 505
628 803
861 1017
820 933
1298 1328
1182 1300
1097 1228
1220 1231
602 654
1202 1207
1043 1092
574 682
1092 1252
987 1016
852 1016
446 527
525 643
731 738
809 840
773 1004
448 630
457 670
880 938
1113 1257
936 1179
444 677
689 852
1244 1341
879 973
1084 1216
598 755
697 738
653 673
439 580
454 575
853 881
1170 1314
746 778
1286 1379
859 1005
1211 1235
1158 1213
1232 1297
934 1039
778 885
667 805
642 670
516 658
650 881
1254 1278
627 779
922 967
626 839
1083 1234
1291 1364
893 969
916 1115
846 878
947 1207
776 897
1050 1180
478 600
528 661
1115 1290
1056 1267
705 953
990 1181
1297 1357
596 614
1033 1131
887 939
901 1038
550 625
1343 1354
858 1057
991 1008
1244 1303
1109 1170
784 808
802 874
914 1100
831 892
1367 1377
776 861
553 604
1201 1355
906 1101
651 706
853 1111
522 633
1055 1115
1286 1296
1350 1362
475 695
680 716
719 862
1008 1055
601 755
1169 1341
1016 1072
903 1100
1035 1167
973 1072
609 774
916 1131
1082 1283
963 1043
1053 1111
617 639
850 880
1277 1319
610 833
445 626
736 972
960 1107
956 1009
622 659
832 1049
1088 1141
1005 1085
1160 1348
1044 1261
1126 1296
564 688
1275 1303
1277 1376
1221 1269
1111 1176
968 1095
864 1078
1104 1131
449 470
921 963
481 600
1095 1215
442 684
737 836
722 876
783 809
581 706
1229 1315
1147 1270
845 894
1327 1378
1203 1337
708 821
1293 1317
644 683
738 959
654 723
1343 1357
443 659
1079 1276
917 1106
567 690
989 1147
1315 1345
942 1123
916 972
1366 1375
748 925
717 886
565 774
1130 1306
498 755
1346 1355
447 527
1036 1081
1016 1176
687 833
756 964
957 1037
1278 1317
980 1103
1138 1283
1287 1304
1284 1351
910 1090
1307 1313
819 967
550 701
1360 1378
934 1083
1228 1369
1170 1181
578 651
686 804
524 666
1291 1315
974 1080
782 869
1188 1267
726 912
832 1030
472 547
448 483
662 891
810 968
797 921
623 840
1094 1159
824 922
964 997
1153 1263
1086 1146
943 1020
1338 1372
1218 1226
1210 1334
652 855
1093 1273
601 828
1339 1363
623 664
1267 1356
1080 1101
464 585
1016 1065
901 1080
825 893
1189 1326
1156 1282
469 520
1355 1379
915 1118
1026 1139
448 532
742 749
1123 1269
684 927
791 860
434 603
655 753
992 1226
1008 1131
461 580
655 697
1109 1204
425 662
995 1115
1361 1372
1195 1320
747 989
600 849
1077 1156
533 765
699 790
1318 1355
431 600
1125 1313
612 771
648 856
858 1056
1077 1264
484 713
976 1177
646 688
1285 1317
1034 1236
503 683
1119 1351
505 691
794 848
1308 1324
1330 1337
1269 1289
420 624
516 533
599 622
1120 1341
1366 1374
598 681
647 766
1210 1319
1219 1326
1017 1183
454 666
965 970
1201 1293
708 720
775 804
816 1055
848 939
794 968
1234 1332
552 590
819 830
1233 1324
1015 1217
1238 1354
962 998
1136 1155
498 506
547 559
586 604
444 692
489 549
1365 1376
600 672
452 621
880 950
753 852
785 860
1125 1154
1154 1247
493 593
755 786
843 1058
460 566
1350 1380
892 1146
529 767
1367 1377
680 875
1221 1246
980 1183
1281 1356
1299 1368
469 609
859 878
527 589
587 698
1254 1299
976 1153
647 720
838 1068
889 1131
1294 1360
747 861
1041 1229
1185 1285
1114 1355
606 807
757 833
556 566
477 514
1187 1372
761 894
882 1065
463 498
722 950
664 768
818 921
1346 1378
935 1102
855 882
1240 1286
898 1060
1130 1318
874 992
1169 1283
421 581
885 945
485 683
487 512
1091 1115
1096 1262
1229 1362
518 549
900 1027
486 608
853 1061
855 1021
775 945
940 1184
706 848
786 1032
1310 1352
1270 1292
462 486
834 1009
878 1110
968 1162
1364 1377
706 900
865 888
1276 1372
1333 1376
1368 1379
1079 1329
530 752
1005 1186
1300 1377
612 716
653 903
969 1123
1137 1176
651 792
993 1174
449 542
428 660
702 862
1307 1368
548 680
834 970
1241 1355
973 1038
464 542
980 1219
844 943
1370 1379
846 953
1015 1184
910 946
619 735
1029 1168
777 1033
1019 1215
950 1173
1088 1258
1050 1143
1198 1317
612 619
904 943
1003 1146
848 925
627 648
1147 1350
1105 1145
683 730
612 850
1124 1229
1208 1217
622 658
740 894
1257 1279
830 906
1259 1365
1332 1363
440 669
465 597
820 941
859 1032
1022 1230
484 617
1126 1344
743 865
1113 1367
701 794
951 1085
559 665
1206 1367
794 1015
1334 1376
828 981
852 958
1027 1243
971 988
715 913
948 1020
918 938
862 1001
693 909
772 832
1270 1364
1141 1333
450 597
583 686
1169 1345
960 1162
946 1035
1089 1142
692 885
535 584
1184 1244
513 563
620 848
809 1043
878 1087
1238 1375
1224 1316
769 917
1107 1141
512 762
1002 1115
755 990
1289 1369
574 624
1199 1354
1221 1232
431 518
893 939
1269 1358
598 730
1041 1247
1282 1380
609 737
1192 1273
490 627
491 546
988 1185
671 824
720 964
1299 1349
720 806
1071 1272
532 779
929 1090
737 854
1262 1281
1184 1275
727 758
636 836
697 832
1046 1216
680 793
472 565
1276 1367
999 1029
1113 1304
890 985
1183 1212
1050 1069
525 530
705 938
1329 1372
1011 1224
1008 1229
500 612
1266 1348
1321 1335
666 838
428 570
722 910
1287 1371
937 1161
853 1050
882 1007
595 796
1102 1362
986 1070
1087 1321
655 864
981 1142
785 860
923 1106
783 911
951 1067
961 1122
1191 1204
1284 1297
1163 1312
573 578
991 1218
1144 1171
980 1167
887 1139
985 1226
446 556
459 617
904 928
745 809
978 1156
884 915
1267 1296
785 946
805 988
483 725
1216 1329
724 746
1044 1189
1064 1211
1323 1339
594 683
1035 1293
662 693
1046 1260
495 658
1130 1198
468 606
506 570
741 753
436 554
1012 1136
862 1099
821 1009
638 684
915 1105
1182 1243
628 734
506 654
603 690
470 667
884 966
623 640
464 559
638 766
1246 1347
522 764
509 715
1115 1370
1276 1366
974 1140
1107 1152
1334 1368
616 819
654 701
1363 1375
981 1208
887 1111
797 845
1186 1313
1358 1376
810 859
479 703
781 820
613 624
912 925
861 902
617 825
1124 1201
526 649
520 663
1168 1242
877 912
489 740
940 1092
924 1027
1111 1191
682 719
1338 1345
422 506
906 946
869 900
591 743
478 692
585 755
1278 1309
762 818
583 779
1212 1259
1010 1081
1128 1247
839 850
876 1013
864 1114
1066 1299
746 801
944 972
471 657
871 883
948 1029
750 968
1167 1309
748 965
666 719
559 803
1315 1356
659 748
995 1072
1351 1362
1328 1380
727 806
760 875
1316 1345
1217 1376
1148 1325
565 752
656 767
725 791
544 571
862 1097
1229 1357
520 674
1235 1284
1199 1235
1023 1055
1100 1278
688 915
612 768
886 987
1092 1212
680 783
1310 1361
1076 1081
485 656
450 649
949 1199
974 1084
1210 1227
998 1078
1123 1167
1157 1315
707 925
1057 1135
556 609
659 786
1049 1140
1105 1188
593 820
594 700
1017 1139
807 925
1208 1295
1180 1185
641 677
1010 1179
440 628
1281 1297
1114 1139
703 881
1007 1205
1121 1209
1369 1376
1199 1266
557 579
792 909
898 1005
1186 1305
1168 1193
518 714
924 1015
1243 1254
838 962
1278 1379
533 546
857 1047
658 812
1219 1355
1168 1276
635 890
1056 1078
796 1004
554 740
448 453
1207 1334
525 634
988 1182
1297 1308
605 802
862 1079
952 1197
1166 1221
1123 1308
1144 1174
1118 1179
1315 1367
505 747
1254 1290
810 1009
681 823
622 800
592 820
1258 1279
1358 1366
1151 1264
838 931
1106 1251
1270 1320
1194 1366
1140 1190
640 840
1150 1278
785 934
887 927
911 1025
504 640
1326 1353
1044 1160
1223 1244
1324 1350
1229 1380
728 911
616 637
842 872
1072 1176
973 1027
915 1012
1276 1346
1317 1377
1081 1166
1050 1302
1309 1368
600 694
801 952
512 604
654 766
853 1023
1011 1084
1038 1113
854 1101
1033 1129
1301 1336
966 1036
1130 1254
843 910
1188 1239
782 940
1338 1370
1130 1380
540 740
1140 1321
559 774
930 1122
861 935
576 832
1260 1280
422 454
1226 1255
597 641
1178 1207
1354 1364
953 1068
1165 1175
718 910
613 680
805 816
1312 1323
1091 1166
989 1013
871 1013
752 935
1123 1375
1187 1352
1303 1321
770 1029
943 1177
953 1076
638 678
464 650
1136 1155
1274 1353
697 727
852 1068
578 820
505 675
1165 1325
1047 1278
1323 1348
1336 1370
948 1168
1255 1315
915 994
1214 1341
1158 1240
1082 1310
1175 1326
449 553
949 1090
899 1140
898 1081
434 634
1141 1163
1325 1371
1323 1329
917 1105
916 996
865 947
891 905
637 768
430 604
726 743
435 625
1176 1371
578 760
467 701
1100 1329
802 1054
1319 1376
852 947
1098 1259
1046 1059
1320 1339
425 574
1051 1271
775 853
1081 1207
551 600
499 754
520 744
1364 1376
1076 1257
575 682
1286 1310
1293 1372
471 666
1359 1374
1308 1333
648 816
994 1117
458 594
781 966
1191 1283
1227 1340
928 1163
764 947
633 688
538 695
823 883
694 778
1191 1344
578 815
556 710
462 538
630 693
1290 1295
872 965
874 1089
451 631
782 824
824 975
942 1145
1194 1203
929 1162
701 809
580 716
889 940
977 1099
1179 1199
798 1047
1114 1286
642 897
539 570
1271 1316
954 970
591 836
893 1068
1065 1145
689 838
654 666
455 707
423 664
811 840
500 664
835 951
1272 1326
759 805
1258 1331
511 549
732 879
758 891
792 1012
969 1062
819 1058
774 882
1232 1289
449 534
890 1099
906 1007
974 1132
457 610
710 794
1054 1221
481 639
954 1090
456 685
1307 1351
1279 1344
723 892
651 707
489 678
850 1005
1315 1324
750 852
433 545
1237 1297
1182 1336
875 894
949 1111
1243 1367
843 1087
1171 1281
1154 1363
437 677
1283 1344
1134 1339
453 648
480 669
1254 1309
1296 1368
1167 1336
1086 1297
933 952
1022 1252
720 739
1361 1379
951 1115
447 581
672 896
546 618
433 611
807 824
548 553
517 626
1190 1216
533 627
1152 1263
770 1028
1226 1356
1196 1244
916 999
673 910
1325 1349
1146 1164
657 779
806 867
816 902
592 817
494 615
1306 1376
650 776
648 849
760 978
1257 1308
594 641
528 698
1302 1336
1294 1311
1124 1154
901 1122
520 673
747 953
823 1055
686 799
509 634
946 1090
864 986
589 647
1324 1334
1135 1312
1048 1286
470 658
1008 1256
1072 1275
486 685
650 765
651 820
893 1068
990 1181
608 844
790 854
908 1109
1365 1380
585 798
1041 1280
723 828
1174 1277
752 1000
435 557
923 1183
1182 1327
534 736
755 798
847 966
1153 1346
1147 1248
526 786
1023 1064
1132 1187
697 860
1259 1378
713 859
737 780
683 845
1135 1248
848 1054
615 826
741 1001
1138 1244
897 1116
444 545
1311 1330
752 1011
1022 1214
446 452
879 887
1019 1175
1207 1238
778 925
818 1039
883 1051
766 979
638 758
851 997
1050 1090
1273 1326
461 704
1370 1378
921 1081
1248 1357
1245 1359
842 1002
1176 1339
594 807
1101 1304
761 865
929 1024
597 656
669 818
496 671
525 727
876 1118
1310 1379
1102 1214
1032 1099
1005 1038
497 728
1167 1322
871 936
974 1032
523 557
988 1008
1090 1289
1285 1300
523 710
1081 1224
1173 1273
791 835
1200 1269
648 814
781 957
1203 1343
502 745
1120 1267
1038 1049
1028 1274
838 1016
682 773
1116 1149
1268 1320
921 1166
1094 1243
885 1120
961 1118
664 867
940 1074
533 680
1075 1155
488 649
947 1126
784 1024
924 971
1294 1321
712 808
992 1037
625 791
516 627
468 712
1316 1372
637 870
737 919
1350 1355
523 676
671 931
918 1088
528 562
549 594
1172 1265
1182 1211
485 615
497 685
1035 1212
1208 1377
1343 1352
605 836
978 1100
1168 1325
1348 1357
618 789
1127 1202
1365 1374
625 839
893 1041
1290 1357
1139 1232
1304 1338
988 1073
500 691
878 961
447 686
457 596
577 680
1038 1065
988 1042
1026 1165
770 928
1308 1342
1283 1343
1118 1221
542 684
561 583
1172 1298
1149 1166
732 830
963 1094
921 1031
1125 1342
648 796
773 917
431 569
945 1172
1112 1206
830 971
848 986
1011 1060
1020 1212
681 718
622 718
504 620
1216 1247
1062 1167
635 856
705 792
958 1032
678 886
1186 1204
629 693
1116 1185
552 757
999 1120
801 882
1118 1236
1240 1357
816 934
512 633
1317 1340
946 973
1322 1360
604 855
780 835
446 606
572 653
762 994
1201 1324
601 792
1089 1187
1042 1206
1361 1372
671 707
806 959
833 1008
761 906
591 650
571 797
1056 1180
773 853
1178 1219
607 615
824 981
1011 1151
1221 1250
903 932
492 694
741 894
450 666
420 434
651 715
486 686
582 637
1346 1364
621 636
936 1098
1311 1327
475 721
770 986
983 1198
1301 1347
649 724
1146 1367
1261 1310
968 1085
1086 1206
701 915
853 888
480 694
887 943
565 605
563 620
1053 1065
1216 1345
753 963
758 798
1003 1029
823 872
1363 1372
680 842
651 727
779 941
1276 1356
891 908
499 575
1319 1354
1145 1269
553 727
1111 1130
1004 1114
558 626
601 709
829 963
1251 1335
1179 1350
602 745
1235 1248
782 1034
921 930
1264 1338
1360 1366
1016 1131
649 899
714 825
617 731
585 752
839 1003
1200 1320
1221 1380
447 556
982 1200
1283 1378
750 951
545 770
1328 1350
685 931
539 586
1180 1251
665 768
654 820
810 1016
849 1072
1033 1067
1160 1374
674 750
757 929
900 951
924 1171
1022 1085
895 1031
1006 1050
431 561
833 1046
1340 1362
1361 1373
1251 1361
667 695
971 1112
1231 1246
1331 1353
778 986
1253 1323
477 564
454 560
511 535
675 725
1291 1322
1224 1340
639 802
1055 1246
1072 1079
1235 1263
1330 1361
714 839
892 946
1081 1309
598 673
737 935
968 999
1184 1359
544 742
1166 1270
1355 1364
1120 1294
699 886
837 924
1095 1161
864 896
486 709
451 558
653 796
968 1020
711 737
873 924
1136 1213
1012 1096
580 829
1014 1188
690 946
899 929
906 1087
1113 1250
997 1178
1201 1335
529 611
875 1043
1185 1201
616 632
1244 1351
1318 1380
917 989
1310 1347
1047 1179
1119 1285
462 715
821 914
935 1102
897 1018
1194 1353
627 791
435 466
465 487
573 670
569 599
451 671
725 947
778 811
989 1116
739 781
1361 1368
1054 1064
707 761
909 1004
639 689
1123 1344
1142 1205
1039 1136
1295 1369
859 900
1247 1280
576 724
426 449
845 890
772 842
468 482
527 662
727 898
747 985
818 996
1007 1135
619 690
1002 1108
714 870
514 656
645 667
487 596
970 1042
1078 1219
475 663
1306 1319
518 664
1221 1299
1197 1335
809 907
844 976
1216 1321
1355 1371
1297 1357
918 1139
690 833
1250 1370
1246 1338
614 835
765 1013
1324 1342
1148 1237
954 1011
728 846
1150 1319
1210 1365
974 1099
928 997
545 668
433 483
1084 1302
715 802
864 936
738 910
1347 1378
773 791
1152 1360
1148 1192
602 650
919 982
1103 1226
1011 1112
1012 1240
943 1176
1279 1290
1014 1147
531 548
1085 1313
1002 1207
579 588
942 1039
509 663
1284 1346
553 693
1219 1305
1104 1258
992 1161
477 694
861 951
1222 1270
737 982
1168 1235
837 998
623 809
1229 1370
474 645
690 702
917 989
572 790
1048 1259
434 458
732 953
521 574
597 813
1104 1306
761 939
1136 1318
430 489
499 643
1363 1368
1022 1216
838 876
1361 1377
620 880
1216 1240
610 690
466 709
1154 1322
451 573
1240 1260
614 781
794 1049
738 788
809 980
480 703
1290 1332
1122 1278
1177 1195
1318 1347
844 867
491 638
794 859
1011 1195
471 711
839 1077
692 780
1035 1082
1357 1369
454 554
519 723
827 1058
1220 1225
1058 1269
843 1044
1347 1373
753 845
843 918
550 634
784 824
1335 1348
1198 1296
438 618
1143 1236
1217 1321
573 826
1086 1135
452 596
1102 1176
446 544
1138 1295
1090 1270
452 598
1246 1280
1047 1107
1319 1371
1027 1283
625 885
457 638
538 650
1326 1356
773 977
445 643
942 1119
1222 1287
1362 1373
1289 1324
1289 1310
1294 1363
950 1024
531 757
972 992
1015 1086
1064 1259
479 696
1232 1316
541 636
810 947
953 1048
897 973
986 1044
1096 1115
490 653
605 865
1243 1344
619 767
910 1092
1308 1347
1093 1197
625 677
1002 1072
770 937
1022 1231
826 924
955 1087
906 930
600 811
945 1073
737 861
664 907
466 602
888 1106
562 745
1361 1377
554 625
730 860
729 925
1312 1320
1213 1311
1314 1379
547 614
709 873
1151 1278
1345 1355
1071 1245
714 811
1096 1356
695 895
524 554
1223 1293
1141 1207
955 1078
1177 1305
1116 1221
901 984
1083 1301
934 983
481 573
641 877
570 819
565 694
968 1228
1040 1176
1341 1351
1301 1325
1041 1178
1042 1087
969 1111
1152 1255
1001 1127
1104 1269
1122 1262
872 1040
535 717
934 941
518 757
1145 1227
1113 1142
508 623
429 605
481 636
1065 1177
614 710
772 947
1369 1379
985 1129
953 1074
653 727
920 1157
802 963
1252 1269
1177 1376
502 614
979 1107
1110 1249
508 602
1337 1344
478 567
700 706
1363 1370
481 612
1306 1325
1027 1050
716 732
817 1064
738 746
981 1052
1361 1368
1335 1343
1080 1162
729 897
1070 1273
916 1015
936 1160
1327 1332
668 884
716 953
1163 1177
551 725
949 1005
946 987
971 983
1110 1314
753 933
988 1217
1140 1226
984 1036
608 851
1110 1361
950 1065
993 1164
1333 1351
999 1224
1363 1372
728 879
1359 1375
1053 1123
662 720
649 885
1165 1279
1135 1378
647 849
1099 1257
1141 1237
1368 1377
800 1042
519 775
608 789
973 1130
567 669
582 637
1196 1290
741 887
1258 1274
797 968
1368 1374
1241 1330
1154 1173
1206 1326
1122 1270
922 1169
1152 1318
922 1013
1199 1285
727 896
925 1080
1223 1298
722 943
1025 1276
797 833
764 926
1004 1183
513 634
517 700
795 967
1094 1114
992 1045
1247 1349
713 834
656 831
866 952
1131 1222
1268 1325
482 645
1054 1081
1009 1146
483 533
685 691
595 837
1334 1362
1031 1092
1307 1320
755 1015
985 1115
971 1225
1090 1158
888 941
728 930
754 922
816 990
877 1060
1271 1354
553 811
1317 1332
466 575
1182 1226
1188 1223
1241 1367
1233 1282
647 818
775 881
640 756
550 563
906 912
573 628
524 544
995 1106
940 1077
1109 1187
749 830
748 873
684 751
632 740
544 740
862 1114
789 1038
952 1192
907 1036
1155 1344
942 1027
967 1174
854 1022
1242 1364
1201 1308
700 907
988 1089
1369 1374
675 728
1234 1375
825 910
1076 1294
471 575
1131 1254
1166 1303
469 479
423 638
1291 1337
1086 1285
823 961
1005 1108
442 605
1130 1200
1347 1376
764 927
864 1090
855 994
1159 1298
1309 1336
721 873
1018 1066
673 824
679 756
953 1113
640 762
1347 1357
883 995
1049 1076
1350 1369
686 894
962 1050
1311 1331
431 649
1346 1351
1125 1369
1099 1192
788 917
1076 1103
1052 1250
1352 1372
1108 1308
766 927
544 643
546 678
461 694
771 832
581 699
669 894
421 517
946 993
1288 1341
612 683
709 927
934 1010
1106 1116
1075 1295
984 1098
1307 1320
472 569
579 775
1248 1319
799 1058
965 1100
846 886
598 838
1245 1327
1298 1329
809 1006
453 649
640 774
651 676
449 607
594 600
871 942
1121 1359
903 1047
591 792
981 1117
653 856
459 672
447 676
873 972
497 621
863 919
813 1071
456 618
755 938
854 932
1315 1337
1017 1274
587 705
748 992
647 798
1116 1157
1273 1371
546 795
1022 1130
991 1061
627 633
898 1112
646 867
681 767
1272 1332
1306 1355
1119 1368
726 875
664 828
1301 1328
773 869
1113 1304
1205 1210
485 674
1256 1340
770 1018
545 754
951 1053
458 588
1322 1360
870 909
562 650
1180 1204
449 473
939 1153
774 1018
1009 1223
1293 1298
1197 1371
791 1049
1248 1270
935 1113
1083 1127
738 845
1019 1083
450 514
691 950
1339 1362
678 913
977 1057
575 721
642 754
728 851
1168 1363
480 718
1244 1318
647 817
730 850
1327 1332
791 899
1233 1335
1052 1173
1060 1137
1221 1226
671 907
1308 1344
1139 1285
611 710
1020 1047
507 721
427 603
718 857
670 902
843 979
779 861
1298 1321
934 946
881 914
807 882
666 893
1232 1364
636 849
873 1026
1249 1356
560 641
626 746
769 941
615 792
595 601
804 843
1365 1376
936 1159
1203 1215
961 1060
1363 1378
505 736
746 812
1206 1298
439 578
1085 1186
459 667
1180 1310
497 572
595 643
1063 1089
1337 1354
475 648
844 877
1143 1234
730 960
828 939
1026 1090
1218 1323
1155 1341
1102 1342
898 1139
781 905
1336 1366
690 878
1194 1286
750 896
514 662
745 943
599 798
859 934
501 740
1311 1348
1153 1207
727 857
1362 1369
1157 1255
572 577
1361 1375
1194 1209
1311 1320
600 619
745 882
453 666
965 1179
607 744
1298 1309
424 617
516 597
807 946
842 1084
1005 1214
447 480
573 608
861 1022
988 995
1013 1259
947 969
757 851
553 812
724 846
1105 1301
496 672
850 1013
523 717
1198 1264
971 1108
628 725
1348 1354
1224 1317
687 885
752 806
1345 1367
560 714
1063 1309
685 940
898 1000
1256 1299
1317 1348
939 1093
1239 1337
1306 1375
1242 1358
1051 1133
1288 1332
595 642
862 937
606 686
1089 1296
789 945
663 671
897 912
532 634
1000 1017
902 1110
782 916
1015 1080
1224 1281
1087 1276
456 703
1029 1190
934 1052
1129 1344
848 1089
1184 1372
1296 1338
1063 1285
1326 1367
842 1051
475 564
791 1019
785 1031
594 704
776 858
648 812
671 915
594 695
995 1091
443 671
1141 1331
719 860
693 886
624 762
881 894
478 564
946 1095
1078 1213
889 921
657 820
841 953
869 1114
421 433
872 983
883 904
953 1173
827 882
1113 1265
477 595
577 680
645 709
789 930
857 1000
496 512
1280 1333
603 856
905 1075
634 859
519 646
774 1013
868 999
982 1150
897 958
1321 1332
1147 1260
862 1035
508 729
691 848
1021 1028
720 961
1208 1325
905 1098
1347 1373
880 978
967 1174
910 1064
1043 1071
1347 1373
725 782
438 574
779 935
1327 1367
850 972
938 972
596 853
628 717
617 623
578 772
614 654
878 965
779 984
756 908
687 882
453 644
587 638
715 803
915 1065
955 961
857 1009
1022 1267
643 702
803 848
727 807
536 752
1321 1326
1137 1305
1320 1380
558 578
971 1071
1036 1248
587 716
809 1045
520 729
960 1035
620 631
522 604
691 758
438 614
1315 1364
1176 1333
1045 1090
676 758
565 673
732 895
1052 1164
690 897
966 1109
638 806
1052 1309
975 1167
1367 1374
1044 1215
550 617
509 737
1215 1376
562 794
1331 1356
745 980
459 536
1104 1235
1060 1133
1222 1236
610 752
799 893
445 697
819 972
1058 1097
1046 1244
656 866
1322 1354
905 1026
680 771
565 646
922 1168
984 1069
863 948
1004 1011
1136 1330
493 752
1192 1344
682 752
652 720
1081 1127
1065 1288
850 938
774 899
1128 1356
1057 1091
644 902
619 750
434 455
1093 1260
1299 1332
633 841
1099 1354
449 509
1211 1380
768 924
772 992
752 863
814 1073
794 979
527 758
1342 1366
986 1066
644 819
929 965
1093 1133
1034 1282
534 651
599 721
861 1114
678 811
546 583
1175 1198
1293 1357
688 694
1220 1378
832 912
616 698
945 1189
1271 1295
969 1183
1196 1305
924 1142
1048 1099
1002 1176
773 872
455 591
815 879
551 642
569 656
903 952
1171 1234
1112 1306
871 1006
1192 1219
969 1160
496 707
1347 1352
999 1240
892 1087
1290 1310
1264 1287
758 904
552 570
753 838
684 703
434 534
802 845
454 467
542 584
887 1053
925 1175
1012 1052
469 632
1199 1346
643 855
634 709
599 695
1323 1371
1198 1284
1019 1068
1124 1326
841 878
863 917
473 503
614 799
1313 1370
747 883
1069 1168
1191 1362
993 1111
713 764
1046 1105
1052 1213
705 743
431 555
764 811
718 832
884 1092
842 1075
920 1026
503 607
848 1041
1012 1215
454 688
815 839
497 686
505 604
811 913
1199 1282
662 895
694 801
1265 1336
682 705
875 895
1237 1284
1148 1315
1345 1364
1354 1379
1272 1329
1142 1320
517 758
895 960
1051 1115
441 456
1068 1180
1360 1369
1118 1251
1264 1366
1197 1230
749 815
709 808
1034 1060
822 875
1164 1220
886 1097
787 941
871 920
498 642
656 680
1237 1360
549 792
1176 1217
457 469
1192 1380
1246 1281
1020 1192
1193 1298
674 930
1270 1311
630 823
930 962
1178 1195
507 596
619 830
1259 1350
1240 1364
851 1097
599 620
703 887
876 997
736 977
618 760
1157 1239
875 1042
739 883
494 733
677 756
1132 1306
1194 1224
1262 1337
436 658
1108 1334
1291 1317
883 1087
1072 1258
1029 1170
554 777
694 872
1180 1228
736 813
472 543
1012 1189
1326 1349
904 1016
449 664
1042 1103
1346 1354
1285 1311
990 1172
879 974
853 1104
1349 1380
931 1049
1281 1312
1370 1378
481 720
677 775
1088 1347
431 504
1026 1271
1232 1271
973 1227
429 552
935 1016
1169 1320
1239 1367
500 653
868 1053
1237 1344
668 680
530 670
1237 1243
869 1034
451 469
1329 1355
431 564
1297 1309
837 995
1370 1380
772 865
1288 1341
607 643
790 854
1028 1101
1363 1375
1192 1280
1284 1379
432 605
1314 1357
980 1162
983 1189
1184 1275
942 960
928 1165
723 973
944 1114
664 811
762 905
768 845
1326 1371
807 820
423 648
1195 1285
894 1052
1369 1376
544 684
727 775
1178 1345
978 1219
1242 1254
435 494
931 1087
967 1191
1208 1290
1169 1365
670 683
799 811
504 624
565 595
1315 1321
968 1121
653 864
486 522
496 702
916 1132
935 1016
1167 1308
509 629
1363 1374
1361 1373
1326 1380
1326 1338
691 816
638 805
447 533
521 645
744 951
1219 1262
1327 1362
556 618
1190 1220
668 700
1184 1361
1194 1344
781 988
775 1015
1238 1254
533 539
479 498
1055 1243
826 1022
1090 1178
678 822
463 621
1236 1294
911 1168
1169 1197
692 950
869 1045
627 876
568 738
1340 1347
1112 1306
707 813
1054 1221
1162 1224
1136 1203
955 1110
622 652
456 668
621 633
984 1102
1095 1234
656 831
1123 1264
1328 1361
778 936
535 750
1016 1093
505 522
460 543
672 738
1019 1027
1202 1215
1145 1155
733 903
938 1186
927 942
557 712
1297 1342
598 610
453 680
1256 1340
967 1135
821 841
953 1159
617 815
903 998
425 493
903 1139
736 892
1000 1251
1297 1347
1291 1356
909 933
1047 1063
1284 1346
915 1170
430 549
562 574
743 999
625 836
1003 1056
644 823
475 594
1139 1379
844 1084
1309 1345
781 930
1251 1320
1114 1329
1271 1353
503 700
1010 1215
882 908
761 1017
1113 1356
964 1056
1359 1375
1155 1182
1209 1235
1299 1353
1237 1379
546 593
654 748
513 534
1296 1307
1206 1340
1267 1348
1115 1124
830 1088
1225 1344
1291 1347
1052 1219
568 598
1217 1224
1119 1335
619 760
731 961
682 838
1065 1211
724 902
1125 1256
1174 1313
591 671
663 919
1309 1347
1217 1314
644 725
676 766
698 773
477 577
845 982
1032 1238
886 1042
743 930
483 678
1166 1174
714 952
773 843
1160 1331
748 977
560 666
1181 1265
1008 1057
420 507
1147 1238
526 564
1206 1220
608 688
1091 1141
583 657
571 763
885 960
1015 1030
781 900
621 629
665 923
538 794
958 993
1279 1298
729 945
1327 1351
1053 1212
909 1006
1083 1188
1140 1265
1001 1046
1295 1368
1368 1378
511 567
632 821
929 968
1110 1321
962 1030
664 892
1283 1317
432 451
590 721
1322 1327
723 832
819 999
789 915
681 890
1053 1280
1149 1261
938 979
710 737
958 1063
1065 1224
479 657
544 594
1232 1310
1154 1253
1331 1364
894 1079
833 910
790 821
994 1150
433 628
615 718
788 874
937 1031
633 762
1157 1254
1191 1215
1363 1374
420 539
1327 1340
1170 1231
1303 1363
1137 1153
423 503
1004 1123
1334 1357
1078 1184
438 646
1140 1301
1308 1365
590 674
783 861
739 956
469 530
1241 1308
665 713
500 741
932 1066
1155 1178
496 543
1192 1268
1117 1282
941 968
1034 1127
681 935
656 737
1254 1311
1139 1287
1013 1098
963 1122
534 730
745 921
463 698
1011 1211
463 715
493 551
1128 1143
833 1050
1329 1377
1248 1332
1152 1229
1093 1266
616 843
1049 1277
1040 1261
1227 1332
1177 1342
1131 1279
750 882
1286 1314
656 825
529 627
588 797
420 505
691 892
1159 1240
436 516
1100 1330
640 742
754 803
656 788
990 1008
633 690
1046 1132
842 1027
1330 1341
785 1025
634 819
517 552
1318 1336
1111 1368
1331 1347
793 941
1275 1355
650 740
909 985
573 813
1253 1302
420 450
942 1140
1339 1368
934 1086
996 1031
1249 1360
988 1180
653 689
515 642
696 897
691 882
1017 1153
1060 1315
915 926
1098 1149
585 801
1221 1321
466 550
491 686
573 623
424 641
1225 1347
537 734
1242 1343
517 742
1209 1244
521 679
1257 1335
766 1023
1046 1137
649 750
1073 1188
1010 1089
1160 1192
1168 1377
944 1004
910 1064
1070 1330
432 595
619 796
1129 1270
818 995
617 628
1329 1340
503 624
422 487
669 917
867 1001
1028 1181
1109 1146
1280 1337
615 711
835 1014
551 684
1349 1380
550 769
1273 1321
953 1022
913 999
646 817
809 948
511 759
1209 1294
1225 1372
1002 1030
1098 1162
754 805
950 1191
916 1064
964 1051
485 574
1108 1342
1121 1217
1226 1299
1122 1352
874 908
430 613
715 950
527 677
943 1066
800 862
768 1007
707 956
1249 1317
1369 1374
465 653
924 1063
747 796
1088 1154
762 987
520 747
1247 1352
776 977
672 899
840 928
725 896
702 867
564 725
1212 1336
1249 1331
702 877
927 1097
630 706
769 967
1040 1222
817 959
490 546
920 947
1196 1220
1011 1047
1120 1250
1154 1238
1062 1083
1241 1279
736 973
1220 1297
909 1123
1283 1338
942 1053
1022 1102
960 1072
1199 1366
1292 1363
1195 1276
1308 1357
582 601
500 505
1265 1276
1343 1366
1066 1306
656 696
435 530
464 637
904 1070
832 1005
562 668
1283 1369
1248 1255
816 1017
482 732
713 864
920 1180
473 711
830 873
970 976
991 1010
1329 1349
761 793
1148 1226
1219 1294
834 907
950 1140
567 678
1358 1373
1283 1349
1020 1031
1311 1355
883 1013
445 564
1052 1073
859 899
897 1062
618 782
505 675
1219 1228
1321 1344
1159 1179
1148 1250
656 722
607 756
927 975
952 1123
540 588
1348 1357
530 689
1040 1234
1070 1160
569 579
1183 1379
1364 1378
682 929
457 529
745 964
1228 1285
1335 1340
1255 1366
948 1031
896 946
1100 1249
1132 1140
510 660
1084 1218
1205 1264
1006 1095
643 843
756 977
853 915
753 833
885 935
887 903
517 533
637 807
847 955
462 604
1268 1324
645 815
441 593
752 953
664 854
1172 1347
1185 1379
1214 1294
495 678
1359 1380
1292 1332
1250 1325
479 657
544 631
572 750
836 952
1039 1215
1206 1230
997 1101
1274 1327
1029 1229
1127 1141
746 906
949 1029
910 1099
745 958
929 1120
760 1015
1204 1305
430 510
503 640
770 929
806 923
581 665
861 1070
1356 1373
741 995
977 1027
1106 1265
968 1130
478 563
570 800
1277 1369
1095 1311
858 1006
1229 1360
481 576
653 713
693 702
1237 1339
745 865
1062 1116
821 1005
841 933
1369 1375
1026 1148
1021 1057
1113 1308
967 1213
979 1232
679 923
1248 1300
1259 1265
467 554
1080 1203
1092 1293
1338 1348
834 1010
483 618
738 888
482 487
504 764
1065 1190
975 1160
833 906
934 1158
876 1035
1065 1307
673 902
1207 1350
624 816
952 1042
1037 1231
791 851
783 793
1368 1377
735 943
554 753
459 636
1042 1239
1288 1356
1114 1159
1088 1333
1298 1379
1246 1274
908 983
608 619
1144 1369
688 773
796 801
1099 1107
851 1065
479 577
1351 1362
1178 1353
1011 1058
466 483
1278 1324
1270 1285
1032 1205
1071 1301
977 1027
1179 1334
854 1051
706 935
733 844
1155 1187
1070 1322
545 608
957 1006
803 913
1190 1328
1201 1362
1292 1380
1078 1097
904 1085
625 705
900 1037
813 859
837 881
589 719
989 1181
837 960
798 812
1216 1365
436 591
1340 1369
861 1118
458 487
1304 1372
532 753
1234 1304
477 511
629 759
690 944
664 864
639 660
724 775
526 559
615 741
900 1127
1234 1357
1228 1293
565 589
921 986
537 554
1281 1372
721 771
468 663
894 1078
839 988
998 1163
1131 1369
937 956
1014 1223
773 943
839 921
1037 1062
597 629
547 556
1338 1356
1123 1171
1343 1373
1236 1323
916 1078
718 737
749 757
697 752
667 799
799 1041
1343 1361
849 1100
1304 1379
877 919
1298 1377
1301 1361
855 881
851 901
636 739
920 1013
746 839
523 741
961 1095
967 1204
1167 1309
525 671
910 1035
672 797
803 1033
1218 1362
1276 1347
493 716
1280 1357
1088 1108
856 1020
1202 1325
1247 1362
1006 1198
618 815
539 609
806 967
1088 1164
950 1030
636 664
857 1009
1059 1223
746 765
1109 1352
740 762
1138 1372
822 978
771 1012
1206 1321
1253 1379
537 567
462 698
1199 1252
843 962
936 1151
641 772
1228 1291
1225 1319
1101 1330
1361 1368
527 620
790 950
1184 1318
580 619
1200 1241
801 870
741 913
675 729
829 836
478 508
590 609
783 1029
1096 1141
1103 1264
1369 1377
778 840
1129 1324
925 1041
472 532
440 634
637 813
1146 1180
1110 1260
1090 1160
680 810
829 986
996 1104
1331 1347
658 729
1042 1132
965 1056
1083 1340
886 949
810 1018
1075 1280
759 808
453 531
1030 1091
735 944
841 875
1109 1285
998 1174
857 1072
423 528
811 934
892 1068
1144 1270
1140 1296
638 667
843 1030
564 570
656 882
578 794
680 845
850 921
662 736
1004 1214
524 609
807 1059
554 781
1014 1127
1082 1135
964 1198
950 1059
948 1139
763 1019
1179 1338
677 907
1088 1312
1248 1282
587 662
725 840
710 874
1261 1279
1326 1356
1219 1366
689 854
496 734
1216 1259
472 686
621 687
1119 1364
981 1032
1276 1319
954 979
689 875
1008 1013
957 1103
1259 1273
1317 1380
718 808
1359 1373
995 1025
1248 1293
686 819
788 964
860 872
867 1112
878 1014
1228 1333
920 1030
1116 1164
1240 1327
1074 1235
463 696
1173 1295
498 669
1246 1311
1245 1370
830 907
914 1013
721 767
483 666
952 1000
1318 1369
633 799
502 668
1133 1320
610 765
807 951
750 967
626 754
714 968
1284 1326
872 989
922 1068
1309 1335
1284 1329
726 882
458 497
479 521
1310 1344
754 970
838 930
918 971
572 774
873 1025
1317 1363
1216 1286
1059 1176
940 1072
1312 1370
536 747
918 1104
773 970
1141 1182
905 1150
465 511
1286 1318
872 999
1256 1321
966 1083
580 738
1007 1040
770 803
823 985
855 1103
981 1127
971 999
1045 1294
1028 1097
737 785
802 870
515 612
495 627
811 969
1241 1292
1309 1376
528 573
1048 1156
514 685
1262 1293
654 752
777 870
495 703
640 734
527 556
445 602
688 702
456 575
519 759
1243 1353
758 803
493 742
1072 1211
702 850
423 539
1043 1119
1233 1346
800 951
710 818
1001 1041
1003 1193
993 1021
640 756
708 806
463 641
889 1106
1289 1336
861 1005
819 1073
551 638
609 652
713 965
931 1158
468 634
910 939
598 608
834 903
642 891
1186 1221
938 961
467 716
618 625
656 896
482 699
731 759
548 697
841 850
1191 1354
1150 1320
774 921
1254 1370
851 974
1142 1322
543 736
1070 1269
1335 1340
485 593
771 857
1098 1235
801 834
1259 1296
734 982
941 1098
791 800
690 794
1025 1181
1178 1320
1316 1353
502 604
1136 1287
630 646
532 700
774 938
496 682
1164 1293
556 588
691 739
872 1052
838 1078
1247 1298
1026 1252
783 851
590 808
979 1071
869 891
684 896
661 832
667 750
1018 1188
1228 1348
1135 1245
692 764
489 551
801 836
512 531
1279 1371
619 851
719 902
650 845
590 810
472 659
539 751
572 697
1299 1339
784 821
454 670
1245 1314
1323 1342
807 923
576 798
1104 1235
982 1126
741 956
714 768
936 975
1078 1207
863 955
848 943
856 987
678 857
747 999
932 1123
1024 1047
483 703
797 853
770 775
1123 1313
856 896
478 730
476 550
420 626
712 726
1268 1376
721 907
657 821
900 1015
1099 1294
832 856
995 1227
1086 1314
1278 1287
668 802
1084 1109
756 820
1270 1344
1358 1365
734 781
781 915
1257 1308
1278 1340
1301 1333
557 676
480 725
1045 1293
603 776
1098 1145
832 963
935 1073
1274 1355
841 903
596 659
691 776
1347 1373
967 1185
1166 1315
729 797
496 534
959 1087
1187 1227
527 554
1313 1364
1286 1375
1316 1337
1355 1375
1347 1373
1206 1215
712 970
1326 1366
1081 1330
600 627
790 958
757 916
716 929
566 792
1067 1165
1100 1284
518 655
467 650
887 1092
573 683
967 1040
1026 1144
810 840
544 608
489 501
634 668
1363 1378
1157 1263
839 911
588 651
1295 1348
1040 1179
984 1034
498 658
765 835
1195 1270
1159 1353
804 1029
1001 1242
756 935
756 911
430 435
1326 1332
598 623
898 976
969 1038
570 733
1177 1374
883 1139
1057 1075
983 1110
836 885
887 1114
1055 1203
1304 1356
1084 1155
1367 1376
680 915
1190 1232
839 986
797 1047
532 740
741 754
1279 1371
1254 1326
1191 1290
1083 1317
1072 1299
956 1101
689 841
1154 1198
937 986
633 824
498 633
1149 1269
929 1076
903 1045
437 617
444 496
1139 1327
1165 1249
545 679
1272 1300
929 1119
1160 1359
441 659
846 928
756 762
1116 1210
1344 1352
904 1154
1040 1084
602 667
1093 1165
987 992
561 663
425 580
1313 1329
780 1011
1011 1181
569 770
1100 1136
1207 1332
930 1132
706 786
438 653
597 623
1028 1217
1081 1140
478 728
1015 1219
993 1251
1066 1275
638 704
901 1096
906 999
1164 1252
968 1114
1013 1124
907 1149
692 792
533 592
871 1015
1183 1290
765 792
1129 1306
454 632
1047 1269
558 566
1054 1267
561 678
558 771
742 802
1057 1220
1210 1364
1230 1262
517 677
779 1003
1122 1140
1233 1246
1352 1364
526 730
994 1250
1273 1279
446 599
975 1019
683 922
1073 1177
964 1100
970 1075
704 863
785 947
446 602
873 1104
1128 1262
1231 1266
1254 1342
654 725
844 869
473 723
438 445
855 877
799 1043
653 816
1169 1179
567 793
1265 1289
732 932
560 771
718 854
843 1015
1298 1315
996 1204
426 482
946 981
735 981
1200 1369
969 1055
427 626
1316 1345
1331 1343
884 1063
1349 1358
1096 1350
503 571
1080 1128
1131 1275
1164 1264
1114 1212
772 995
610 767
1059 1295
688 756
1308 1347
1015 1152
427 634
938 1063
920 1180
1294 1332
1141 1243
1283 1361
1228 1321
798 825
1366 1374
684 838
1062 1106
1258 1300
566 618
1090 1190
997 1074
936 1102
901 978
1086 1210
1268 1279
837 972
588 636
1320 1376
491 724
621 646
1083 1119
1107 1300
420 679
1058 1080
603 708
1044 1219
488 731
1354 1377
667 730
1234 1242
701 739
1247 1307
1282 1335
673 911
433 568
744 873
968 1037
524 550
1334 1343
815 979
678 868
892 1152
509 647
995 1089
603 745
423 544
454 682
517 622
573 796
1190 1379
819 967
1071 1119
776 851
651 686
734 812
1177 1320
1059 1310
580 762
736 904
485 617
1116 1359
759 782
670 791
421 544
568 689
1053 1205
1011 1090
1008 1119
831 1013
679 913
886 1021
752 1009
953 1190
1265 1352
769 846
951 1206
785 1001
647 717
936 1115
945 1202
643 726
475 570
721 979
1064 1192
1144 1245
564 682
489 539
1314 1340
1328 1353
448 683
797 965
1197 1298
1076 1239
1206 1256
893 954
1143 1334
957 1124
1367 1373
1078 1154
781 963
1114 1361
1039 1115
824 894
919 1149
1212 1270
1180 1296
696 811
1174 1231
758 960
496 554
434 631
667 773
714 912
601 789
1240 1345
837 918
599 719
774 955
1354 1376
1241 1344
611 642
1312 1334
578 649
549 623
587 648
1250 1312
890 1131
749 930
1223 1251
1294 1344
1282 1303
580 666
1260 1301
1078 1333
1221 1242
634 701
1238 1362
618 836
1076 1253
1233 1333
932 1116
1275 1313
1061 1243
709 879
1321 1368
1253 1356
794 920
944 1173
1195 1289
499 544
1110 1165
1168 1174
569 764
423 444
703 952
685 750
524 660
853 1107
1205 1327
1302 1339
450 514
1353 1375
1012 1231
1281 1361
1352 1364
797 869
818 897
647 717
1023 1103
1053 1168
439 634
1345 1374
1087 1237
527 565
422 600
490 658
1199 1229
696 932
1057 1124
470 615
936 1133
829 844
588 693
770 819
622 804
713 752
689 827
1321 1333
705 780
718 855
740 751
1283 1298
1159 1257
824 881
1127 1346
1019 1123
703 949
968 1028
938 1111
647 679
475 722
1178 1331
1215 1306
921 992
477 693
621 841
1239 1309
1294 1371
830 856
769 1013
1055 1277
528 573
832 996
821 879
1254 1301
1097 1237
963 1188
1211 1344
479 490
505 635
613 802
1131 1144
1155 1344
799 843
1322 1356
877 996
772 976
781 822
585 829
1010 1164
896 939
1229 1347
869 945
598 795
868 996
984 1195
946 1173
525 593
1090 1297
597 672
934 1026
867 1120
1100 1276
597 686
753 870
1169 1204
1322 1344
801 1042
590 808
636 762
1034 1248
596 844
481 700
456 689
1134 1323
1365 1375
1153 1206
638 841
1238 1275
554 779
857 1028
1009 1091
762 797
507 760
895 1072
637 736
1283 1352
436 552
826 832
1242 1347
803 978
1022 1036
1247 1341
1281 1303
519 560
876 1074
923 1009
1346 1355
1349 1359
678 714
788 1013
1014 1215
603 789
565 714
589 684
1042 1199
1297 1362
956 987
700 949
958 1093
730 783
902 979
1198 1241
486 554
713 836
1132 1177
1067 1233
1090 1328
921 1125
1322 1344
1191 1285
508 717
1278 1322
1064 1298
1191 1323
904 1085
703 932
716 745
976 1232
1367 1374
1090 1199
857 887
959 1217
536 675
897 1155
928 1044
900 1092
1005 1042
714 924
763 998
588 813
1039 1120
820 1030
1083 1193
1283 1359
655 849
1264 1370
524 717
500 649
1036 1214
935 1029
733 878
1059 1183
644 743
435 616
913 1111
674 688
1145 1372
1096 1274
812 1019
425 607
1319 1371
1348 1360
1005 1211
1184 1230
1144 1241
917 1049
1169 1320
1243 1331
558 577
531 749
778 855
1044 1173
1116 1329
1303 1338
564 658
1321 1338
780 1029
1135 1344
579 809
1198 1210
947 1087
716 786
534 713
1245 1315
916 939
670 864
490 620
764 983
638 683
572 656
794 870
451 580
1343 1357
949 1197
1231 1290
438 632
443 605
1189 1339
438 510
834 934
995 1127
762 871
1103 1166
521 631
734 806
641 662
1336 1376
1273 1322
1326 1378
1279 1324
1350 1357
820 1072
1022 1267
548 618
668 825
551 578
621 798
510 595
1336 1347
668 864
820 1049
1309 1340
603 838
779 992
689 925
1204 1378
1359 1379
475 493
829 838
484 676
830 846
729 920
921 1024
890 1047
530 740
695 810
1007 1208
1358 1364
565 630
571 622
435 614
637 732
584 758
971 1127
605 787
1085 1106
1253 1279
1351 1377
714 878
559 665
1057 1240
973 1044
846 1034
1028 1180
511 546
1238 1274
726 945
491 603
863 926
525 647
959 1076
675 819
1214 1259
1286 1314
485 698
1363 1368
1069 1121
1211 1304
481 719
1146 1376
849 884
521 699
594 702
566 585
993 1248
627 883
601 814
641 660
623 736
460 599
776 896
660 731
792 804
425 450
789 900
1199 1275
426 575
1323 1369
615 839
561 741
975 1178
745 959
756 962
533 755
653 862
762 955
1020 1109
1024 1118
1367 1378
1184 1377
973 1046
1211 1327
492 512
1315 1327
436 468
801 936
846 1048
721 933
815 970
689 818
774 933
450 600
909 1085
1047 1092
1201 1295
1177 1194
500 597
488 710
431 491
767 935
1355 1367
1144 1346
512 561
874 1064
634 875
862 1021
1310 1380
1338 1367
1297 1344
509 673
577 752
537 661
902 964
940 1136
1009 1226
456 673
1078 1133
458 488
694 940
733 946
1259 1275
616 689
580 626
977 1128
484 599
592 718
549 673
1352 1380
1049 1169
901 1082
924 975
1084 1248
883 947
1126 1181
962 1077
923 972
1340 1368
441 629
579 742
1282 1345
503 746
570 647
837 895
1296 1321
1177 1373
1027 1242
594 678
1238 1278
766 843
855 909
1340 1357
1068 1141
1368 1373
578 625
569 581
902 1080
1205 1374
915 1091
834 872
1061 1256
783 948
540 753
998 1239
1365 1376
868 1114
1232 1254
1139 1156
705 820
1003 1131
470 691
526 535
792 807
1276 1305
1277 1346
1293 1380
1195 1225
597 665
1238 1304
657 794
626 631
1194 1345
686 910
1292 1299
1009 1257
774 866
649 662
785 912
816 899
993 1081
1303 1353
1301 1337
1263 1368
1001 1102
1244 1256
668 909
425 554
788 815
666 759
791 863
1316 1365
580 838
975 1198
1262 1373
710 855
1241 1346
1325 1334
1319 1354
966 1135
990 1183
472 608
1111 1346
1359 1365
987 1173
1050 1192
1282 1310
1281 1320
723 916
696 946
1109 1151
704 712
931 1100
1317 1361
603 823
708 821
850 971
1280 1332
920 940
1178 1317
1115 1316
984 1202
1049 1242
854 961
798 980
590 785
618 812
983 1201
923 1107
718 768
683 804
1310 1336
1022 1172
1334 1352
667 709
626 643
1317 1336
890 1019
864 902
768 975
1148 1190
779 872
1183 1378
1264 1339
685 842
1003 1018
1294 1326
474 537
465 678
958 1195
806 987
991 1205
1243 1296
855 1097
1320 1347
954 1161
637 794
624 820
428 471
993 1076
822 1077
1149 1187
535 671
813 917
451 478
958 1184
718 769
628 867
1143 1155
489 576
1348 1369
1071 1164
760 882
629 641
1288 1314
459 693
958 1194
457 524
883 1111
637 796
597 693
420 466
1164 1208
523 555
930 1162
586 816
496 693
979 1220
964 1207
567 773
999 1204
1177 1300
1305 1380
446 470
680 916
749 790
836 999
713 728
827 969
741 968
494 648
1219 1231
681 903
793 955
673 920
789 861
906 962
754 793
530 664
536 713
1148 1214
1272 1288
800 970
545 658
1076 1334
555 673
1239 1246
1208 1326
845 966
750 951
577 583
1202 1220
1008 1210
980 1014
1253 1283
1317 1343
1097 1171
631 826
1078 1243
822 1046
643 850
909 1063
450 632
755 985
1141 1274
696 907
481 530
543 619
1348 1361
789 922
1220 1364
810 884
673 854
1228 1253
978 1218
887 1147
1264 1301
518 525
810 881
732 962
928 1115
658 835
563 638
866 978
1078 1103
466 503
1103 1337
686 895
922 1119
665 878
1083 1187
1186 1271
1341 1378
1111 1321
964 1059
1336 1369
1192 1337
998 1164
471 662
972 1065
575 670
782 935
1071 1246
703 771
1027 1259
977 1203
720 814
484 659
1328 1358
1024 1143
1124 1198
1187 1295
692 945
444 612
642 812
1168 1341
435 622
1337 1364
462 663
854 866
562 779
919 1143
533 730
502 672
953 1177
648 738
1266 1359
806 941
672 909
469 668
828 1058
1142 1330
1345 1354
982 1161
1350 1366
650 892
1137 1250
1117 1148
757 905
817 842
1262 1320
562 812
1096 1155
1161 1366
536 787
483 693
924 970
1183 1198
1356 1364
760 861
1152 1228
1156 1375
427 533
1362 1374
587 773
1217 1267
540 667
946 978
1114 1154
717 950
912 1099
1015 1144
452 689
959 1060
854 1035
839 1016
1094 1311
657 791
1291 1297
1008 1222
849 867
1033 1128
1237 1341
1369 1376
1054 1218
557 577
447 495
1077 1199
739 868
1269 1305
874 1065
711 966
1332 1343
1314 1335
749 769
593 617
1037 1123
993 1203
1254 1344
1163 1276
1201 1262
796 965
990 1042
1004 1160
515 713
588 730
1199 1335
665 686
1138 1150
1051 1267
633 652
909 1157
780 1013
1176 1287
801 896
599 824
965 979
1108 1134
940 1017
1057 1120
1295 1363
426 489
582 837
1206 1213
750 959
615 734
796 860
776 921
1060 1200
782 878
856 927
925 1069
637 860
680 706
748 866
673 728
517 716
1162 1257
775 792
1080 1149
472 576
655 892
921 1090
744 887
595 604
1291 1299
820 855
644 796
1327 1368
599 786
531 677
724 955
1328 1345
798 980
844 948
1223 1322
1331 1370
715 965
815 903
685 934
659 909
899 959
499 537
455 490
985 1016
465 609
1214 1343
1270 1309
1002 1160
782 847
547 784
940 973
563 667
502 707
929 950
553 762
576 661
785 980
516 675
602 679
1166 1291
747 954
812 958
905 1165
778 931
592 671
1133 1168
570 671
1079 1084
550 653
1268 1300
1075 1245
485 491
1080 1332
1206 1255
1226 1352
811 877
915 994
1314 1376
472 613
421 636
1265 1281
856 885
957 1112
1205 1227
445 498
723 835
926 1086
532 601
927 1062
682 858
1079 1333
967 1024
1307 1314
1333 1345
802 928
1209 1323
1140 1157
683 741
906 993
1365 1380
637 719
1257 1308
1148 1290
805 918
1264 1279
645 855
607 846
523 611
1130 1245
1075 1311
1056 1106
583 838
585 799
946 1066
877 1020
985 1157
1151 1202
1309 1332
992 1218
945 1068
590 722
426 520
656 829
1222 1348
526 623
758 945
426 661
993 1197
511 521
458 567
1142 1160
858 967
1289 1342
598 842
1061 1242
693 828
938 1118
1262 1306
1179 1191
1132 1275
1064 1137
481 534
972 1030
1268 1298
972 1142
838 962
610 743
1073 1290
466 666
700 784
1368 1375
517 615
1370 1379
622 685
1241 1315
808 959
923 967
463 695
559 653
456 554
1052 1231
841 914
987 1210
522 753
421 447
912 1051
1328 1377
611 696
868 984
776 893
1072 1283
555 693
556 630
648 906
484 654
763 771
805 819
785 904
823 944
653 898
692 800
583 640
1299 1367
425 668
621 646
709 867
423 646
458 578
933 1141
897 925
502 622
825 969
612 785
978 1091
1187 1344
600 838
1234 1371
767 781
873 1025
682 763
995 1200
928 1048
746 776
790 874
778 1032
1117 1191
747 954
482 724
838 1035
508 585
458 578
421 494
1139 1379
830 985
765 1009
554 560
1288 1343
1114 1243
1166 1350
892 977
1034 1227
1016 1155
1193 1226
806 1016
1233 1279
1263 1357
1114 1126
590 602
1201 1332
1271 1316
1330 1372
978 1074
711 725
912 1077
1212 1336
1189 1350
1088 1173
1312 1377
829 1074
1043 1120
1198 1277
632 825
615 794
1072 1137
877 1090
631 861
1329 1374
754 1013
1303 1329
505 536
1138 1244
578 761
1081 1203
1056 1077
632 812
1125 1135
495 652
1005 1121
589 703
925 1098
1230 1315
795 868
1268 1317
642 843
1170 1245
772 818
542 739
1320 1346
1157 1276
1310 1367
870 928
527 684
465 566
1359 1368
1191 1339
1227 1346
798 958
926 1104
622 685
1183 1201
880 1070
468 613
611 843
544 702
1076 1227
479 732
433 458
612 853
1315 1376
619 873
469 689
954 1156
1146 1349
548 755
893 1089
1251 1285
1365 1374
817 1053
1358 1379
619 667
655 729
501 604
605 786
926 975
1090 1298
987 1038
981 1177
975 1164
1116 1138
1003 1052
975 1230
1233 1358
722 878
772 900
1256 1293
1314 1339
1188 1227
1060 1300
692 854
1000 1062
900 1016
812 849
1167 1315
777 961
961 976
1189 1322
766 850
1203 1354
727 807
857 1002
902 1001
523 767
813 941
824 1009
767 1003
594 727
590 651
473 632
501 557
659 870
977 1171
911 966
723 818
1090 1299
984 1122
1039 1084
1011 1246
450 654
927 1049
949 1180
1052 1271
461 487
555 684
1243 1297
961 1021
823 1028
761 856
662 844
1313 1334
734 784
627 801
1053 1221
1149 1364
466 574
1233 1249
588 755
563 702
695 916
916 1156
931 1045
1254 1262
900 1058
620 708
1290 1319
1367 1375
683 836
1061 1273
567 684
1312 1327
483 736
1035 1138
1025 1170
1208 1279
894 1110
501 711
577 635
643 748
578 680
1341 1377
838 990
1276 1357
670 719
1243 1265
982 1076
1268 1351
748 865
986 1168
927 1113
1285 1349
1126 1220
1241 1266
1289 1350
692 756
1162 1312
878 1055
526 666
829 974
461 477
586 716
462 491
1162 1246
619 779
1275 1327
1366 1376
1191 1373
866 910
452 533
939 1036
876 1130
830 871
523 699
836 1047
741 749
1148 1328
962 1020
703 850
1006 1251
587 595
948 1170
1231 1293
904 1128
802 1013
590 641
1123 1309
1183 1290
776 1035
581 765
552 731
1211 1219
1093 1143
1163 1301
1047 1066
573 750
641 724
964 1178
1121 1308
872 1009
1280 1356
661 886
771 993
1050 1254
1080 1327
1221 1263
950 1111
809 1021
1203 1298
958 1146
1108 1247
1102 1352
1097 1289
499 583
772 878
678 758
852 1082
865 1086
799 972
1150 1292
1261 1275
875 1060
1055 1081
1368 1377
1271 1314
875 991
1187 1272
428 498
874 1024
992 1106
457 637
639 706
586 743
804 875
1361 1374
937 1008
585 625
1019 1151
813 842
1191 1202
1106 1133
545 680
1222 1374
880 922
1095 1305
1143 1201
914 1029
1030 1069
1186 1362
1259 1293
437 610
639 743
572 651
1227 1278
839 882
510 636
1276 1326
818 964
790 879
638 840
565 657
959 994
452 662
1045 1173
1148 1167
464 597
957 1124
467 502
654 881
1157 1205
599 819
979 1014
1228 1240
1181 1226
1352 1368
1099 1165
1261 1267
996 1140
744 795
1243 1276
1172 1367
963 991
1048 1164
581 758
989 995
584 660
851 935
959 987
887 957
924 972
606 731
878 896
1133 1288
1337 1378
683 930
830 892
558 608
1223 1238
882 966
1362 1374
946 964
620 772
447 598
518 684
636 730
719 902
783 1041
1101 1183
1024 1060
606 670
1147 1167
776 950
801 915
738 807
444 454
1130 1378
476 603
783 1001
1069 1325
1241 1333
738 977
471 614
1201 1330
635 704
569 622
457 607
1067 1205
1250 1376
775 977
1208 1377
590 643
894 988
617 722
617 641
823 841
1358 1378
566 801
851 947
608 813
1031 1163
744 840
1290 1304
788 837
791 968
733 929
636 883
1010 1185
832 838
1324 1375
1119 1294
881 1009
1086 1315
487 556
492 692
750 946
604 777
838 1064
580 643
640 734
455 557
1108 1346
1076 1255
1280 1291
502 587
1305 1343
1005 1108
575 790
1010 1015
868 1101
1005 1242
1296 1321
443 677
489 621
1041 1247
1267 1272
929 1108
1013 1201
737 804
624 661
785 834
1325 1335
526 663
1283 1322
678 791
933 1058
502 540
928 1156
431 470
733 934
713 939
872 940
462 664
1033 1154
869 1099
795 909
660 815
1214 1236
766 833
491 519
633 665
676 814
521 709
968 1145
1315 1329
928 1160
758 795
801 927
1145 1328
593 762
1131 1256
1197 1380
859 1099
960 1143
1101 1223
1078 1323
582 838
968 1090
1283 1353
1014 1188
674 925
1302 1326
562 596
656 827
864 1068
654 870
653 728
1192 1240
872 1028
821 988
1201 1267
849 1033
1175 1311
892 1117
652 764
1206 1218
1183 1372
929 1110
1227 1242
1110 1235
1036 1055
1171 1277
1106 1135
444 618
1051 1114
519 541
1262 1359
1210 1220
1148 1286
1141 1226
1213 1247
554 593
471 540
769 793
866 1077
693 866
1259 1303
527 612
621 869
458 652
1319 1359
712 827
1074 1132
600 844
767 865
594 724
1233 1247
1024 1195
1061 1219
862 894
1240 1364
1350 1365
1245 1321
1217 1237
1065 1154
1259 1350
656 897
524 565
676 769
1292 1323
1361 1369
875 926
829 1075
555 717
514 645
578 783
471 655
1140 1350
1000 1144
814 978
535 645
1188 1290
698 767
683 833
1186 1270
1220 1282
483 679
949 1079
1073 1186
1309 1344
1080 1087
437 557
623 790
1173 1317
543 785
757 866
532 551
638 814
647 790
1065 1242
698 916
823 996
925 1005
762 919
954 1072
1314 1351
920 1080
458 505
854 976
1279 1353
1240 1270
1139 1167
702 829
696 805
922 1080
657 827
937 999
596 684
1319 1370
1107 1276
1236 1244
467 684
453 460
1049 1081
521 775
1235 1261
1083 1202
949 1124
933 996
839 1069
892 984
926 1082
886 970
1112 1154
558 765
1163 1261
828 947
984 1156
1061 1136
977 1035
1208 1233
1082 1208
775 828
1018 1191
606 760
1030 1093
1176 1344
1165 1346
879 1103
1155 1358
1227 1283
497 748
717 825
778 1025
1230 1275
1304 1333
1259 1365
625 723
1362 1375
888 1108
869 913
1128 1162
1197 1219
948 1053
1138 1262
1147 1314
853 1005
631 882
603 836
1020 1072
1088 1292
1024 1038
437 689
1168 1208
610 756
1339 1354
559 730
509 644
485 625
698 947
1043 1058
753 861
792 807
1039 1293
839 1076
607 860
907 1051
425 449
526 536
558 803
902 922
705 876
729 838
839 940
822 1004
562 798
544 639
1218 1331
786 1021
572 678
468 598
1328 1357
1156 1377
1058 1227
928 1165
504 744
659 904
815 926
615 799
747 990
459 584
1013 1180
745 770
895 1115
1109 1281
680 743
1238 1294
1228 1353
505 642
660 753
645 881
572 724
1370 1379
891 1023
585 688
432 612
961 1039
1035 1073
958 1115
797 871
610 808
727 792
919 1164
1217 1304
1056 1312
1068 1217
495 508
423 598
1071 1164
1280 1291
1267 1295
835 994
589 685
1252 1324
732 990
856 959
699 852
1159 1266
451 645
1161 1241
424 640
1021 1064
775 930
1351 1377
1209 1260
1164 1248
1237 1308
920 1143
940 1003
1287 1333
865 1096
655 865
1037 1268
1325 1354
795 908
944 1077
651 907
1080 1253
1291 1326
1318 1336
489 655
1084 1224
422 467
999 1021
1196 1329
1038 1202
1133 1295
1321 1357
658 732
948 1206
1156 1322
958 1029
1008 1043
1066 1124
507 552
683 838
493 516
737 961
745 942
858 864
1170 1241
696 769
1273 1289
737 786
758 868
531 686
756 890
956 1139
721 745
1025 1044
977 1013
994 1195
1251 1335
757 938
709 921
607 840
617 762
910 1042
792 1004
1172 1297
447 697
1038 1045
1361 1373
1086 1123
532 539
1344 1353
542 572
451 593
867 1005
1216 1304
661 798
1040 1244
721 835
1059 1310
586 808
773 852
1176 1315
1321 1363
1215 1266
776 812
1152 1287
1364 1379
1088 1212
565 720
1036 1088
1206 1358
895 1030
1220 1343
759 780
1081 1268
1129 1284
832 839
1218 1267
525 533
650 750
1145 1238
756 924
1075 1225
1141 1162
482 523
448 535
834 1015
835 1089
1178 1195
810 882
478 736
532 690
714 934
1204 1366
551 636
618 696
1326 1356
750 816
601 853
819 995
855 936
747 865
687 699
423 486
816 979
504 555
1100 1167
978 989
1179 1207
1266 1310
933 1079
717 778
1150 1291
1087 1099
837 1062
637 891
659 822
1089 1213
497 665
613 662
614 767
510 701
807 997
1337 1367
577 705
884 999
1311 1367
1226 1276
1046 1155
1130 1209
500 627
793 941
494 615
1266 1319
575 670
1325 1369
794 856
1232 1347
1352 1363
656 828
1281 1330
476 546
534 603
1355 1379
683 847
650 734
1087 1142
691 905
1027 1133
623 808
1287 1321
624 786
801 994
746 966
825 846
1068 1077
760 902
1326 1339
588 833
1163 1315
718 801
803 838
1224 1334
829 984
841 1083
1354 1367
740 898
743 813
658 847
1323 1336
1008 1181
880 953
778 1037
486 627
1361 1377
839 891
677 700
1327 1348
1008 1044
1159 1276
1046 1096
954 1147
422 552
606 843
960 1129
1274 1311
426 433
1080 1166
1275 1297
584 799
608 639
952 1098
792 802
1097 1277
700 932
1327 1377
663 720
1103 1310
758 829
1093 1115
695 823
817 871
652 875
939 1147
906 1074
1081 1303
1185 1237
1220 1350
633 670
638 695
742 961
970 995
789 864
1193 1366
591 783
1319 1343
969 1126
1297 1369
830 1026
1038 1178
471 656
1062 1220
861 940
1154 1363
513 654
1280 1375
1217 1331
1299 1348
1336 1355
743 997
976 1018
560 639
1279 1375
725 900
756 852
1189 1339
969 1218
1078 1241
1258 1275
661 747
1008 1252
1123 1261
1258 1311
595 708
1102 1203
1278 1336
622 781
996 1049
892 1150
1228 1341
1149 1316
1044 1118
812 922
795 967
1188 1225
1029 1069
587 683
426 623
685 784
1213 1332
651 765
682 862
1096 1132
1268 1318
1309 1315
1251 1312
919 1133
1265 1333
615 768
1050 1261
899 1045
1283 1338
1333 1371
1266 1358
1291 1355
840 1073
865 1094
707 790
1348 1361
538 723
808 816
1125 1251
731 971
1167 1276
1097 1327
753 984
625 833
1111 1180
1035 1049
861 1049
871 982
913 1131
963 1187
1009 1167
1327 1346
1332 1354
541 712
447 551
1253 1352
919 1039
1123 1179
948 1112
943 995
796 951
461 702
583 596
1369 1377
506 652
1315 1379
1336 1375
1005 1136
847 902
1079 1103
897 1015
426 444
865 957
558 680
929 993
895 1057
933 978
523 569
545 591
1118 1135
1228 1378
1163 1317
825 934
970 1180
1230 1327
423 562
787 1018
1367 1377
835 1041
1192 1316
729 867
1217 1367
620 859
1328 1338
1359 1372
1221 1280
647 772
1212 1303
1177 1378
1157 1260
892 1074
1290 1309
747 852
1079 1329
1255 1370
960 1012
864 900
570 822
824 938
1255 1283
503 732
596 757
769 967
1292 1316
581 832
1180 1281
1174 1210
1321 1351
455 628
793 817
871 1111
1023 1190
671 901
961 1207
1163 1218
1104 1337
631 692
592 790
863 1112
800 1026
450 658
1076 1330
660 731
613 718
955 1054
767 867
1166 1265
515 539
1253 1346
1184 1355
919 1136
1310 1360
547 683
705 812
1294 1369
550 766
1218 1295
867 1041
1118 1341
1116 1290
889 1093
1217 1375
1166 1376
826 1082
723 964
942 1158
1322 1363
687 913
1004 1256
589 788
1220 1376
1366 1371
1338 1358
1189 1278
1243 1252
832 956
1262 1344
1187 1311
496 574
841 930
894 1142
1284 1323
492 502
870 1062
658 771
1162 1332
1034 1106
871 1120
896 1132
588 595
881 1048
545 593
1078 1260
564 638
461 478
850 963
1008 1057
888 1137
556 755
691 769
1323 1328
777 1033
977 1012
1017 1228
1142 1341
851 926
821 1027
637 806
1350 1355
681 874
896 1100
1298 1310
613 622
833 895
449 655
636 771
584 622
1223 1357
536 603
677 734
443 539
1268 1324
1024 1168
1254 1343
881 935
621 738
1261 1306
500 736
973 1053
459 651
1288 1336
1116 1171
513 673
731 826
788 955
987 1022
1237 1324
1145 1299
503 586
957 1209
600 775
1363 1372
800 954
1261 1350
853 1072
786 1012
677 917
966 981
835 904
541 673
686 860
751 958
1088 1186
1152 1195
1250 1380
652 816
1328 1342
1186 1305
1326 1362
936 1056
1052 1177
563 762
431 560
685 897
1201 1360
715 970
822 1038
1195 1306
1208 1243
982 1039
808 823
475 547
962 1008
431 671
1126 1279
487 695
792 811
1059 1279
559 721
753 1005
1123 1174
1183 1350
728 858
1198 1269
551 717
1148 1171
1015 1182
1161 1254
467 477
695 835
607 815
688 747
1250 1312
1065 1263
1034 1140
1288 1376
680 905
1273 1282
1017 1253
1127 1285
1009 1222
1002 1044
669 782
907 1020
639 809
896 1006
526 637
1363 1379
1182 1296
739 985
502 635
1210 1338
1015 1025
1180 1209
993 1056
1101 1132
526 705
1025 1114
1197 1244
675 747
536 679
531 588
1369 1380
495 702
877 1084
1147 1161
1125 1286
799 1003
1007 1217
530 679
1193 1223
1019 1205
613 731
930 1020
1261 1350
1186 1303
1049 1120
564 792
1299 1371
1290 1335
1088 1125
1286 1379
531 755
933 1091
966 1105
1132 1320
1104 1335
1186 1317
746 966
1106 1214
429 634
1263 1297
1206 1287
498 735
957 965
589 755
876 1005
973 1038
533 760
1047 1175
962 1161
460 675
945 1050
640 733
1359 1370
833 1013
920 986
1055 1091
691 701
1110 1125
856 1011
1340 1360
840 903
1250 1283
933 1019
624 647
489 608
1055 1097
1059 1104
789 1049
422 667
579 806
456 494
672 890
922 983
463 675
453 667
660 904
838 906
1289 1317
778 887
500 648
430 677
505 550
1119 1189
1093 1122
828 1046
560 786
653 908
1036 1183
530 582
743 971
1085 1216
880 1085
660 818
1282 1327
851 939
485 743
901 1127
601 646
696 703
559 589
718 911
692 872
1192 1236
1347 1358
524 659
794 1030
681 726
1047 1263
902 952
1286 1322
535 757
1281 1316
947 985
1235 1248
687 764
1349 1367
746 949
580 770
878 1047
1162 1297
1315 1346
779 898
1199 1327
707 959
432 462
724 926
532 654
957 995
721 902
1294 1342
982 1181
642 809
1075 1261
1227 1329
1041 1115
900 1045
471 682
657 798
1213 1328
1082 1299
645 856
1221 1318
421 528
685 885
441 572
1223 1376
759 994
1324 1346
606 621
1132 1161
813 1015
636 880
431 455
1106 1240
779 948
874 970
1338 1380
1268 1340
888 1022
990 1153
742 971
1230 1248
532 584
596 631
872 907
586 802
955 994