25
769
936 1432
1323 1391
728 954
1350 1387
831 1017
1094 1284
367 1167
1210 1266
258 916
815 907
1269 1373
61 1218
796 1215
609 1055
1425 1437
663 1095
996 1251
1292 1350
1121 1162
975 1154
25 1110
564 900
767 1090
104 964
650 1341
1281 1354
615 936
878 970
982 1137
504 1410
384 1431
671 1310
522 658
703 982
433 812
319 1026
1407 1434
302 571
61 664
1050 1086
342 1059
792 1312
766 1155
151 501
950 1363
1030 1401
499 1397
195 1245
739 1226
1155 1328
1076 1229
957 1034
1346 1420
1231 1379
1282 1388
499 664
934 1207
276 1311
224 1196
241 568
838 1111
799 1043
1017 1121
620 746
1130 1259
57 199
7 1103
94 481
739 1292
1323 1337
615 804
193 844
260 683
408 1178
161 510
239 1332
769 1140
1210 1384
229 328
625 1186
942 1318
484 737
1170 1314
1258 1372
1214 1246
354 438
309 885
343 1415
80 451
108 548
516 1112
390 713
299 420
136 1051
768 1276
1334 1377
380 1366
1087 1130
928 1043
897 1378
743 923
283 524
480 498
1268 1428
544 980
811 840
1111 1200
28 200
1205 1438
1410 1429
90 1212
979 1215
165 1308
1128 1386
82 892
419 1020
991 1193
726 1304
881 1061
998 1250
1088 1341
1254 1300
110 1342
1339 1406
800 1264
633 1331
898 1173
47 195
417 544
708 1269
498 1416
1119 1222
901 1164
613 758
833 938
525 1140
1222 1318
202 217
743 1241
388 678
601 1051
198 574
287 1398
51 1314
213 856
36 1299
98 892
125 1109
870 1315
724 1389
1341 1436
1304 1373
580 593
877 952
1034 1437
306 696
1278 1306
1144 1366
1069 1280
1174 1399
379 965
1103 1210
518 1285
1241 1405
919 943
183 1319
1135 1266
59 638
1280 1404
20 151
1178 1234
944 1242
1392 1414
840 1216
1087 1236
195 901
1068 1080
709 1343
1414 1435
38 1334
927 1093
783 1175
1126 1193
264 1335
582 1344
421 536
1171 1211
1206 1309
381 926
845 1419
1188 1217
645 991
694 793
461 659
962 1032
1062 1283
771 1081
132 1370
574 900
830 1125
1297 1439
893 1142
170 1224
353 1420
86 1250
135 698
1219 1346
1253 1336
19 287
752 935
428 1075
1134 1391
838 855
948 1333
1205 1428
329 1060
539 1176
28 607
756 1395
131 317
102 648
650 1095
793 1397
524 1127
648 1354
1027 1265
422 1163
868 1234
8 1385
985 1306
1353 1430
104 824
96 789
504 763
650 1089
315 1275
677 1180
775 787
582 931
946 1170
1115 1205
685 1131
151 623
207 1218
96 1440
683 1062
287 1229
943 1426
1073 1402
715 1205
700 1373
175 1026
643 664
558 887
42 377
98 1255
1264 1430
370 1047
1048 1314
334 478
402 892
56 1105
1309 1384
462 772
479 1318
387 485
17 1042
648 711
1342 1356
250 368
931 1149
1178 1195
165 311
436 1284
453 532
391 411
258 785
1229 1339
1305 1366
537 1044
1189 1354
368 837
1370 1388
756 1349
188 1075
324 1201
562 1005
1121 1161
1356 1428
688 1046
1206 1364
1197 1301
144 1350
174 1145
1297 1390
559 1239
932 1119
749 1058
695 1051
767 1316
242 420
1255 1399
521 737
959 1387
769 1020
423 453
1427 1437
8 1426
1207 1273
146 161
342 454
218 511
1047 1221
296 1154
848 873
150 1428
72 271
731 1261
935 1218
147 338
726 861
708 1134
718 1132
871 982
1084 1142
895 1222
1299 1385
288 1174
1319 1367
396 756
450 1030
562 1093
898 1018
270 559
261 474
1107 1285
637 1061
1089 1170
907 1373
132 1373
95 1380
151 227
217 266
464 931
1288 1435
641 1260
393 979
117 1057
653 778
721 734
80 348
1120 1368
961 1086
200 426
1329 1402
582 1036
525 723
1346 1377
1215 1418
547 1113
1123 1186
91 318
955 1345
1008 1222
469 711
958 1401
446 1021
59 944
76 427
1403 1429
1281 1361
89 322
251 433
247 618
686 1103
643 755
729 1045
2 1066
995 1369
686 1335
753 1109
1279 1350
1296 1314
669 1427
887 1359
1270 1374
969 1375
189 1231
894 991
304 541
1038 1151
1206 1277
162 437
85 624
909 1201
671 1301
1409 1421
1038 1394
268 1224
1411 1440
1357 1373
1043 1123
840 1234
1120 1233
1027 1051
401 676
1035 1320
1264 1318
771 842
628 1041
1359 1407
1346 1393
324 1270
933 1283
1207 1353
1404 1439
202 420
544 1366
886 982
1238 1400
1291 1416
794 1262
346 673
1051 1233
1050 1114
211 1359
1332 1367
205 1058
187 697
263 888
490 1297
348 1361
1300 1371
94 1016
802 1120
630 722
1317 1388
909 953
1269 1407
768 961
1030 1080
660 1120
1153 1214
1413 1426
1259 1317
1406 1438
589 996
498 1025
333 1393
234 550
1336 1432
208 1383
793 893
4 808
282 951
1051 1226
39 100
583 1393
713 1090
385 682
446 1017
477 1133
1141 1298
25 1277
764 1204
1287 1365
718 787
880 1139
104 1285
268 321
688 1260
1390 1403
1085 1107
586 1070
481 1232
1406 1416
338 1233
1246 1310
674 1059
1098 1327
868 1220
136 1112
1159 1326
196 886
1412 1438
370 1219
963 1118
778 1272
129 259
350 373
194 1307
1157 1306
1084 1287
76 488
781 1431
1134 1238
891 1185
661 975
1082 1357
157 403
681 1360
1247 1331
1237 1359
878 1351
1162 1172
1181 1191
836 1378
233 367
1076 1131
82 949
1017 1274
539 1189
1041 1413
1066 1099
823 1242
329 686
164 1059
403 1381
1211 1372
466 1078
1292 1410
435 601
606 797
65 1380
1354 1421
104 961
1315 1392
126 1229
627 1140
686 1425
182 579
768 1282
708 1147
276 412
51 835
1384 1434
1394 1431
699 1396
1423 1437
1156 1258
217 1399
571 1369
888 1114
969 1222
1231 1332
1153 1299
796 1264
890 1052
1002 1281
124 932
816 1321
1005 1310
191 547
1089 1221
405 803
517 936
1031 1169
1372 1416
1265 1297
1420 1432
336 720
926 1019
421 1211
921 1411
1407 1440
1054 1109
366 1283
1091 1403
133 848
980 1001
203 1149
768 1386
856 1048
1379 1428
1430 1440
477 904
683 1240
194 842
1078 1127
40 1362
658 1255
32 1036
1387 1431
286 434
612 875
463 1095
1055 1075
660 992
275 991
404 1018
28 801
1419 1436
457 789
174 279
1178 1281
222 1153
1302 1414
1265 1356
1339 1363
130 793
1220 1437
140 1418
934 963
655 858
1245 1285
828 1049
302 766
217 283
1226 1375
124 946
983 1223
20 1009
775 818
1396 1406
978 1354
1273 1310
1081 1301
714 1184
904 1053
74 704
240 994
483 1254
147 329
1133 1421
382 1086
739 1421
215 1429
516 870
601 684
996 1136
114 1090
934 1272
839 1077
641 999
766 1154
642 652
1370 1418
1024 1253
285 921
1301 1345
659 966
330 890
799 870
149 780
1080 1362
725 1149
1174 1286
1070 1117
1086 1116
1252 1373
281 850
1321 1428
1105 1428
802 888
829 1333
1049 1166
863 1149
1123 1202
122 1038
485 1292
1134 1415
920 1360
939 1128
59 959
1265 1385
1181 1297
105 1156
929 1077
1036 1326
90 509
180 349
1207 1381
849 1068
717 901
190 779
62 823
1271 1397
329 1109
816 1011
37 772
26 1393
204 635
71 1380
1308 1332
174 1183
602 820
665 1401
1102 1262
1213 1412
1209 1350
1095 1208
1093 1329
967 1175
935 1051
572 1296
971 1356
1167 1342
160 589
510 1018
1039 1361
339 1318
410 441
406 1150
188 1010
907 1139
1002 1228
21 1363
1006 1172
632 691
540 1024
294 439
220 851
400 1304
1185 1226
1197 1422
750 1101
502 1257
1348 1416
767 1057
601 1126
350 419
8 608
343 882
177 940
711 1069
322 861
1229 1276
1370 1438
707 859
778 1155
432 480
704 1242
367 490
482 744
1067 1131
518 1020
410 493
1228 1408
986 1434
1333 1355
847 989
1413 1440
1149 1260
1307 1362
56 250
750 1329
1285 1416
2 1296
559 1058
442 1215
281 860
189 759
1383 1423
197 1355
1205 1325
647 695
178 671
1406 1418
1145 1254
1296 1385
838 882
942 1215
1235 1344
1151 1432
356 690
751 1215
130 1344
798 1108
1201 1333
