7 820
5 8 11 1 7 45 9
96256 70870 2
65537 86307 1
4098 97496 0
38922 13881 0
73741 62458 3
73742 21568 0
24594 78018 4
34835 78075 4
26644 97606 1
12310 29647 4
31 76109 3
73759 164 3
90144 10428 5
90143 9759 3
43046 26756 3
90151 55283 5
84008 76992 3
84010 61178 0
45102 50980 2
63534 45070 4
4149 34681 2
47161 443 5
26683 42487 3
36926 40873 3
51263 71359 0
32832 25171 4
63552 10827 1
20546 90723 1
65607 46925 0
22602 28141 2
84043 55012 3
41036 91647 2
36941 78701 3
84044 27474 2
43087 32974 2
79952 54236 1
49233 32834 3
34900 36827 0
32856 68154 3
41054 85454 5
61536 8760 1
10337 29431 1
92257 9663 1
61541 63214 4
84072 90936 4
22633 28645 1
10350 44415 2
18545 70402 1
94321 26531 3
43123 35232 5
98418 46073 2
8309 26149 3
2164 34628 3
28803 54505 1
47235 17987 2
57477 17875 1
18568 54858 5
10376 2762 0
90257 82744 3
30867 51216 5
94357 93464 3
14491 85223 5
32924 47275 5
86174 1109 2
47266 15705 0
67749 90192 2
94375 7413 0
49322 39778 2
78001 50703 1
80049 90359 1
20663 9180 3
92344 1173 0
22713 92382 0
18618 79639 5
94399 86270 1
51392 78166 0
28864 62125 2
57537 10434 2
2243 71726 2
73924 85122 3
16585 55114 1
35021 51396 2
30939 73463 0
41181 93001 2
86238 68176 3
61667 4113 5
12515 37119 1
39142 61673 0
37095 27715 5
57576 54375 0
76009 69556 2
96495 98039 2
67824 40932 5
78065 47548 1
243 70505 3
69875 77142 1
76022 35379 1
90359 73602 4
69882 5813 4
73981 61569 1
69886 14957 4
76031 54453 0
98570 78185 1
88330 62363 3
61708 59671 3
16652 63025 5
43280 54900 4
88341 10063 0
74006 20308 5
76053 20998 5
41240 89921 5
14616 33399 1
86298 14286 4
90395 65388 1
53525 84641 2
69918 42408 3
57630 41945 5
94501 57396 3
98600 48413 1
96553 61997 3
24874 50752 1
6445 36996 2
71994 85114 5
12603 84982 0
82239 57510 0
86343 77179 2
43336 16879 4
20808 67447 2
67916 91746 0
78157 62031 4
96590 83952 2
61774 85735 2
24912 72919 3
80212 80987 3
78166 15428 3
67926 45131 3
94552 15827 3
33113 44199 1
45402 13689 1
20862 93638 5
63874 92806 0
49539 91410 3
4488 9665 5
31115 38857 5
74123 3911 1
20879 16434 2
39312 15064 3
24977 82176 3
16786 72101 3
43414 71203 4
74136 53621 1
31137 67597 3
98722 82880 3
18850 32015 1
29092 45428 3
88485 41396 3
63909 44551 2
43430 41270 2
96680 4349 2
57768 20142 1
59817 80236 3
35246 92702 4
20918 23327 0
29113 36669 3
88508 83136 3
39357 83268 2
47548 29044 0
14780 89470 5
72131 13883 1
18888 36791 3
31183 29439 2
27088 40634 5
43472 89674 5
66000 11408 3
27092 88922 1
2517 56955 1
82391 5830 2
45527 5572 1
55769 64409 5
72155 80090 5
57821 95303 2
66015 29847 3
92639 66383 0
31201 35130 3
16865 15103 4
59877 20351 0
29166 51432 0
84471 94263 2
68088 59306 2
94717 637 2
82433 92457 2
98818 75366 0
41475 64988 5
43524 34797 0
84485 61134 0
12806 6300 3
47623 72123 2
21000 77480 3
2561 92113 3
10765 45828 4
39438 66247 5
53774 25418 0
98832 88687 3
31251 62071 3
6680 12714 2
78362 47520 0
55837 38491 5
33315 63454 3
27171 39492 0
47653 42337 2
76328 98290 5
49705 98304 0
8747 42050 1
66092 29229 1
66093 60937 5
64044 70893 1
25141 85761 1
98870 74364 1
88631 92027 4
64054 14248 0
94777 65844 2
49721 51123 3
43579 31536 2
2620 15395 3
23102 46024 3
21058 11611 0
94786 25555 2
96835 79905 3
92745 55515 3
37452 72226 3
27214 18648 4
88655 14211 4
41555 38622 3
21076 80570 1
25174 89397 3
66137 73703 1
57947 85450 4
39522 63790 1
8802 18039 3
12902 72547 1
70247 75707 1
10856 2147 4
92776 10156 1
37481 60251 5
57963 35272 0
23148 85807 4
88684 35342 5
10862 85446 1
53876 90938 1
8824 5556 1
76409 68908 1
64123 43846 0
49788 77992 0
31363 24199 3
2695 28526 0
33416 21070 1
88711 67865 0
92810 64505 0
55948 22908 4
47757 85350 2
84621 12096 3
35468 49477 2
41618 71212 5
82580 65029 5
33432 66902 4
17052 7282 1
90861 17056 4
70385 31489 3
84722 88452 0
19187 5380 4
23282 42268 1
25335 62358 0
56056 58421 3
45820 5977 5
17150 18882 1
23296 79634 2
92929 94479 2
39681 65489 2
2821 49549 2
99077 94450 2
13065 39926 2
51978 92867 3
84747 47977 1
62220 10305 3
37645 56407 1
66315 14924 1
25355 28170 1
51979 42437 5
94995 54034 4
70421 88812 0
43800 85038 2
2840 7570 1
58141 63131 4
80672 77648 1
88871 70859 0
814 17814 1
33588 319 2
19253 15568 1
72505 15021 2
27454 57902 3
68416 35598 4
84801 60866 1
97088 37091 1
92995 96865 3
45890 27773 2
47941 65484 3
6986 85914 0
50001 47550 2
39762 28341 1
29525 64976 4
27478 55812 0
33626 94771 3
25436 41668 1
17245 41815 2
58209 75675 3
70498 27359 2
17254 29610 1
97131 82836 2
33643 94582 0
50030 51530 4
78706 58534 2
60276 49855 1
2932 40028 3
97142 25674 3
15225 72003 1
37754 63138 0
78716 66341 0
93052 3317 3
52099 10114 3
11142 43009 1
23434 19058 1
78731 41768 3
70540 2625 5
35723 8540 2
7057 81245 3
48018 50431 2
19347 31105 3
66449 92902 2
37777 78194 1
15257 4277 4
74649 63736 4
68507 39716 2
54172 91938 1
33695 63658 1
35747 50309 2
19365 28485 5
99237 47209 3
37798 19927 1
25513 52392 2
84908 84494 0
33708 97335 1
89006 98795 2
93103 80717 1
48048 88985 3
93105 25970 4
56241 86955 0
50100 63317 0
62388 94839 3
21430 4347 0
82870 69487 0
52150 34655 1
86968 67564 0
82873 77680 4
19387 76289 2
15292 45436 2
91069 75842 2
97211 99809 2
82880 76563 1
78786 47101 2
39875 45631 1
963 60438 1
97218 7321 3
54215 15895 5
23497 14379 1
58316 44509 5
31693 6981 2
93136 20896 2
17360 14130 0
68563 71137 3
74708 31183 2
31699 97471 0
89046 88952 4
43990 17889 0
93143 53085 3
95189 83860 5
37853 6890 5
5088 25509 1
29668 22022 3
95208 38722 1
25577 55284 2
5098 13821 4
48107 54810 0
89067 67626 0
95213 85288 0
25582 33324 3
5099 5944 2
27634 26921 0
29684 9129 2
13301 40481 1
99317 64111 2
21497 35541 1
66553 46948 1
93180 56394 0
25597 97398 5
48128 82281 2
17411 22390 1
50180 79971 4
23557 48966 5
97287 68068 4
87051 94039 0
11278 17284 3
31761 25314 2
5139 9832 3
89109 86303 5
1048 86046 4
87066 34375 0
21532 9761 1
93213 50377 2
58396 7022 3
85024 50168 2
11297 63527 2
66595 40792 2
95270 49287 3
31782 47879 2
31784 81706 1
89129 90986 5
72743 22583 1
89131 96800 2
21548 51954 3
9262 11905 1
19503 74927 2
62513 34324 0
9267 84989 3
91188 14176 1
68661 1653 0
93238 59444 3
15414 58151 1
85048 30097 2
62522 51819 0
58430 36835 0
7236 4533 3
44101 39351 1
56390 22461 0
35910 11639 3
87111 55834 0
97350 71187 2
50252 94293 4
37965 15014 2
5199 83778 2
58448 54357 2
9297 39304 1
5202 88400 1
83023 75774 2
72792 26224 1
37977 19885 3
31837 1889 0
29789 96063 5
78943 92632 1
9317 57595 1
64614 71698 5
25708 5896 3
25711 17719 0
31857 30549 2
66676 54451 5
17524 58738 2
44151 11892 5
48248 10378 0
44153 42881 2
11393 71138 2
48259 95188 1
38020 74899 0
81032 45058 3
29832 3299 3
89224 3397 3
97419 39441 1
87181 15376 5
62606 18965 0
33936 62541 0
19600 81214 4
93331 5011 4
54425 66117 1
60570 59012 1
64667 72034 2
85148 82601 2
27809 13517 0
76963 92130 1
46244 31810 3
66728 5839 3
42155 60785 1
93356 92084 3
29868 92937 1
52398 37365 2
31916 72015 0
48305 39856 1
29874 38728 0
27825 41315 4
50355 29315 0
3253 20706 2
83127 97867 3
83129 11403 0
87226 646 0
40123 8931 3
68796 80044 3
91324 61829 1
29886 73615 3
83135 35150 5
89277 7811 0
13505 38636 3
7364 49340 1
33988 70216 0
81094 562 1
60617 75698 4
97491 14449 0
60630 49249 1
58583 17543 1
85208 7863 4
85209 45927 3
19680 13242 3
13537 3323 5
99554 82722 2
54503 87278 0
72938 65144 0
25836 35632 0
93423 3140 3
29937 21523 2
29939 51239 0
34035 72755 1
91381 88872 5
93431 93011 2
81147 53689 2
36092 28076 4
83200 57802 1
64772 67055 4
62725 26085 4
58630 30374 2
23815 81520 4
54536 28152 1
3334 23566 0
13578 80217 1
40198 57701 1
52485 12405 1
87310 14757 3
85262 79490 3
48398 25126 0
27921 67629 1
79123 33447 3
1302 67167 3
75031 63550 2
5401 53583 1
19740 18074 3
66847 31212 4
79138 33880 0
36132 22124 0
52523 78918 0
17707 36369 3
3373 90655 1
34097 67469 3
79153 61093 1
42291 75058 5
83251 12145 3
97593 25986 3
56636 36529 0
70976 7619 1
17731 91726 5
58694 59010 2
38215 70311 0
75082 87546 2
58699 43972 5
66890 54254 5
50509 53960 3
13650 32552 5
23890 9011 2
79188 42011 0
95574 80891 1
56664 17091 2
85336 87578 2
58712 67445 5
75097 44055 3
93532 5503 2
7516 96456 0
75103 8735 1
11621 54035 2
5480 80306 2
85355 3186 1
93548 88476 1
58733 77558 5
48498 81580 3
66935 66186 2
30073 63296 1
85370 903 0
28028 2154 4
91525 45135 2
75142 37823 1
85386 51248 1
36235 87834 2
19851 2897 4
44432 17669 0
64913 63592 2
95635 83071 2
56725 79305 1
66967 59042 1
1431 82532 2
89497 63901 2
73116 62075 4
34204 7184 5
87454 13767 2
26018 17540 0
7587 52879 2
69028 58097 1
3490 59668 0
13734 8253 1
91560 89845 0
99752 31100 2
95658 27315 0
79274 12211 3
46508 65813 1
15794 7827 0
56756 46500 0
42427 17337 0
7614 52791 3
87486 76496 3
95693 59538 4
9681 86798 1
28114 68810 0
56789 58948 0
30166 77054 2
48597 48654 0
48601 57425 2
36314 56647 1
5595 14372 1
9693 77059 0
50655 68222 1
38367 36195 0
24034 8099 4
9698 82880 2
32234 89664 0
58862 14931 0
3570 18907 3
95739 65092 4
89596 90910 3
60926 38528 1
32255 48179 2
77314 57246 2
71172 9805 0
54791 56127 3
87562 96668 2
67082 33989 0
1553 4127 3
77330 23647 4
36371 43593 4
36375 32478 3
15897 81269 2
26138 721 4
65053 55748 1
1566 16923 1
3615 77244 0
38432 46170 2
9761 2232 0
26145 70038 5
77342 35145 3
1572 87984 4
54815 41030 5
99872 14481 2
52777 57457 4
32300 18699 5
38448 48845 3
85553 79681 3
7730 28357 5
9786 34057 0
20033 15145 0
28225 40408 5
22087 35542 0
32328 88371 1
3657 58598 0
54861 83849 3
93775 47055 1
77399 53921 3
44632 86023 2
54873 10538 2
42584 99224 1
56922 49114 1
69216 46875 1
91746 90836 3
9826 4157 0
34408 72706 3
48750 7313 2
13936 23155 0
24178 19271 5
15988 22538 2
38517 69619 3
63097 24185 3
38527 86098 4
50816 60117 0
73349 33651 5
48775 61047 2
75402 13896 5
34442 59603 3
99994 51683 1
69278 51557 4
9890 25539 0
97957 86869 3
59048 13304 2
42664 13015 3
91818 35454 3
50859 78483 4
95916 34064 1
24237 51784 4
69291 91394 4
77485 42467 4
18096 66334 1
57009 52765 5
81588 86621 0
87732 51476 0
9908 41832 2
89781 53734 1
11960 87045 2
28343 30149 3
22202 36400 4
14011 20128 3
87739 54548 1
3773 42903 3
97974 7869 0
5829 52413 3
28358 57135 0
20167 9098 5
54988 72719 2
46798 2582 3
54995 88615 3
52950 25608 0
46806 45446 0
16087 61555 1
69337 17129 4
26329 69648 1
59095 67348 3
77534 89265 1
42719 93766 3
40677 39767 3
26342 61014 5
38631 18606 3
40680 64132 4
95976 69530 5
48869 78707 0
7914 73379 1
67312 52785 5
65264 90341 2
32505 74957 0
75518 88231 3
7934 43205 4
98047 42990 5
14084 82055 1
83716 80718 1
79623 59102 3
77583 2178 4
57104 85309 4
79633 47337 1
42780 46415 1
7966 81484 4
53022 90618 2
59168 97496 2
26398 9674 2
5925 29827 2
5928 81662 5
65322 72774 1
93999 60877 3
22320 77205 5
36656 5656 1
55095 90609 4
55096 88061 2
40765 43989 0
77630 22616 3
14142 24302 3
14144 14075 1
16201 13592 0
28492 12761 0
59214 21058 1
18256 840 3
71506 85522 1
57170 81914 0
79701 95661 0
3931 26861 3
63326 50008 1
1894 37984 3
30570 63223 3
71531 54358 1
16235 11544 1
12143 87999 2
51056 11665 2
49009 21493 1
92018 76937 0
79737 80373 2
46970 89136 2
61308 61393 1
30589 77819 1
20350 28928 0
51073 9092 5
12163 42833 4
92037 8044 2
44937 51269 5
55178 60033 5
77708 3730 5
53133 22610 3
32658 15068 0
59283 39493 2
40853 62922 4
83862 11291 2
16278 69761 4
85915 90307 2
79772 58911 3
71587 81867 1
1959 81986 1
81831 37657 3
10153 7521 2
16300 51104 3
73645 63280 0
26544 41392 0
38835 51646 2
67513 65479 1
65466 35706 1
6078 22366 1
47039 15311 3