1342
50
1260 457
606 398
1099 122
1121 464
407 303
13 286
1047 588
164 518
123 130
1150 572
26 675
1331 528
1438 110
1177 640
712 687
771 232
516 486
1395 158
1052 479
1004 19
611 185
1037 361
1333 428
536 91
910 636
429 83
744 82
1375 602
1293 711
632 511
925 607
973 458
801 24
1403 636
1045 667
292 718
804 599
607 406
23 613
295 504
300 499
87 378
624 352
1318 292
1187 33
1322 178
316 363
36 333
1198 130
956 249
583 360
1150 659
237 629
651 339
1186 435
1267 612
409 646
1203 27
68 599
69 522
701 525
403 551
263 25
1213 281
99 617
619 656
20 402
619 230
1284 115
1117 336
461 17
403 395
269 527
216 442
427 105
222 562
893 247
341 398
482 187
1194 121
1253 322
964 469
1187 221
1103 170
1242 618
641 370
377 32
93 242
1246 122
272 494
524 275
1247 307
1029 536
287 15
487 423
845 637
339 688
245 143
980 142
857 136
164 356
453 344
57 121
917 42
737 247
286 356
862 455
582 450
4 468
277 269
1023 145
774 225
633 546
467 190
915 605
1309 708
1401 699
52 682
822 169
836 571
538 199
562 478
783 31
324 345
1380 310
4 701
141 353
20 586
269 478
70 428
834 483
547 573
936 238
126 175
182 560
1299 548
229 255
860 574
117 543
268 74
1114 119
149 526
828 314
866 189
43 433
594 637
193 395
304 557
120 26
637 655
365 200
152 668
524 268
527 432
1019 255
674 160
1355 293
795 448
628 389
31 184
632 439
1046 445
1207 616
658 54
833 410
181 195
1166 204
361 91
775 171
976 526
1246 20
18 25
602 328
1026 275
282 470
873 317
876 79
399 258
145 486
471 326
726 385
816 252
250 452
640 569
1231 669
1419 696
211 32
540 488
190 493
1349 209
256 536
54 185
1195 451
216 640
222 149
1200 434
967 34
1223 423
66 531
341 216
932 178
1110 188
596 603
852 638
1361 512
715 332
1264 319
407 321
934 324
1167 579
740 414
545 269
251 498
1372 300
1428 37
462 305
521 346
820 110
704 150
657 120
184 58
491 489
483 637
720 657
1080 643
1055 512
1237 376
1161 249
525 588
138 110
131 39
939 26
693 297
202 545
685 113
344 381
723 467
137 180
879 151
280 166
1303 23
1051 228
1025 241
1320 44
451 143
941 10
571 193
839 417
1126 229
634 450
1269 380
1157 208
563 629
296 718
136 71
294 610
921 125
302 103
840 371
866 262
1106 504
203 681
47 164
1329 88
124 676
1343 128
317 18
883 594
548 356
605 262
1128 570
1092 372
1319 36
1113 463
1405 497
345 418
1200 633
1336 658
1158 716
1336 24
599 676
1426 442
468 584
411 21
1058 411
131 689
101 610
174 468
1038 121
1316 635
861 251
1249 98
1317 39
1160 626
1028 329
1438 577
72 118
809 333
621 174
402 674
872 382
722 170
718 281
485 487
941 706
1176 11
1294 188
420 138
476 559
1325 651
193 164
940 687
730 95
643 403
1008 317
130 86
1133 448
1026 125
1067 228
833 99
1046 94
199 145
203 115
713 501
809 292
624 718
364 236
941 645
764 36
935 414
1099 96
1076 270
298 678
950 288
1126 690
1109 133
783 556
1371 153
307 67
451 259
1258 47
181 435
934 150
1156 352
1090 281
383 60
836 29
914 707
764 647
373 693
601 146
971 577
754 324
1369 596
431 416
998 137
1157 705
30 439
1152 106
1402 415
93 219
1282 223
811 630
954 137
1120 570
1079 526
744 389
1328 191
1106 210
1275 431
721 228
555 550
842 337
1103 518
1157 603
1365 539
364 252
185 16
1428 144
420 200
1106 84
64 131
813 626
1267 508
658 532
570 350
661 589
904 42
652 320
918 412
733 152
168 104
609 256
397 67
495 194
194 401
836 432
1217 51
1156 341
1307 108
319 73
925 491
296 253
312 553
1376 137
1252 528
556 382
1184 351
694 329
287 138
1227 686
809 79
704 597
496 390
163 159
895 93
423 251
625 264
666 207
425 552
140 305
62 375
1177 452
274 600
456 70
998 377
1187 476
238 692
3 148
811 420
483 330
1119 285
526 625
192 564
984 60
913 603
1102 607
979 107
1209 261
923 537
430 586
933 427
150 49
1 277
391 346
395 76
745 116
902 119
985 446
417 120
243 383
863 238
729 550
1183 97
167 511
447 89
111 181
1368 422
446 98
18 428
387 638
1211 334
7 51
1024 69
1412 661
903 395
286 195
496 564
1214 276
591 307
551 472
42 345
65 663
292 201
12 612
250 550
653 14
199 411
1011 288
386 524
1034 471
314 489
1039 126
394 609
1184 184
562 428
1369 459
1312 77
147 365
748 274
298 66
839 271
998 380
41 478
1347 543
1264 99
1254 42
758 401
1129 610
1401 159
123 685
30 499
1124 372
1370 702
1188 449
1358 39
1288 268
979 87
182 480
186 516
230 307
1031 342
1144 252
787 10
1227 714
434 562
440 262
462 153
284 663
899 263
1326 649
112 448
69 628
396 641
567 209
555 32
279 309
946 130
930 272
33 674
775 537
316 302
67 54
118 641
362 478
906 597
332 325
836 449
1266 213
1058 265
546 414
1025 75
1022 442
551 559
1112 164
853 525
186 696
668 374
157 147
23 618
1122 272
132 637
237 374
1224 357
890 541
627 649
1268 62
571 598
601 202
945 23
448 400
1160 134
957 669
430 515
1168 97
565 595
1137 311
212 103
1337 414
697 432
260 554
1282 350
815 17
1395 112
439 551
1391 274
1294 272
903 183
863 594
80 485
275 639
1229 508
356 215
683 719
1238 124
1420 549
1333 438
1236 672
1200 193
1404 560
683 203
720 552
1165 636
811 465
729 425
621 691
191 317
1142 54
162 262
706 229
268 575
195 166
457 521
1186 85
249 90
1033 294
689 634
810 107
74 388
918 419
975 280
274 497
75 585
925 363
1419 365
926 54
43 256
1300 648
253 534
799 192
664 92
332 406
500 89
874 305
1328 116
1306 64
806 433
1288 268
245 281
706 150
419 481
1238 79
275 629
146 192
577 61
604 440
757 170
371 543
1227 221
450 47
42 179
927 285
138 360
276 535
1360 590
509 396
615 157
670 694
1212 295
630 234
18 92
675 27
732 286
988 245
370 165
206 268
198 557
1316 279
768 466
1077 16
835 385
313 98
836 178
1334 516
200 613
879 626
252 675
198 295
718 473
1370 360
682 714
593 48
569 354
858 341
1228 54
975 705
788 537
116 607
866 16
1219 182
509 137
1033 67
618 123
586 459
554 59
637 522
1221 692
622 628
145 515
1146 488
100 440
798 289
854 530
17 585
129 319
48 439
619 392
144 64
313 657
251 327
1315 464
1392 112
484 309
410 280
1216 506
527 519
809 698
1003 135
241 443
607 553
442 117
266 148
437 446
809 486
428 148
322 421
311 501
847 712
448 77
648 653
1130 101
605 141
729 517
1355 677
1288 112
1433 107
46 358
1421 679
89 615
845 490
413 31
312 173
591 639
99 204
208 628
457 380
1120 493
1035 694
1014 339
1008 609
339 188
1089 297
1169 166
585 396
1055 369
1144 527
1147 486
102 218
1093 702
914 487
897 100
212 370
526 14
1064 82
9 85
237 139
256 330
665 442
1391 290
121 536
1004 692
966 562
23 132
805 391
762 705
812 104
568 648
1162 396
952 351
450 420
647 260
1346 77
1437 482
329 511
1412 97
455 192
1424 571
201 204
899 385
1264 426
1248 61
416 310
1338 42
158 378
975 417
1282 52
470 673
362 701
629 413
1348 383
1241 374
806 379
1023 244
860 515
1379 665
916 436
1427 532
692 226
1344 215
1249 129
664 372
26 672
82 545
1204 622
1205 376
699 444
343 319
46 35
848 33
1344 289
893 487
575 363
556 129
579 21
674 357
313 303
626 80
818 634
3 630
1075 582
1078 561
1010 494
1004 351
54 277
476 388
881 669
1069 486
490 481
197 93
370 387
382 109
448 673
236 75
1298 441
621 113
829 524
255 79
769 268
727 492
12 514
768 134
884 291
567 556
505 18
1149 523
1020 658
1393 578
1150 406
1430 537
6 180
188 565
1126 31
1433 227
174 27
776 564
427 522
1210 186
1323 683
1375 429
643 119
476 490
740 495
1168 174
972 706
943 193
70 712
814 205
333 221
560 242
621 396
1322 519
1276 181
708 553
1006 248
1220 557
295 557
790 383
144 312
161 123
1039 193
1149 313
373 558
1428 220
744 17
267 638
951 450
959 368
560 24
63 367
439 131
185 552
1305 229
857 128
1396 86
1110 118
507 464
39 234
496 350
996 33
697 75
1016 79
561 176
1429 92
207 258
82 211
2 12
91 404
881 53
1316 623
424 386
893 109
606 285
720 663
71 663
71 121
1048 320
842 536
77 543
1252 617
1337 185
845 669
125 554
1385 570
157 227
317 386
401 334
87 443
559 170
980 253
59 467
979 527
1354 70
917 513
1020 578
11 164
461 150
231 422
737 439
707 494
487 554
709 400
972 162
30 510
788 54
350 196
176 467
130 456
1245 588
756 368
254 422
1093 629
1327 216
1026 663
800 30
852 334
278 523
233 492
1181 229
913 10
434 717
398 619
1000 286
134 366
758 44
1102 640
1331 82
1102 55
925 199
1024 620
1229 410
9 158
1349 55
66 672
339 332
811 463
1054 296
884 484
67 471
1002 604
1297 432
552 546
8 686
1415 710
1289 261
498 371
1215 702
979 354
635 108
956 421
1238 439
1302 676
124 42
457 628
420 513
39 210
74 56
1085 341
976 107
209 649
253 97
1375 476
840 132
74 504
966 433
187 147
647 705
12 610
1411 10
1386 61
215 324
1108 283
495 565
1006 646
391 394
838 232
402 293
480 689
1386 468
61 468
583 676
479 74
801 137
107 670
456 310
922 674
1054 567
1363 606
1283 528
1332 299
241 528
620 513
130 117
262 168
41 502
677 149
1034 624
1150 295
1010 676
892 137
513 103
491 36
691 74
850 406
583 623
224 701
527 275
237 480
1076 653
194 449
424 21
1210 650
1327 345
597 42
488 521
638 302
19 622
31 625
797 428
992 406
312 40
1338 231
1431 547
506 579
875 552
1000 57
717 490
482 667
400 253
747 644
302 106
1270 313
829 41
141 523
1432 500
4 450
1009 368
178 440
1147 45
1430 148
624 332
1428 484
1403 670
131 506
193 301
687 245
457 308
1033 494
1184 62
791 233
1230 281
1332 646
302 241
719 586
1114 179
299 700
581 716
281 652
982 288
1316 160
929 446
1134 188
628 687
1332 238
600 113
880 451
840 341
1084 656
551 636
1139 142
515 621
723 396
852 203
1012 237
77 482
169 107
111 523
1406 616
782 165
1114 235
157 257
822 201
344 169
1201 414
1377 531
793 86
1341 618
185 196
1180 86
844 646
1264 574
1334 566
1031 644
40 469
1423 416
616 627
1307 101
653 284
982 286
498 301
672 360
788 508
367 55
26 110
378 646
1295 375
825 469
801 131
270 420
279 111
1362 44
1111 680
971 414
403 158
807 636
818 540
626 354
1433 552
426 402
357 263
323 550
692 686
628 12
335 651
1055 538
1046 511
596 575
817 703
74 338
112 576
1160 484
801 235
36 275
923 57
232 537
629 391
1172 409
437 120
1137 611
1122 405
407 651
32 286
95 701
2 398
1328 314
1 460
682 683
1067 440
101 140
803 313
119 671
131 544
325 52
1405 401
758 450
1257 40
1290 183
1375 281
2 348
1018 371
450 41
1031 242
846 205
1342 600
557 720
176 316
273 232
522 287
340 622
411 373
825 677
1247 325
516 545
398 278
42 275
1055 620
928 306
1396 631
225 681
335 715
1016 220
812 258
1029 490
1264 484
708 87
654 588
110 118
1220 668
757 155
1142 431
476 442
132 638
1143 661
952 573
148 463
1397 425
148 301
744 165
192 516
740 494
1023 332
703 144
368 24
1216 205
820 85
718 705
626 542
1410 645
712 319
393 268
495 249
1348 626
551 155
657 461
786 693
480 97
469 79
1116 261
444 678
366 458
821 332
556 138
0 305
292 263
728 238
1143 23
1167 430
1397 351
1175 478
768 461
66 228
153 159
1124 429
796 205
985 83
1203 392
361 102
285 207
1409 648
1192 42
303 538
493 359
1093 114
570 616
783 571
247 318
936 85
574 393
1428 387
64 169
1424 403
411 601
1343 446
749 236
1241 234
104 88
566 277
1248 626
247 630
954 225
403 82
701 303
504 30
906 547
1316 389
40 357
33 692
975 329
168 465
55 660
892 686
127 651
760 244
568 606
758 598
558 185
1075 309
1071 543
1325 573
1150 248
690 453
784 605
856 614
613 301
908 17
588 284
644 257
1369 611
773 510
195 555
1011 51
436 598
161 232
943 297
1140 37
661 66
257 242
1325 77
50 223
1120 610
1348 11
667 707
652 556
