1111
30 27
423 474
982 1248
199 876
57 1230
1299 1419
420 594
116 915
122 423
1388 1421
549 628
424 1031
391 1407
160 1088
1000 1190
631 1160
1253 1372
631 895
1115 1381
359 928
776 1162
1089 1415
594 897
1121 1299
1274 1418
219 581
1053 1358
842 1208
324 1405
139 690
61 483
302 1151
448 1041
293 574
262 591
1011 1253
111 1276
87 952
1095 1183
692 1228
77 1364
1188 1398
1150 1430
430 1221
550 887
227 1320
778 1359
201 981
877 1140
401 1135
28 470
618 1419
336 1271
24 467
125 1042
1186 1262
595 614
330 710
883 1159
98 723
1278 1395
1063 1154
60 543
197 1257
67 523
1099 1386
992 1136
256 742
1323 1427
346 587
642 1167
942 1082
418 450
1265 1358
975 1432
427 749
1118 1161
1354 1380
414 785
599 1003
667 990
76 1221
566 734
143 1251
738 1168
439 717
1066 1412
356 1131
496 1132
248 435
479 536
697 1113
200 632
972 1160
1405 1419
146 192
314 556
1182 1432
326 1170
752 1245
15 819
1416 1435
880 1146
37 627
92 190
156 269
894 1294
1165 1395
775 1434
27 699
790 1211
301 632
1120 1177
62 900
1001 1278
188 1046
711 836
1137 1375
389 1191
1351 1394
461 561
731 1310
215 930
1390 1427
735 1020
215 870
410 1289
1073 1181
674 1356
1073 1223
905 1175
276 410
598 1337
64 934
89 745
1313 1438
291 979
1333 1377
1077 1250
1312 1344
444 801
1300 1424
703 1027
746 1268
868 1124
1410 1431
1073 1266
325 1410
776 1259
1158 1201
1058 1204
418 1321
596 1163
767 1247
1130 1262
704 1034
1098 1209
568 846
1123 1332
548 891
1162 1365
821 1142
1189 1247
674 1292
1312 1386
689 833
1266 1368
962 1019
1203 1389
858 1028
84 275
1253 1428
1144 1380
1053 1291
399 804
628 921
92 827
592 1160
608 660
292 604
203 222
871 1378
168 818
1295 1318
912 1121
948 1147
754 995
170 351
1021 1177
301 968
932 998
142 980
254 766
1306 1382
1261 1373
1010 1294
327 568
196 225
1149 1396
815 1437
564 1135
890 1089
1187 1218
473 1407
1080 1272
357 1333
485 825
840 899
801 897
1387 1423
1063 1343
1275 1321
1331 1354
1022 1405
1323 1439
160 553
829 912
787 1404
1034 1288
494 634
964 1356
117 242
1390 1435
687 911
583 1384
628 1090
1226 1331
1288 1413
466 1046
861 925
1136 1166
860 918
990 1200
492 613
1032 1435
709 772
772 1196
1274 1307
903 1234
100 554
246 1219
1238 1395
1025 1200
233 352
651 1341
753 1305
1281 1356
678 878
893 960
71 1043
1349 1428
1275 1304
1195 1313
1096 1245
454 665
565 730
553 1389
422 989
955 1245
118 644
34 340
1381 1395
669 696
516 815
1380 1395
293 1420
477 862
559 792
32 1026
270 945
1120 1319
838 927
956 1296
762 1282
1338 1367
1190 1236
328 480
546 597
534 812
1262 1324
646 1205
874 1275
3 1408
1073 1118
339 1242
1322 1354
688 1124
552 1338
1007 1360
1207 1394
392 994
655 1035
1411 1436
213 1287
657 740
1019 1034
430 616
948 1218
303 815
1192 1276
720 942
44 300
1058 1277
166 1374
1259 1386
929 1350
1300 1343
9 1335
44 509
208 1190
1260 1277
336 1206
598 795
706 1358
1288 1344
1131 1414
464 752
20 384
11 382
795 1357
1075 1204
1398 1411
1150 1361
306 859
1073 1220
1191 1308
680 1080
1283 1311
91 310
508 1387
1029 1422
741 897
1331 1385
1205 1330
1187 1261
77 1171
54 606
786 1074
283 730
896 1107
1334 1367
1128 1162
92 401
531 736
917 1177
1299 1340
574 845
155 304
389 1367
277 1275
374 780
752 1365
174 1307
435 1171
140 554
1428 1440
1117 1348
480 1430
59 74
845 1016
1048 1196
47 630
6 180
731 804
1298 1383
211 971
50 1274
1014 1039
311 356
911 1150
1249 1392
656 1185
1218 1377
1118 1411
1402 1430
949 1262
1059 1353
711 1237
810 1296
722 987
659 783
1184 1205
138 510
1377 1435
171 1397
1303 1347
514 674
318 389
1024 1279
114 460
1063 1157
595 994
1266 1356
1379 1430
1406 1438
1307 1347
359 817
534 879
203 715
181 303
864 1423
546 559
841 1046
115 588
757 858
973 1019
915 1249
212 233
294 485
10 983
1037 1107
1325 1412
437 1086
401 1307
1047 1378
1197 1412
1188 1266
453 871
341 644
670 1153
1178 1348
162 479
803 1302
646 837
1077 1213
1346 1421
727 1416
360 1230
528 543
1315 1353
1293 1417
1399 1421
845 1375
15 1031
235 578
1235 1434
1400 1427
922 1094
647 1038
1051 1382
140 228
1282 1316
807 1160
152 372
732 1071
282 1131
1089 1162
6 107
637 734
581 792
892 1271
529 917
103 1130
137 445
1091 1163
428 1251
283 1329
775 920
631 1128
740 1355
792 1302
753 1304
1402 1437
173 1153
61 650
206 677
29 1341
754 898
265 1158
1120 1420
846 1012
547 747
1398 1429
597 1014
717 1251
936 1325
244 423
459 1345
754 1266
1414 1438
556 1222
1423 1434
724 772
98 389
1308 1383
644 803
795 1360
1139 1332
494 1404
525 1309
1081 1433
50 311
644 862
530 1419
166 188
775 1197
1258 1326
893 1251
222 408
478 509
701 867
1391 1407
9 983
1131 1339
287 671
1316 1359
512 643
789 850
1401 1413
777 790
744 1439
718 788
602 1015
613 1375
664 951
506 999
6 695
374 769
771 1173
190 693
953 1198
446 1140
1289 1365
158 200
675 873
128 706
468 1301
1319 1360
1268 1306
975 1398
1226 1312
1033 1306
857 1282
1009 1363
1273 1288
1405 1428
391 949
1202 1431
1052 1315
1045 1149
911 1419
164 1283
1124 1260
505 1274
318 1143
274 803
392 1171
619 1315
31 1241
200 1257
113 1226
576 1337
819 854
434 785
95 156
1018 1297
1298 1385
345 726
178 202
1177 1329
799 1164
1316 1337
521 1290
571 1194
28 498
1135 1151
1298 1320
483 834
421 1003
1178 1394
34 614
207 1369
172 532
324 712
1031 1225
750 1340
846 1015
418 1135
75 1156
227 448
1360 1405
859 1008
1092 1409
1270 1390
574 980
516 1380
757 1402
1239 1387
1133 1371
768 1374
1292 1346
684 1287
1358 1368
945 1308
62 931
70 893
380 1371
553 637
327 1104
478 604
829 1144
334 1021
852 1402
771 1436
31 396
926 1264
1371 1404
871 1040
692 1013
1089 1136
367 491
1010 1341
1409 1440
285 879
981 1074
254 681
564 656
553 962
333 950
1255 1415
556 1331
270 1221
637 981
816 1142
847 1421
1059 1225
910 1358
418 502
448 614
348 1188
943 1167
1019 1177
49 138
576 1104
645 1404
720 761
508 706
3 280
125 1369
295 576
270 575
489 592
848 1218
1313 1432
1325 1346
1371 1431
682 1247
212 1381
507 1115
906 1237
1051 1391
370 541
48 230
430 1036
522 857
682 853
1237 1283
335 893
962 1131
1007 1239
910 1432
1366 1410
1144 1214
569 768
1210 1325
359 504
745 890
0 527
285 806
476 1178
810 1421
326 1310
69 797
159 179
665 1179
1066 1369
1146 1218
41 1393
114 454
390 885
364 1166
168 614
165 488
745 1250
99 467
644 1410
1327 1419
971 1401
323 1085
169 187
1067 1151
925 1056
970 1315
726 750
1004 1034
179 994
875 1180
1184 1286
994 1159
403 544
449 1168
1177 1221
1179 1265
841 854
138 1173
319 494
1113 1198
732 977
163 663
611 714
519 1187
491 1431
127 1114
506 633
198 1323
452 1275
560 984
345 1437
1357 1411
962 1172
583 1245
488 904
690 736
675 1071
413 476
304 1089
752 871
1184 1232
587 1341
698 1021
725 1430
1352 1425
1359 1398
26 1084
1054 1212
79 378
290 793
1111 1127
438 819
590 1216
358 1028
323 1261
1233 1348
992 1095
879 1113
394 1095
489 1381
544 674
939 1215
940 1159
1397 1411
965 1192
753 885
533 1255
699 1422
488 1280
52 550
150 1356
1411 1439
1416 1428
1048 1237
57 242
300 740
520 1324
252 919
352 783
1027 1384
1275 1340
1018 1249
188 293
1140 1417
59 1097
443 677
1413 1426
1111 1312
1093 1237
822 1046
518 555
551 634
892 1333
384 626
560 1151
737 1101
919 1017
123 996
54 503
912 1360
476 767
495 1058
728 1134
837 1287
1326 1340
143 1006
768 967
1139 1432
108 1380
459 873
359 787
1420 1434
899 1379
605 1436
733 1262
112 907
876 1038
1332 1378
186 1063
891 983
1421 1435
435 789
446 1232
964 1345
47 533
1418 1430
1003 1361
173 534
512 665
940 1098
1054 1077
582 952
798 1334
568 1039
1194 1243
1148 1346
358 1042
1038 1392
138 339
595 963
1284 1324
1184 1313
1065 1367
814 1118
1125 1216
526 878
592 1429
318 830
503 794
139 1365
147 444
1405 1440
1280 1414
694 1179
643 1108
678 799
91 1328
324 1066
593 1345
34 485
799 1030
1197 1390
1340 1391
170 326
432 787
504 1201
1051 1313
1208 1329
1150 1233
825 1425
599 767
713 730
1387 1430
1335 1428
1072 1150
995 1407
1217 1232
1194 1282
819 1167
277 662
1348 1368
696 1361
1238 1304
311 936
465 1100
1142 1313
655 1205
1032 1129
302 961
127 1192
89 1271
1337 1389
860 1302
182 1063
1308 1415
890 1357
571 1113
346 443
939 1019
251 441
197 1399
469 1042
141 1351
1303 1323
596 1286
39 194
365 914
130 700
725 1298
13 449
881 1366
124 364
510 988
1229 1267
943 958
311 1374
662 1325
1401 1421
345 816
1144 1437
128 1247
105 556
1317 1395
751 1304
742 772
378 1392
1089 1414
234 1181
980 1359
63 1201
1354 1429
326 644
153 1388
367 762
392 820
157 330
1238 1412
559 1341
449 1267
1299 1409
1180 1397
848 1403
78 1269
831 1406
1039 1194
237 1176
1130 1219
978 1227
1408 1437
426 1029
1302 1428
373 787
318 1139
1262 1281
1379 1409
210 251
779 861
949 1267
498 1207
437 1094
200 849
215 1368
689 1423
830 877
572 936
641 677
679 1217
699 1367
1231 1281
1374 1420
1352 1413
103 470
1333 1387
812 1365
51 1319
263 744
62 1350
741 908
384 813
1057 1321
81 955
868 1040
364 423
1374 1384
1003 1086
801 1176
90 1311
1384 1404
1211 1384
823 1076
1387 1426
776 901
945 1085
955 1220
684 1329
206 365
368 681
1060 1407
891 1303
580 646
483 1308
416 1184
1294 1327
563 878
757 1358
381 793
1308 1348
992 1216
1054 1398
1362 1406
1362 1395
335 1245
861 1090
195 980
1074 1324
1387 1402
490 1048
425 1347
419 1221
361 621
288 1115
660 1233
1312 1431
92 280
61 1100
44 847
936 977
103 1203
1266 1435
193 1313
1090 1324
780 1287
977 1273
795 1321
1243 1429
240 926
351 446
477 1302
316 1356
607 983
1318 1424
47 1320
872 1145
644 1102
445 1386
373 985
1193 1212
467 1116
425 655
601 1277
92 231
348 1235
933 995
1425 1440
318 419
914 1420
1006 1344
665 1087
843 1366
906 1435
809 931
1252 1437
395 443
170 1207
594 1235
1420 1435
925 1144
1046 1078
387 439
1032 1212
1059 1084
301 758
1125 1357
1332 1362
556 701
167 503
970 1301
343 909
641 882
1373 1399
1205 1228
964 1060
42 1314
97 582
758 1363
1403 1428
200 741
1125 1380
1316 1402
611 856
328 509
265 1198
1176 1204
205 895
212 393
1006 1241
1267 1283
1056 1097
683 999
830 1413
625 1300
250 600
1090 1173
308 848
595 637
300 1095
196 846
1006 1242
614 1029
251 1018
1143 1303
872 966
75 663
934 1142
1364 1415
1008 1294
879 1057
1192 1398
1249 1388
580 1040
446 597
1270 1288
539 1383
677 1403
246 1090
