409
43
162
184
97
48
30
124
6
45
24
119
40
134
44
184
196
41
118
136
200
28
128
60
42
31
146
121
193
120
148
159
93
188
36
19
161
9
27
1
15
155
42
131
138
7
67
170
160
104
171
156
32
183
166
12
129
95
173
153
146
160
66
146
25
89
119
21
135
146
188
23
121
42
62
96
12
43
64
177
66
193
63
168
180
105
144
156
192
40
185
46
169
63
197
43
89
114
175
196
87
101
181
100
76
53
46
110
50
114
181
11
131
1
67
117
85
121
96
144
120
93
95
109
120
55
5
67
102
135
80
87
174
11
184
179
102
18
72
102
68
191
113
195
101
149
79
132
35
124
14
109
177
122
169
77
4
71
195
93
48
113
196
73
88
197
102
115
48
73
61
90
170
2
103
29
157
78
164
58
195
184
29
127
81
12
198
171
53
193
141
89
78
173
13
126
23
26
111
166
195
4
141
98
34
3
71
47
146
163
141
61
47
24
141
97
175
8
27
106
127
94
11
8
105
100
175
31
199
62
180
192
127
29
41
155
127
50
19
8
100
83
136
183
59
50
33
122
86
157
95
95
98
68
140
23
192
153
192
70
40
77
159
153
110
147
117
23
141
173
135
127
117
195
11
73
27
191
181
66
195
136
71
124
122
44
40
56
143
72
178
133
36
70
167
174
7
149
74
89
150
130
17
67
167
123
105
155
1
141
27
116
150
35
149
10
130
55
142
145
182
154
107
79
136
79
115
45
94
83
57
168
19
19
107
68
188
59
121
138
6
136
188
110
108
128
58
47
170
200
135
23
7
153
104
198
86
5
54
186
158
24
150
49
31
163
1
67
85
17
78
183
6
186
109
117
147
101
72
19
70
17
84
47
183
18
126
50
19
148
125
98
25
184
131
76
137
197
87
125
74
108
169
66
142
121
188
122
164
93
