156
3802
245
2042
8999
186
6725
2682
6819
3090
4482
4964
4392
8423
2796
7031
3974
2143
5006
3048
8141
307
9312
3535
9985
3520
6996
5417
4748
2386
6859
3826
6238
5860
7684
3902
3166
9140
6271
9517
5595
5279
2344
8313
1647
5036
7290
6609
3025
1221
3127
4564
6575
8901
9771
693
1283
5965
9292
4902
7054
2103
7039
6988
3310
3514
552
5758
8256
5221
3700
3850
342
680
7692
635
5479
534
7645
2905
8808
6869
488
5874
2005
6867
2627
9513
441
6748
9294
4072
7909
1914
5314
571
8077
2566
9496
6647
3198
8081
853
6694
7194
2978
4711
2358
1393
2035
1701
8597
5898
779
9584
1047
5982
2243
7405
2528
5052
2854
8376
6562
953
7227
8433
9671
9995
7903
3013
2097
331
5405
7699
8461
4976
3085
5528
593
5814
1568
6840
4146
5387
4624
7917
1180
3248
6983
3543
5910
3942
5990
963
3082
5110