324
8894
7434
2765
1512
6776
2475
7573
2402
188
5832
8186
9666
9109
6186
7439
5326
9994
9515
4414
5753
3867
4186
901
5815
8203
4013
7686
5318
675
5617
4471
1678
3203
1512
862
3830
5111
1933
1142
6908
5668
3787
9529
2287
1196
1593
8684
9718
9070
2549
3548
8827
6549
9087
6376
8328
7816
9452
9445
2910
3510
7627
9221
4063
9774
6020
3972
1865
2758
7629
1393
7934
3580
8835
8266
1924
8273
5638
2015
6958
22
8066
4708
7731
8920
9800
7715
9542
3047
2340
1736
7541
8479
7186
8259
3239
8855
3301
2843
9833
9634
1636
7959
3586
7080
3839
1462
9796
9255
3059
1765
989
7902
4420
6330
9059
8960
3942
6969
2190
2662
8145
3926
4749
4147
9410
4919
4697
391
4208
3953
5043
3696
748
1004
2311
5036
1697
3458
8850
7080
6878
7439
8405
182
9048
89
5663
832
1015
3729
6261
670
513
620
4183
71
836
6313
9458
5462
6980
5032
8964
2313
1214
3923
7368
1940
2164
4737
9415
2060
7521
7974
8238
8759
7430
566
3963
8017
4325
7584
8176
4232
8770
1047
6753
9810
8220
6766
6616
2822
6238
4336
4404
3508
3941
3027
4996
2627
3767
7140
7934
3844
4602
9859
9686
2707
4198
6712
7172
8897
8718
399
8128
628
8902
9178
1087
7797
2216
8791
8469
1015
8088
7166
1229
9526
103
2121
4173
9894
4891
5675
8401
7866
2100
8914
7833
7263
4869
5551
5630
1341
2627
5298
1075
7053
2066
5461
3991
9567
1712
10000
7523
4049
8879
8719
4902
4286
2992
6645
9097
9257
5684
2973
7726
6584
7509
5992
5961
9376
7036
6563
9123
5929
2026
873
676
2060
8103
6316
4536
1503
8755
9695
9164
6492
7940
7168
4881
8031
2366
7757
9329
6201
3766
8291
8924
7302
7536
1723
4358
3001
6553
5218
9535
4569
530
881
7797
745
6904
5993
8858
4037
4426
2501
4041
5672
2919
1381
6514