1001
1198
9092
9019
9445
6850
2946
583
5150
2168
6982
895
4697
4514
1757
4695
5487
7713
1649
920
2160
7666
1569
7689
4011
1240
501
9390
6641
1597
6064
8943
7491
5796
292
5938
8485
8240
6588
1221
8945
7280
4206
4606
464
8358
8597
2988
1978
9423
7019
1332
6889
6603
7480
5729
1671
7036
5166
5373
969
3150
3086
2205
4514
9674
9815
5332
2780
4269
1404
8192
1357
7416
5036
9376
9710
7821
6046
9825
8459
310
6491
8845
9454
6754
7048
5420
4369
3031
1797
39
2199
3638
520
9240
9177
5973
9999
3301
8214
5931
2657
760
4306
1993
2025
3589
9898
23
9069
334
6305
1098
2970
6515
4159
391
3926
9274
7418
2289
263
6285
3001
6971
3754
5451
6508
9458
1066
9692
2765
3627
4722
1892
7651
5497
9181
8952
3572
6176
1709
9893
9850
8445
3877
5990
4925
142
7196
5054
7841
2994
4329
2152
2960
5494
7378
7796
6925
5030
7242
3385
9063
9127
2910
4091
9334
2572
4597
4420
6210
4211
6757
1909
7276
213
8492
5780
2179
4414
7527
7388
6075
6875
4997
4035
3165
9026
678
6963
6507
2165
6329
5281
6805
3100
1470
3295
7535
1806
7085
2962
8591
5047
3062
4472
9958
5459
5209
6322
7604
6860
7973
459
7049
3228
1221
3797
9635
248
3094
5691
7571
2463
5631
8451
2102
300
2423
1553
3908
1067
2111
1468
2911
8499
229
3985
4359
7353
5458
8417
4344
7283
4388
9471
7755
2705
5043
3887
3444
3130
1559
3820
2225
7681
9854
7018
6310
4826
7886
6441
8243
7685
3855
2962
2458
6021
8553
9972
9028
5120
2142
1587
3952
1643
8073
4451
8217
1975
3667
8485
4476
4926
7538
6999
7344
8556
5360
6437
7522
2547
9189
4316
2604
5706
9906
6582
3718
125
4117
584
1906
9018
2201
2987
871
5846
8540
2243
8351
9799
3958
2252
9404
7027
9500
8487
8469
139
3185
4619
4007
8619
1808
7719
855
8416
4412
9736
3914
9436
6667
4083
5322
546
7450
9380
5884
9916
9990
8395
2158
7450
973
9183
7133
4492
6345
6608
400
5989
8160
9292
4803
7351
4428
1767
8321
5255
4073
9656
6740
7777
4627
6969
183
6577
2121
3893
7507
8913
3648
5764
320
2955
63
1091
2109
7175
8478
622
9650
8349
1426
6069
5674
8363
4712
4335
5295
1247
751
9628
6611
2845
4726
3741
3461
2296
7024
9888
5095
94
5137
4640
4725
3992
9663
2587
7992
5220
3868
8569
7811
8029
7560
7060
2259
4067
4970
4589
5286
7444
8762
5556
9080
8874
7079
6121
3331
5019
7693
3046
7014
9291
5398
7044
6561
7386
516
8377
3711
8733
126
2961
1109
8855
2932
9062
1810
3202
3334
3132
4373
9734
8497
8769
9224
5586
782
8513
1611
3131
9460
6189
1062
3098
4952
86
9739
2442
9582
4120
7255
6907
3601
9044
6860
2362
8490
2055
3511
9720
7206
3601
7739
664
1960
9149
7905
5223
5944
5612
2858
5354
7160
8886
9164
2068
1687
7075
6556
424
1882
3317
4351
7481
5461
242
6301
3711
5408
6013
7687
7715
770
7964
6431
3549
3597
4958
9670
5357
8660
5342
2361
2979
9333
5627
413
2415
9772
6668
3459
5850
4222
1181
7003
1529
6159
7118
4206
4724
6358
8448
8527
2011
6182
2526
1494
2624
2064
7455
3362
5668
926
8575
3187
3612
8727
6825
8061
1616
9461
9612
4685
2487
8826
1291
919
2236
3938
1866
2444
2625
3898
3778
6334
9798
5945
4144
3312
4839
9745
274
6550
4842
272
768
2197
9534
8674
1822
8777
3719
1459
3868
5434
5293
2283
575
4323
7178
6622
3444
7541
128
6267
9303
1571
5774
5706
3183
7152
7182
7350
5599
2582
5799
6114
847
8823
5311
934
3327
86
3182
9490
1238
2528
7854
7087
1249
8197
8726
2011
1322
207
6833
8030
9430
9104
4009
1629
5240
767
9613
6946
9942
8202
90
1168
7388
9890
8614
3427
4153
4962
6997
9735
2253
5554
8532
701
405
9733
5366
4036
6395
6924
3188
665
1136
3720
1025
5188
4564
6003
1102
5768
9970
917
3298
7429
9029
9141
8577
5942
6747
8142
2498
7129
7374
2877
7518
6352
4577
5172
9464
3021
8930
6147
4661
5713
2403
3397
1020
4567
4240
605
7404
3432
2372
7322
4871
7608
5332
2421
2966
6685
3008
1032
2194
4422
8521
6335
8854
994
5248
3788
3376
7520
5260
6381
3790
7219
6464
1691
3440
7695
7558
2233
5682
5411
1709
1072
1645
4848
6886
5218
3887
519
7020
530
4022
5229
3333
5054
6987
8624
8512
9979
1034
6093
8518
443
6290
8844
2588
6276
2183
3032
4254
9820
1787
5820
2657
4346
1775
6863
5008
6226
9565
3901
5289
2040
1528
2851
5478
6999
6715
4207
2089
1081
2373
7252
6538
5106
2891
7221
2326
9476
5196
8510
293
2044
9668
5298
2312
5733
8925
3929
3167
2505
831
4775
6792
7965
9472
9726
8040
4345
7833
8995
5101
2588
1616
6060
8463
2017
1825
7938
5947
5091
3236
9954
3115
5371
9331
9583
48
7942
1586
8595
582
1939
232
7121
8858
1108
4794
2533
4293
1634
9277
4955
4271
1235
5447
7023
9869
9104
5624
1962
2563
8226
1034
6248
644
1607
3668
3298
7566
5924
1028
8010
7768
2152
8148
4837
4909
7676
5501
7410
4747
3354
9079
3386
3179
9202
4050
9844
5953
5047
8511
9901
4445
6881
8823
4747
5793
1566
7502
8286
6400
6710
9076
5697
3729
1986
1881
1536
9860
7657
4221
7855
4361
9670
3831
9929
8232
168
6309
5288
2497
1590
1432
1779
7116
7215
8661
8320
7300
7586
6267
2506
7319
5519
8691
2277
3561
7146
2214
6109
411
1181
6120
957
2942
9869
9083
7239
6850
4450
1201
5372
1927
1541
1306
7529
251
3730
5275
8685
6506
4711
9584
7108
1453
6585
2747
3707
6835
2785
5977
9239
8090
8850
7622
9424
6430
3989
1190
1472
3321
1739
5444
1164
7687
9292
7135
5596
1779
6964
8684
4189
8708
3776
6425
8093
3727
9808
1068
4087
4515
3376
6991
2087
9181
2583
2619
3161
6862
3257
9664
1737
7875
220
9782
9732
4976
5146
2570
4986
6093
2454
2560
7315
6808
795
1523
8270
9610
9206
5122
8767
2836
1491
6585
5041
8383
3827
4591
4254
3730
2122
829
5110
2038
1547
8480
237
5382
633
291
2062
5506
6093
4871
613
7805
9314
6592
7569
1848
7253
5137
3735
7369
6840
5295
3380
7164
1464
4538
5405
2981
9886
4835
927
3775
3114
9117
2324
4628
8340
5487
4337
3734
2880
4247
8393
6758
20
9008
5970
1351
9674
3239
736
9146
7529
6177
6397
7388
4276
6031
8223
8644
553
939
9353
5181
3184
3975
6550
2693
4884
1910
2575
4568
4908
9060
4869
9178
1989
6076
2436
4425
5591
1008
7116
6669
7623
5911
8479
9243
3546
7904
162
5282
2352
8062
876
4968
1176
3394
9839
2218
3052
7683
4343
7067
6715
5720
7767
2102
2590
8164
2154
2136
6375
6432
4102
4177
3402
4631
6903
5553
9442
60
2269
8909
1121
4921
7673
155
4928
9174
3827
2051
1662
5815
3084
6378
3922
2035
9495
5976
8627
1560
4874
3153
6206
558
3794
8693
4748
7565
3380
6976
7743
486
156
4630
721
1800
2491
952
2738
4675
6253
2850
6252
6549
3850
2170
1423
4936
5941
4235
8425
7219
52
3459
1646
5334
1693
7699
8196
5243
3297
7999
5708
25
710
1418
5358
9767
6227
4023
46
8055
7720
6078
5781
1407
7743
9817
1163
7492
7253
2926
2061
1398
719
5411
9455
7380
6837
1532
5403
4212
4127
7409
6729
9810
5741
9218
8753
1342
2122
9543
6991
2006
7634
1390
558
6335
6252
2442
1793
4135
3050
3220
1388
1298
1475
3110
1918
8717
2013
1179
1575
2118
4509
902
8488
5261
6479
3560
6198
9943
3211
263
8365
3228
8954
3589
9037
630
1210
5567
5835
3121
6363
9621
4468
7132
8497
4469
690
3048
415
6535
3842
2216
6353
3816
632
1063
3840
6585
737
1777
1533
3688
8759
9973
8963
6272
5528
7188
5953
1356
6261
2593
6167
9297
5639
9620
7414
3263
2166
2865
9927
8114
1030
5823
435
9908
8179
1995
6310
3483
8128
5395
6649
6176
2510
3657
7632
6054
7656
9031
1598
8523
3041
3872
2628
791
9430
4602
6739
7341
8605
3188
1280
2464
7600
2671
4670
8820
5809
2324
3408
4311
3823
8673
5000
7168
8307
535
2406
7319
6458
3230
2889
5280
8934
3221
4928
9062
5790
5226
619
4517
6729
3721
5910
2633
2297
203
7518
4747
4358
9092
7232
4821
1974
4076
6881
4350
483
8178
6844
2279
2379
5650
9806
1338
6695
7051
9733
8707
6245
3179
4239
7078
296
5328
5986
5809
1511
3337
9980
4403
1479
9605
4896
3602
4173
6802
7374
6595
2371
3181
9755
8730
1115
8961
1146
498
1557
611
5793
9968
5587
8313
2199
4383
588
9466
7740
1325
3341
6719
6886
2346
3018
3642
3436
2168
1776
5123
8570
8816
5390
8895
3263
442
7456
6619
1203
201
6183
8212
5568
7631
1370
3258
7533
5580
9135
9904
4470
1597
1955
1479
4527
8544
438
2565
4034
5502
1982
1260
5011
7659
2526
4439
7960
4649
4326
8890
2494
6795
8255
1607
4335
6620
7611
8318
2341
2180
2224
903
2078
45
8810
804
8781
2451
3042
643
5972
1340
1972
3281
3944
3277
8790
3946
7267
8368
9484
2226
2545
7668
7087
5422
7272
7990
1939
6295
1213
2746
613
7050
6742
344
6921
4238
4002
9867
4320
3627
1014
8525
7754
9849
5310
1038
7139
7794
6069
2740
8850
980
9224
919
9687
6156
4919
9604
7476
6519
6526
9185
154
8237
180
4645
3328
9822
6904
2381
5340
4747
8233
4399
8316
9042
2020
5476
8979
336
8108
7554
2449
7477
4963
6073
8074
8115
38
6885
1225
2514
4977
7
473
2769
2340
7313
5968
7890
6437
5844
25
2532
6452
2320
5166
3385
4614
8411
9694
3852
6637
7610
2676
395
5506
3824
8542
533
506
630
3027
8445
8047
2385
3011
3783
2379
9561
4984
3143
5188
1241
504
6554
9697
6838
5092
2976
9452
5049
4770
9146
3899
5086
8857
3735
496
4203
3690
5946
8015
8849
6174
1783
7787
2808
801
3304
2394
2250
6734
7514
3394
4832
9549
6222
8321
9302
7686
6917
6020
4137
1268
3233
6558
2864
6831
3489
6643
2748
2211
4180
2559
4369
607
4439
8986
4750
5333
4780
330
1634
5926
1428
8722
8121
3477
6312
3356
3987
8420
202
6332
4104
9726
3330
4431
4506
9588
6107
5080
1517
6517
5247
1845
9584
5524
8456
3382
6167
2675
1432
6900
548
2587
24
1735
4137
5999
976
5591
5466
3827
952
5827
5974
7840
1336
8345
65
595
6334
9398
2860
979
9486
1125
8315
6313
7580
8735
7406
3926
5692
8548
690
2364
6850
7038
1372
2833
2021
8925
6280
2357
3773
2648
7970
5567
3677
4366
1002
7346
8907
9311
1022
4977
5347
2111
9328
885
4768
6211
2962
2885
2625
1659
1950
1129
9378
3871
4042
5195
9422
1820
4962
8638
6419
3454
6815
8367
1060
7328
6523
344
5556
2543
2593
3073
4545
5605
3804
5932
8481
5186
8136
8886
3593
7679
2374
1205
2552
9739
138
6934
3819
9273
3357
3260
2739
1152
4783
2859
1670
9792
2391
9689
4341
2123
6566
5253
1353
1958
2267
5088
2014
6905
3375
7832
9173
4885
9645
1534
4180
4542
6513
9934
5729
7258
293
7632
4527
5485
3143
4500
1086
1761
6718
3771
3139
752
201
4753
4817
2476
3297
2570
7151
9291
208
9633
3485
2007
2923
4798
7309
8922
3584
5945
4989
9691
666
9849
5297
7188
915
2248
7574
7530
2466
1914
6673
616
8639
3747
584
3093
2850
4233
6895
1913
4117
8250
1727
9774
1121
6565
718
7668
8127
3296
3447
5282
173
799
4487
9847
3743
6231
6029
8722
7371
4731
7094
2739
1645
3763
622
5044
9522
8688
2587
2416
5735
3461
9451
5138
9250
69
2674
4518
1743
1604
6904
1963
8747
2345
7149
1782
3684
6439
7033
7311
2009
1797
603
6120
4854
816
5118
9866
4102
7701
9649
689
9989
6493
6462
8885
2053
7701
1651
4853
3651
7777
5148
6908
7761
3073
8986
8594
3747
5918
8554
3429
354
7526
7929
5722
3592
5240
1866
2433
8084
7803
6824
8677
8805
6846
5149
6162
9235
450
5853
8297
2135
7544
1691
928
7767
1021
8573
8275
6177
4763
6347
6745
9843
1797
7960
9042
8424
5073
2160
6097
1484
6016
2230
1267
8684
7274
424
6691
3767
2066
6027
3970
4535
849
5257
2834
9090
8668
4077
2192
731
6584
9258
3978
9603
2957
3993
1896
2122
2694
1584
5662
4925
5853
8785
7640
1191
8303
8026
3674
9238
2127
4848
7509
582
7963
1274
1604
6336
7006
1747
708
119
9342
9979
8501
6413
5616
2128
6812
4447
8321
5129
2062
3774
2800
7019
4063
3259
8265
6484
1306
5259
9422
4562
5220
4669
4906
3135
5715
8774
9580
861
9150
5927
1573
4871
2012
2014
3905
6987
7023
6048
3825
403
6586
6486
2057
5844
3296
518
6833
666
6255
46
9308
8788
4524
3013
5936
6770
1519
9454
6583
2703
3945
476
3882
7492
1266
1050
8597
1615
9858
2132
1298
619
5894
9833
4858
6906
3418
7954
2487
5869
4783
2662
2648
6888
2646
2874
8511
6749
7249
542
2729
1618
9263
742
1865
3821
694
326
1728
3670
6286
8857
9988
2185
5591
724
6941
4161
9117
78
6443
3451
3686
7542
1743
8479
2004
1744
2759
2658
7707
3694
5113
106
3193
9187
9497
7378
8242
5196
430
4544
1396
1557
8787
1126
4800
2789
9755
7271
5462
4663
2129
897
735
8016
5578
8330
8871
6218
3159
4588
1649
9646
6352
9852
5451
2586
7995
2091
8571
8921
4776
4667
4058
1390
7852
5236
3691
4536
9659
5605
5844
7409
4219
321
1347
3089
4455
1105
6471
6741
1140
1072
4387
5958
6428
2525
3099
5269
1618
6953
3898
4973
6592
1233
5729
6010
117
5728
9152
1132
3866
7216
2307
7522
4928
4929
6883
7934
6475
577
8273
2354
9343
5110
3196
8118
8259
2417
9094
3010
5450
8892
3974
4302
960
4440
5468
2149
705
1314
4382
9544
7945
6585
6700
8291
9435
7349
1412
2748
2849
2345
1749
4847
981
1819
6763
6487
6072
3652
176
5316
7884
2905
661
7574
5682
2438
6884
2662
5061
4296
9641
6403
7187
4165
6799
5131
7102
4049
1743
4491
2814
8249
9212
5684
369
7942
8607
3558
465
8259
1226
6856
2101
7728
8933
856
5792
9396
2921
6541
2934
9039
4032
3304
508
848
5208
7124
2155
1552
2942
9269
8343
2124
2358
9080
1452
9119
5177
6656
8238
5892
7006
4496
3070
2756
5414
4371
8858
6282
5575
6931
7309
6794
2730
585
5814
7529
3111
5168
6402
1310
2413
2313
1533
8857
4090
3332
8057
3310
1597
5995
3421
7893
4014
430
6012
8131
5637
7787
8088
4754
1653
4488
3974
5506
4427
2038
2555
5300
7099
2014
1737
4600
5446
4915
9835
6347
9458
8270
690
5457
2583
7352
6916
2191
2996
8770
6094
9484
7636
8040
5411
3214
2934
8085
3509
3272
7374
2157
6337
7847
6471
9423
1203
7521
1228
4841
5377
6208
2432
2939
8877
5733
6123
5543
9820
9007
3084
2501
2965
1430
3245
2396
3775
4333
9772
806
7627
5072
6101
1360
5623
8651
584
1224
2722
1056
5361
1132
8920
3068
7766
3074
2018
2254
2923
8588
7874
9643
6894
4021
9209
9876
6313
5055
9457
4806
1830
8384
3484
835
5390
2624
1877
118
7231
5003
6126
6440
6364
5881
4597
1405
6424
1963
8243
5413
1544
4821
295
8967
4558
4036
405
108
9495
9742
8803
9629
4089
2936
7727
6263
9164
409
1588
2321
9289
2844
8392
6089
9165
4540
5186
6493
1051
5628
5920
1128
8087
6848
894
3273
9075
7131
7187
2809
2930
7796
686
7770
6876
334
5316
4426
3731
1970
3406
6144
9229
436
4197
3760
1865
5884
3788
7820
8272
1962
5876
4221
335
9694
443
6039
4139
7817
9675
1303
9187
7098
1133
17
3168
12
6071
3359
446
9767
1096
2832
3779
1256
9877
4723
6646
1021
8979
2592
9692
5918
3320
1594
7252
7065
4013
2359
2283
473
5417
7038
6963
5485
710
8294
51
6708
9169
6603
6033
5767
1648
1991
4562
5551
3021
3115
7380
8382
10000
2981
9441
2824
96
3302
6151
1983
4980
7807
1640
4619
7779
9167
9544
9007
2253
122
7613
3430
6937
5621
1761
1210
1508
432
8299
5035
6429
4997
137
4916
7615
8706
7805
9489
3157
6202
7983
8299
1442
8243
1033
2198
5975
5890
4491
3706
7977
8031
7873
8288
7917
8818
6408
2413
1787
877
5568
375
6687
3937
8387
6980
4764
7852
5956
1705
4984
436
6300
4308
5558
5851
7416
3752
5796
6988
5610
8763
4638
4301
9098
7925
6101
1391
6048
7440
8480
2762
7177
6317
902
990
3262
83
3959
2519
6839
11
5449
369
9083
1010
1103
5632
4893
687
4181
3011
7332
3618
6228
3489
4048
1499
9451
5029
3409
9015
1001
6188
2953
5022
3940
4668
8203
2585
5823
9850
5810
9565
8899
4690
1009
1233
6541
3221
5994
8722
9684
6986
8629
27
7417
578
6751
3454
1645
894
7269
9594
7550
4788
4671
577
6263
1841
4343
9957
3481
8950
2888
1178
1820
9826
559
4452
3400
7417
5684
4217
8999
4597
8066
8567
5270
7185
6223
2201
6220
4479
7418
4945
4750
4987
2311
1718
136
3140
8042
9888
7887
4717
155
5408
8387
4980
6833
2563
971
2103
5861
3644
6573
3952
4564
3325
1126
4687
8632
7473
9407
8649
9309
9808
2599
9240
8579
1124
9334
1651
7943
2460
6418
2505
7455
5735
109
7155
6314
6635
6599
5061
1256
8539
1245
4348
1910
1934
7716
1501
3878
6873
5862
6595
8333
8813
1255
3942
9398
6207
2312
1340
8813
4541
3356
5973
2040
8770
3132
385
2730
4555
8351
2387
8760
8140
6145
8545
9193
9782
6049
3736
1194
670
9846
8538
1715
6827
8754
447
5893
5527
3208
1252
6736
7532
3570
7122
2388
95
6667
548
8412
3019
6490
9007
9289
7487
2543
1761
109
5169
3984
1137
5214
4575
9519
8696
9895
1624
6396
8809
9313
6339
8726
8066
65
3753
2301
3811
7881
883
7218
9097
8304
4883
4136
4276
6682
5755
9696
4746
4427
7022
5668
9921
8483
6065
3972
929
2383
1437
1902
83
8670
317
3481
8700
9400
8903
3721
9808
837
780
7689
7481
6871
4847
4169
3355
4761
4628
316
8988
4644
8743
6763
9300
5801
2524
5766
1942
7455
9459
3263
3989
9689
3577
2561
1431
3967
4659
8685
4242
7645
7900
3595
452
4180
1914
3137
7756
3788
8958
8327
6041
9091
6063
3511
644
8892
488
7807
302
5460
7529
220
5865
9800
4607
4817
5491
1525
6191
8576
6934
1403
1680
343
7090
2670
8085
3092
4751
7235
730
5753
9772
950
2319
6194
1712
1216
8044
4192
4642
2949
846
82
154
2988
502
1318
41
8453
9247
9462
6665
4956
4438
3434
3263
7664
1094
5274
5232
8614
4320
5504
9699
4918
7177
6318
3839
7330
2815
8311
8027
8338
9735
8165
1166
8038
8442
6840
851
6694
9795
7624
5496
9211
9710
6147
1823
8585
4106
8925
3059
4008
5363
7667
8785
9525
331
623
2974
7003
4237
5535
8527
3897
5207
7779
841
228
8739
7317
2079
3797
7880
123
6914
22
6006
8081
5725
1383
5801
2305
6411
2602
4837
1585
1622
844
6034
7312
4125
4724
9934
2882
4095
4695
4943
9525
3505
3023
1500
239
6278
2546
7111
8656
7380
4438
5446
9500
8136
5451
4774
5307
1441
8390
453
6473
8773
836
3034
1491
9555
7559
8353
7440
9788
4033
1630
8420
2952
9962
2828
9888
8462
4969
1600
5624
1275
5642
8810
6296
6084
2682
7560
8266
4704
9322
165
9878
8304
6609
1555
1247
6307
2775
7933
1169
3737
2441
5513
6021
6170
8663
1755
872
5800
8719
79
6561
1852
5536
7051
74
9750
1777
2141
9072
7883
9575
1473
7860
3655
2967
8223
4382
4961
731
9426
7727
2997
8753
8481
2993
9271
2041
1252
6083
2013
6562
5998
5516
5159
5093
3685
9238
1697
6267
9739
663
4371
3509
6707
8720
1020
6949
6654
6729
7998
543
6145
5906
9913
2218
3187
3957
8341
4444
1032
4838
6890
9240
1015
9616
9702
1636
5472
9277
5876
8411
6175
5886
85
8153
9959
344
7711
1286
4711
3401
9930
8955
1933
4555
6228
2183
4221
1220
9859
3044
6332
5063
8481
1178
4161
6339
8335
5406
8815
9384
2405
7049
6819
6726
9838
747
3144
6724
8984
738
1957
8222
3504
9692
8540
893
5263
305
4516
6602
814
2114
9904
8155
821
8482
6831
25
7153
8453
8226
1459
9834
3420
163
3161
4862
2969
9271
579
3250
7934
8629
1793
3435
7087
5881
840
2293
5465
6749
7782
1551
4614
4341
2451
6249
5993
3393
886
6548
529
4536
4458
7171
4657
1739
6408
5090
7126
9420
8639
7671
6677
5028
3365
1524
9745
8841
6926
1400
4611
564
1938
3190
3315
4379
8123
8180
6713
8951
4324
4459
9108
5622
6051
7837
3171
1505
520
6916
2366
1065
5952
7347
6350
4292
6202
9723
1485
7165
2337
7699
252
799
8855
5567
9610
735
9515
1911
9923
8799
1018
3980
9790
2928
3899
5531
260
7166
554
615
3726
9798
1793
4477
3042
396
4358
2621
8231
7156
8363
786
8154
492
7173
9738
1236
8597
8232
1062
5740
7657
5606
1412
3601
5202
7238
9149
9857
6196
423
7727
5443
2250
2347
5132
9928
5
6585
1655
454
9607
8282
7543
5173
7009
2575
3183
1115
2570
4637
8009
9743
103
5386
2816
7592
3182
509
1543
6456
9229
7427
5977
9652
1025
2628
8757
5333
212
6605
5594
5806
1738
6216
5464
7925
1029
4685
6917
341
8530
863
4156
5440
8530
6408
1403
4228
7288
9789
3965
9050
9194
7103
4511
7321
2860
6228
5646
6243
8263
5421
5603
9250
1910
3749
1909
168
8137
20
5010
2074
1680
8735
4819
6388
3361
6785
4425
6823
4151
5083
2105
187
542
1855
5027
8800
8989
5862
9758
8554
220
3287
6850
2186
295
5455
9378
2289
5456
8063
7066
3215
8816
412
980
6324
957
3382
2509
9655
9434
8223
3011
5139
1992
981
8573
5661
9727
2205
2393
9930
4207
1881
7833
610
1612
5887
6897
5894
8519
3297
3560
6365
7569
8418
9192
9335
437
2313
7439
1784
3280
3765
2753
4860
2943
8102
2349
5149
6528
2781
2201
4673
1827
6390
3801
4552
8463
6551
3017
1303
4438
4576
2658
5185
1282
3391
2718
8069
2828
4385
1235
3329
7308
5718
7075
6329
3556
2544
4715
3130
7435
9216
3021
9841
5159
250
9159
8645
9052
4895
9502
8425
9865
4538
1375
618
9086
8881
6672
6273
7192
3403
7944
9872
1312
8249
2414
3514
1363
1921
6764
268
6297
4020
6444
2973
6011
7963
5427
7542
1624
3709
2312
7327
1501
6607
8975
4451
4217
7120
6691
5438
1024
9561
2752
2004
7395
5147
1335
2540
8431
9436
1954
3569
8086
3266
2166
4894
9639
1535
8109
7583
3902
7306
9089
2293
8616
9266
7216
6774
9254
8208
3724
5603
9018
3946
2028
3943
6029
517
6779
6336
7558
5279
616
9918
6726
7346
5338
818
2521
8810
8996
9582
1631
6722
8460
4818
2141
3678
4430
6226
6017
6284
3948
2910
9652
4950
5033
5135
350
5066
1610
3423
5059
458
9168
714
9970
5104
9028
7510
9136
6201
5621
6717
1808
5732
5953
6831
8071
8990
3680
8476
2183
3190
1555
7130
1430
8906
4086
7936
1726
8395
9008
4163
7324
4690
9310
6635
5543
7339
3038
8077
2646
8692
9838
3883
8216
7949
9978
5721
1983
6250
3362
3636
6266
5266
2120
7935
812
1252
2877
8498
8893
5786
4485
9046
9753
8607
2901
102
1466
7821
2988
8391
9862
1238
9384
3405
71
4883
8834
7395
9297
1103
3783
1610
7594
3691
9729
4238
5995
6891
9718
1676
1921
4376
702
6693
8523
2815
4951
9025
1718
2978
6027
7535
1187
8477
8778
6012
814
113
6410
1303
6648
1115
7261
8363
7421
9457
2869
4351
4847
2704
4200
3125
6642
1632
7572
5871
1895
1163
9237
2619
7094
2434
5631
862
2291
3315
6309
8975
1893
7996
3761
3259
8752
6319
6856
5386
3424
8046
7193
182
1528
7356
3191
776
1699
7825
266
9413
331
8436
4083
3190
255
5360
1146
8677
7375
1701
1129
8590
6804
9837
4680
6412
9715
4468
8899
2788
1976
4667
4766
389
8649
3079
1989
7660
284
837
4264
653
8948
8939
8876
4411
6785
3127
539
6829
8223
6315
4196
5122
3472
9766
4342
7234
1669
9565
3932
9600
1444
6550
164
3539
5564
2351
6744
6312
8968
3517
5259
9033
727
7621
9087
6023
4956
4540
2138
4003
9145
2797
3332
5564
8910
8824
3592
7392
7358
6736
8289
7667
5932
4212
6373
671
4556
8553
5659
6569
1970
9164
2059
2130
1599
3427
8947
1601
5865
8726
9005
5390
4856
6556
8506
1378
6935
7503
3190
9157
7678
6408
9672
5937
5571
1270
6858
2566
1130
659
934
2750
8387
6673
3550
9755
6037
5513
2386
7742
2390
1201
8325
4189
141
2684
2680
9308
9863
843
6033
6872
6993
8421
363
2934
3262
7259
8417
893
2926
1878
1402
173
5755
1104
5577
9195
6647
153
8324
3707
5298
9163
6022
2893
4523
6079
1588
9246
8763
7236
2816
8430
5327
8568
8832
115
2552
5063
8422
2644
6141
1259
203
8289
8961
3115
7823
7960
8412
9135
4899
9906
4193
9586
3316
7928
9623
6414
722
6312
9078
1526
4963
6096
3887
9816
6185
6814
5654
7439
8417
3791
9998
6444
100
7440
7603
3514
8499
8546
2957
7313
7087
4753
6639
4683
3548
1324
1005
2724
3304
8357
1060
4270
80
9509
9962
7976
1455
4405
3056
1706
7863
5725
4053
5637
8699
7069
4203
3814
6341
5151
8785
1116
6462
5499
690
7988
4881
382
5058
1841
3435
7852
4345
4326
9156
3109
5429
2800
7720
3167
3413
4238
1103
4918
589
9782
6821
3997
6321
6436
2705
3135
8986
285
4928
4085
6147
9989
2138
851
8939
4828
9720
8276
2915
4855
7469
4393
4548
2781
356
4920
1523
6488
1788
9847
338
6991
3506
1087
8703
5571
6725
5829
739
2681
3976
2828
1342
9685
6704
9522
7590
1122
1180
1701
9616
6038
3695
7129
9397
7093
8574
1864
8059
6251
5026
6334
2618
3749
4101
3919
6579
4704
5002
440
1146
9402
2141
9348
2769
1611
9237
1246
8178
8800
9284
4548
3618
9928
2980
213
7260
2085
9629
2084
8268
9886
3178
7224
9132
3093
4673
87
8171
1875
4231
312
8272
5576
738
8452
3454
2953
4868
377
2710
9547
3148
5253
3332
3012
7049
4540
2827
4843
3321
1051
3154
3685
4493
8973
3000
5010
1853
5967
6070
7835
6587
9963
4937
2573
805
5753
5469
6590
7351
5715
3608
7955
9926
1939
4428
2213
9361
197
7305
435
2169
9275
1614
7785
5909
2344
4652
9807
1174
3614
307
4489
7708
8669
6049
2865
7891
3039
1421
6663
1754
5506
9191
326
8742
2209
2589
3073
248
5939
6781
3287
5464
3824
8134
861
8211
6172
6044
4356
6758
555
8312
6232
8899
9661
5474
4609
4714
1143
6232
8961
5715
6909
3706
7048
8386
6929
5240
7411
7158
3121
9144
8743
1183
7290
7879
2361
5733
1646
2231
3762
591
3793
6293
6122
6770
364
8168
3139
5104
6061
1028
8407
6905
4957
349
9802
5750
6420
3989
22
3505
9329
6546
5708
2242
9432
4205
6334
4138
7882
9493
7412
9843
9513
8510
1920
960
907
5549
4330
6070
8829
2254
4204
2959
7907
6507
7594
9180
6750
3034
8724
5903
4845
6950
131
1165
7282
1722
6593
8879
8787
5468
9501
1222
4089
1818
896
1019
7418
396
6819
8438
7767
5260
783
2913
7056
7689
4688
192
2343
7935
3782
467
524
5354
2831
5848
4099
7903
4707
4715
2315
1261
7676
7608
17
5948
1868
2446
5259
3564
1511
5893
5726
7400
5936
3096
325
7590
5720
3280
6352
4705
2871
3031
3540
8214
2889
1339
2450
81
7416
8145
3402
4354
4513
1409
7947
2747
2198
5658
5899
300
9948
6014
8880
8801
7393
3104
1937
6967
2414
2944
6005
5926
4672
7921
8540
8697
5076
7390
3395
4894
5312
73
7534
6666
4528
464
8554
6362
4868
4626
4204
3527
9948
1561
7436
3764
786
97
112
33
5171
5401
893
253
2421
7526
4064
8349
62
6627
8858
9440
9625
767
7069
3456
2496
1699
5015
4784
5604
8819
4022
2310
7850
1697
8838
1783
3429
289
115
1720
8855
559
5393
2435
5650
470
6750
5632
2295
6889
9214
506
7608
7161
1163
647
9774
78
4920
4621
7772
2123
9104
3849
9856
8637
4148
7432
9618
6889
1596
5405
4902
3511
9746
8595
8110
5203
3190
3849
4262
929
1761
348
5840
4899
256
8218
3954
1363
6715
8070
7698
2726
8850
4647
4599
4097
50
2512
4113
9311
4976
1750
8432
2229
9671
8400
5802
7461
1601
3684
7298
2812
691
833
958
1469
9620
2093
2813
2865
8222
2630
5611
9099
5232
3320
9959
52
1912
8818
6338
4417
1925
8800
5381
1974
1445
7362
2117
4004
3448
7991
9459
8946
6398
893
9653
1034
5753
9461
6998
561
1349
5135
1126
356
4560
7251
5468
8072
5711
8629
9434
4030
6818
7416
4653
3260
3297
9513
9589
8159
1872
3875
8401
8093
3370
3052
7051
3742
3932
7731
8939
3673
6067
7234
5634
1815
114
3423
721
2727
6628
7643
1868
1274
9172
4376
6489
6745
7104
7424
2888
6652
8561
7935
5029
774
9714
9817
6819
2687
1947
132
25
7766
7813
1233
5237
8189
7171
1246
5474
4265
3964
975
8333
9116
4546
3443
6700
2941
3764
2158
3302
5472
86
446
3568
749
1059
1385
1201
5563
7075
1208
8885
7294
67
8309
2803
7090
1968
9869
2889
2862
7972
3934
74
7655
7890
9509
6866
4522
1946
3559
1423
9075
4865
4070
2031
8895
1536
6813
8097
8126
6909
4617
8087
230
2131
3549
7634
5162
4795
2046
6968
4053
3670
5237
3708
290
3622
7343
4616
6577
7687
6003
9513
1586
7495
2189
879
7850
8602
2162
8025
6945
2813
8730
2824
1954
3399
1376
5096
4061
3826
6152
9019
5902
5437
6438
1377
198
26
215
9273
8644
7894
8560
4614
8241
5442
1021
661
7652
5805
291
2836
1812
8068
4805
8421
1648
9094
9028
6771
1316
9607
6998
4346
3769
4368
8026
5891
373
5274
2453
6016
658
478
4492
1773
4893
6560
5742
1506
5345
9912
7455
4105
813
2638
8850
1599
5456
416
6939
172
8501
1470
7132
9320
6493
17
1690
6442
5700
1472
5199
6971
1325
2623
6194
5899
5762
7941
5586
954
647
8979
7
7906
3009
6985
2363
7085
2860
4897
3597
3489
9875
566
8833
19
2310
4956
5642
7813
137
911
110
9564
9161
5530
1097
6043
3794
89
3776
4930
6852
7326
3025
230
7213
8955
8144
6784
5595
5108
754
4465
3835
4
5849
9983
8012
2371
4392
9132
5266
2019
9679
5696
5843
6648
5597
4347
7613
9234
9285
6271
6154
3040
4644
653
1954
792
3765
5414
5499
5173
7363
916
6262
7846
7387
151
7469
7833
7560
3606
7021
2040
3425
7765
7713
6363
3468
7332
3647
4414
4254
9822
23
7792
8475
4069
9194
4278
1882
9008
2637
5942
477
9090
8990
793
3321
6168
1965
4076
4219
3106
6885
6910
1435
5076
2315
7468
501
9500
2799
6199
6361
5119
7460
2266
6668
7597
6953
897
6270
6873
3923
1301
2297
5882
274
1858
1960
3352
5561
825
1804
2213
8982
1999
6463
2147
3539
1219
1362
6672
448
2289
9965
3931
2904
4048
3848
1965
3503
655
3442
6457
5960
1910
7893
1458
1416
6040
855
2316
6464
5335
660
6079
827
9798
2396
4660
7010
6457
5183
4942
7188
2292
800
7292
1515
8024
6705
6467
5056
2005
1749
1873
3390
9734
4879
2670
5704
664
2498
1670
7154
3426
3880
8815
7476
6458
1786
3664
2446
272
3806
7503
1151
3983
5463
8965
5511
5579
7000
4464
7656
2539
3605
6786
8000
63
9949
4512
509
3960
8654
9643
4895
7387
335
9912
1269
9622
4288
4368
5011
2269
3557
1476
3770
7358
1652
1774
7065
6596
9563
5553
838
1262
4440
4966
9187
5246
9317
9371
4563
2984
3367
8956
6910
8481
1197
6538
8622
3876
8987
4357
9945
6861
4140
3594
4276
8974
5577
6519
9674
7329
7222
9290
4074
4950
5700
3342
3379
6745
8650
7995
596
2474
1168
2229
2601
8162
8676
3834
3155
2208
4526
3073
9576
5580
5371
2540
2308
1111
6120
725
1223
2022
4288
4988
9996
3803
8617
1892
4507
4612
8552
5690
2352
525
5394
7233
7710
226
720
7358
7903
1982
3077
5916
34
7469
6703
6994
9063
8538
6775
7015
9610
2308
5439
6038
3367
4247
1805
3551
2015
2310
9640
5081
6925
4766
6414
1940
2066
5725
742
120
412
8668
4290
1922
6575
2356
6818
9681
3294
7440
5723
6441
9646
2204
9326
7048
8273
176
7209
5070
5719
821
5254
4336
9551
5543
9622
9984
3025
9127
5388
6931
1921
2927
8272
148
2296
3901
7504
451
5645
7256
3554
8820
9231
8311
3629
7960
6202
8262
5097
1087
3824
6600
2838
5163
4632
9329
6514
4111
6918
4499
7697
8293
1136
7866
6213
6076
1688
7399
9816
5795
9112
5481
329
7196
3781
5323
6947
8826
1099
9219
5320
6196
5758
7819
7510
6956
5175
4587
7663
2958
4470
711
8107
473
849
6184
6451
9396
4872
9988
2061
5904
6688
8322
6862
7020
4297
2013
8994
1631
6989
2962
1152
6140
1499
8012
2156
7148
9850
180
3145
126
1008
3803
1145
4939
6994
5784
5741
3963
7451
547
6744
1459
6478
4651
3282
1596
9530
3536
6012
3999
1498
4321
2276
4230
7984
5714
7589
6314
778
2268
4573
270
2120
2138
2210
2342
5291
2858
3467
7216
6026
7406
3027
5956
4217
4187
4153
5795
8734
7187
6673
383
2078
7011
1550
9997
699
9645
9784
6379
956
2809
6226
8287
1556
5508
9629
451
2574
9403
2227
5764
5399
9562
9029
301
6818
1456
4905
5296
8724
5215
4479
31
9168
496
2307
6857
3913
5057
7822
7715
7580
1410
1974
8230
7336
4273
4715
2793
1125
3332
713
2184
8073
2100
6520
9822
7460
8313
3523
8615
2569
6837
7520
2087
7490
6236
5251
225
6558
862
6212
5314
5898
7536
4226
7131
803
2515
1054
9743
1065
5086
4576
1166
9970
1466
4400
1652
4207
6875
9640
3636
9852
9764
9374
7929
9486
3018
9103
1232
3329
7784
4867
5943
1595
6244
8772
3897
9080
2568
4895
6708
929
5762
7098
7412
8956
8432
7595
3612
6486
4339
9447
5551
7014
5786
4637
3444
8280
7063
2587
1575
7331
1819
5945
1564
8482
3641
1164
2404
7999
9275
543
2272
4114
426
6430
4073
6066
7477
8652
260
9572
6845
2978
8001
1893
9123
1433
4409
7686
3128
8643
2824
5507
5721
5191
4086
3170
2236
1513
8020
1712
1476
2728
5784
3244
6266
4523
7930
3267
3841
7207
916
388
8399
1439
4367
3682
459
8740
4558
2202
1247
8274
4874
8401
5055
7961
6531
5489
7733
1947
8771
1378
3424
7801
7074
3836
8069
5465
9102
5299
3671
9379
5066
1958
4036
520
3918
3283
5932
4507
1695
5689
3707
8211
3996
3731
9289
9769
2991
4167
2528
8081
2702
1048
3338
6936
1881
5443
6026
5543
2724
8939
41
7456
4037
2190
3535
3217
778
9410
9175
2962
1452
9288
8035
9208
428
6843
1736
8151
7211
1748
2545
3344
6898
3284
2173
5649
6183
6761
7998
2762
1768
7143
585
3394
4487
2555
9592
3432
4375
5141
9753
3495
8337
2811
4934
6566
8781
3506
8386
5659
8653
6149
1044
6105
469
8840
1884
9022
1313
1719
2081
7502
6327
3167
4709
4727
2935
127
9475
1807
6577
4676
2195
8563
4332
6068
9177
6728
9468
4754
9002
7531
5952
9561
9331
3101
7946
4716
4570
3398
6982
1698
6204
4018
3600
7783
2135
5394
207
1093
860
84
8612
8170
2787
5043
1725
5059
4570
359
8155
5711
9342
6424
1373
6041
2787
9954
1399
6621
6106
959
101
4219
5070
1768
7795
7448
5926
7342
7308
8064
8699
5947
6617
3121
5241
5520
4993
7467
1123
3836
474
9468
1003
1133
9195
763
5956
6993
5062
9014
316
5190
2485
5384
2584
2180
7628
5607
8996
2646
2201
7770
6201
3403
7893
6252
4987
5142
2071
8528
7938
5392
8254
8892
5805
7982
6121
9600
8408
5648
167
7405
5322
9362
6475
3322
1246
3511
2998
436
5833
3360
2713
295
5949
3118
6829
1173
9740
4973
6304
8105
9000
9379
9517
3515
3048
8154
7695
8551
8752
5886
4850
3289
9585
9274
8199
2710
5447
5437
4829
6803
8563
9527
4050
9646
5279
554
6749
858
6134
8503
4994
6491
7973
8694
7545
2568
3963
1513
8414
4519
9558
1473
2691
704
6351
188
4960
4482
8125
6347
5559
3993
4252
1918
9001
994
110
172
8991
9088
3794
8936
3910
6941
1427
4475
7266
3621
4217
2630
8289
4547
2642
2373
165
8604
6029
3432
6230
7194
4737
1331
4125
8697
2312
6163
3695
5709
2063
5803
5496
7913
5765
6696
5167
7869
7440
1707
5292
4241
2400
4354
7426
4665
6264
2427
5010
2517
6197
8724
9901
4688
2897
3978
5262
8491
4390
9106
4627
6713
7204
7333
5036
7599
6164
5040
5659
2012
4453
3530
2727
3643
1018
7164
9979
5488
9109
8446
6697
3284
4193
3248
9649
4284
8512
4130
2850
9688
187
7993
8779
8680
8850
9038
9219
76
4445
5070
7183
982
1748
425
4935
7883
2422
3871
5761
6610
9130
6651
9580
319
6213
4299
6302
6343
4914
4916
8437
995
5629
1392
7635
6541
6686
457
9946
5276
7575
8249
9728
9600
8738
7143
5321
2686
8871
7737
1446
2021
7469
8023
4796
1896
8745
3666
3039
2530
9094
4510
646
9634
8607
8809
4078
5161
2187
7955
5184
1105
9551
7808
3066
3182
2840
9785
8265
5434
2948
6980
121
2625
5050
5169
5541
5266
9296
6141
1482
7819
2838
3436
8583
7196
7632
8833
4370
6256
3353
3476
7426
2241
9829
6900
1295
3332
8927
3982
4148
1789
8749
460
7753
5501
5223
9677
1090
1566
9504
5537
7732
1548
9525
1265
630
1858
2507
6396
6132
17
4408
5987
4377
1596
2233
6853
1142
1087
992
3046
5535
5702
3330
7152
6257
2771
3599
98
274
4239
9708
8005
136
1533
5676
2715
8758
7540
3029
155
95
7988
1439
2379
9026
2435
2114
9277
4398
9647
8177
1837
8588
8384
3630
332
7763
4624
7043
4684
8202
7609
6957
1881
415
547
4168
1974
4674
6974
8442
7008
9992
8746
280
3407
7624
4056
1711
6766
3159
2696
411
7987
5852
5790
7183
8864
6172
1360
7410
8021
6130
5442
6375
9707
4774
7933
5151
7188
2063
7393
4282
8410
604
9659
6222
3624
2239
5616
7269
2642
3679
7555
3415
5677
9950
373
7246
7550
5108
6675
683
5370
8596
825
9013
7884
4187
6382
2011
7044
3753
5134
2214
1424
1679
1135
9788
9509
7694
9324
8979
3946
2884
621
9656
5474
5568
1009
7747
2991
6279
4874
2839
2834
7257
4054
2854
3818
5907
3944
2085
9957
7547
8631
2080
8888
3570
2621
3432
3550
4954
2033
2159
6528
7400
6307
3730
4612
4165
6429
5775
516
13
9983
7117
7898
9301
4418
9878
4518
9089
1745
3847
2690
7752
3656
3602
7757
2809
4993
440
6942
6203
3045
4886
986
4054
1804
5834
8458
9522
9161
2969
7531
1287
7694
4973
2350
3362
260
5375
8661
553
1457
7725
8767
9732
1084
527
9827
2790
9175
4266
8680
3853
557
6826
8465
4897
9336
8297
8407
9217
6015
2013
1523
2683
3734
4521
1512
6147
7150
8623
8982
4473
7637
6738
9226
5068
949
1290
9017
7842
1521
4919
9564
9543
3935
2944
2682
6215
6907
3999
7215
7101
1242
6229
6365
4239
4300
7116
906
3255
2474
2672
9890
1958
6979
9269
6660
503
6693
2589
9802
9150
9309
1284
4607
5804
2122
8480
994
4894
7337
1096
9908
9409
5930
6695
156
6091
6220
3167
788
5227
8433
8693
1340
9879
6870
3299
6354
6250
9240
7040
599
2151
1928
2074
2477
5757
6985
5196
4352
7309
5713
5874
9502
5120
9460
7610
4454
2132
3883
4862
1837
4659
1689
7535
4954
3802
9766
2508
3583
6079
2590
1242
6030
3361
5208
6113
4221
8340
2556
8241
6796
9805
206
5992
7729
4802
7791
9804
9238
7275
6699
4697
5221
3457
7303
8087
8254
4828
4321
625
3885
4208
8313
2393
6884
9200
9455
690
2189
1557
6498
6743
6368
6012
1089
6432
9554
7829
9721
7889
4034
6242
2500
9125
1130
1503
4703
9021
5793
3330
2053
229
2673
6057
3215
4377
7155
9783
9173
7851
5111
1384
1691
7227
8070
5470
7546
242
6456
9434
5500
8337
4572
5491
6833
1120
9050
8989
4013
4055
7694
460
1371
7412
8104
6055
1729
3692
3366
9211
5178
6924
6850
1566
4565
8735
2876
4097
1454
3109
9427
8785
4846
9191
8135
8779
3984
8430
6542
4643
7022
4690
3950
9647
3967
2841
8412
8485
6555
7136
9230
1669
1037
4829
8012
2882
5569
7124
2938
4879
3852
7319
969
6371
5005
1302
1695
6849
5986
5499
4479
7938
50
7966
4972
6310
6739
1956
6843
1583
5474
6094
9329
3063
7717
3241
1124
7144
7436
1260
1041
4279
9679
6232
1021
8037
7936
3281
4818
79
7119
8131
39
1532
2201
5731
1471
5819
6714
2232
389
5941
3988
73
8376
5394
7777
7264
6466
1767
1247
5753
1137
7225
6747
2562
5612
218
5790
2828
9514
7645
2640
5985
4682
3917
3735
1304
2204
5349
3504
7386
670
4277
8217
2862
1010
6772
419
5469
1536
3876
8050
8735
2457
6732
4306
1513
5132
6377
3399
5605
9181
7425
7918
4125
6800
8667
2134
1033
4216
9372
8601
5786
4698
7103
9128
336
310
9992
4946
3572
4288
9252
8520
8506
5969
9008
6540
6660
7041
5316
8035
3716
6781
30
6532
9161
5933
9153
5890
5690
1041
4302
8436
8852
4317
3824
7760
780
9622
5623
1999
3789
6376
8791
7993
3609
9605
5386
2844
7270
9344
1936
1767
8143
5824
2668
4183
3739
5054
9887
7342
1134
7542
7126
9504
779
609
307
7471
6634
5732
6791
3192
4809
1868
7303
6539
9045
6685
8084
1834
8013
9746
6494
3288
5702
2040
4775
2430
850
4909
5846
7973
6537
9423
2444
1958
1045
8687
5224
647
3713
9768
9982
2690
466
6617
8855
6571
686
775
2400
961
4831
635
1041
5893
8490
5352
9602
4527
9242
2106
5868
766
1618
8811
4545
7461
129
6400
3959
4220
6586
3185
3015
681
6937
8178
5640
1420
5610
6463
3124
8671
3236
2944
5779
7213
1096
6450
4561
1891
9429
6857
9342
9153
6391
5793
8712
886
833
7107
3992
9753
9853
5765
9920
7598
1354
5174
6707
672
8181
6038
6185
8064
1144
7333
7433
3059
3866
1523
9350
7500
1008
3907
9705
2981
1065
3767
7835
3823
4403
5380
4968
2061
4777
2217
5213
8396
5774
3938
4361
9485
4971
7214
932
7484
3618
2890
6891
4465
4192
5256
6413
3610
4248
673
1096
2660
1742
8366
2531
8652
8944
7320
1004
8622
6631
8355
1072
220
1449
6200
7089
2691
3116
3898
881
6084
3667
6603
7615
8391
9123
1189
8010
1063
3317
9017
644
5161
8869
1524
8969
4218
3179
9065
4707
8307
2649
4575
6385
9925
3613
4502
6899
1618
1098
1132
6153
4285
8798
8149
7979
174
1967
9505
2993
283
4589
8466
9087
8899
8125
313
2940
1826
4049
9265
4143
2486
8041
4823
2774
258
7143
6426
6173
8738
9611
4926
6278
5914
7728
8976
1405
1921
1640
7555
7413
3045
4751
8911
6642
9560
2938
8989
1903
135
1275
8914
5958
1378
4577
825
974
8075
9434
580
5269
4053
28
7444
9221
7967
1673
6230
1165
9804
48
8533
2604
8102
3547
1381
3240
3153
9929
5764
4719
7606
3020
2049
7933
9272
49
6684
1125
5262
6649
8989
1781
9531
266
7253
5209
6630
7728
2361
8609
5612
2615
4834
330
5747
5725
8054
9481
1236
6140
373
7897
5946
4291
3323
8860
2033
7819
7139
8878
5498
6288
4497
3408
2694
5753
9029
9025
7766
2042
9579
3842
5033
1992
5883
9336
3388
4326
8560
7308
5246
5599
4931
7347
6667
7918
2553
6958
3462
8185
153
8012
9664
4580
6154
3439
2424
7887
6559
6637
4308
9120
9568
6085
2558
4059
9013
5561
6479
1190
6292
8351
1552
2906
4616
34
3426
2245
8997
7818
4445
3459
1351
3475
3599
2259
7862
6147
7382
7351
1213
7353
4768
3796
7762
1444
9975
6404
9238
2518
796
54
8406
2394
6889
5458
952
4885
5465
9326
6365
5488
4906
8243
3135
1412
3174
9580
3941
4437
5052
5106
2333
6154
1264
506
6726
9709
1597
785
5584
3854
5809
2130
9778
5666
1312
4565
6739
9921
1505
6820
9329
82
2192
5518
4731
9232
5843
8447
1684
6583
4767
3314
50
7954
5000
1891
3886
9760
1910
9679
4142
6768
8518
1876
5239
2791
5214
8108
4186
2129
7356
2720
8068
3860
5389
4341
8590
4518
8563
3167
2575
277
9980
8224
1592
1819
8631
5343
6664
262
8444
9744
7342
2646
4455
5248
6492
6150
5062
9029
1269
2343
6126
4615
8787
8774
5344
87
9928
5253
2782
171
5912
9095
4949
3501
6690
7140
1140
477
2871
2681
4716
2058
6069
488
6884
7353
8315
3601
8342
1111
7966
210
6484
4693
6588
4432
1523
161
1308
2152
6315
6778
4895
7813
1358
4105
2268
6435
2661
637
1006
7126
2038
2736
9720
251
1273
1598
2258
3001
3149
3814
1857
2540
45
4474
5265
8483
8552
491
6071
949
5074
8913
2556
6766
9340
5086
8772
7184
4351
9301
439
1876
3529
7513
706
4269
5306
1406
2094
2211
2705
5163
3928
2975
5794
1903
5986
8523
2464
5735
3002
8038
7467
2787
57
3223
4564
344
273
8756
8137
2157
7143
8299
8953
8380
7591
6066
3227
8494
8858
6673
6760
7042
4200
2611
3379
4418
1252
8065
3473
5101
8455
8835
8119
2790
468
9794
3433
3139
8277
7986
1440
4459
8199
9330
7792
7629
6864
1062
47
8082
8489
4007
5445
2600
8235
2577
4742
4127
4412
9617
4031
7538
696
7296
6401
1730
901
7808
2899
3206
6706
1185
9818
7422
5634
4697
9851
3949
5119
4210
866
1204
8381
6195
5207
3926
686
6064
7706
3334
4912
1719
5482
8642
8400
6340
4889
6572
9206
3116
7327
2934
9474
1327
1256
4539
5766
2002
9744
8934
1585
7329
5925
873
8761
9595
7820
1170
37
1749
8258
4967
2332
5236
5333
7477
3940
3711
3112
896
1145
6022
532
6961
2160
3606
1058
599
950
8955
7664
4148
3160
6987
7505
3091
4854
5092
4255
5777
7320
7873
1920
6612
8566
229
867
6184
5325
2263
2783
453
3195
3856
7631
5845
377
3499
9825
4527
2929
1999
2193
4875
758
6721
6950
500
5718
2198
3652
2341
5497
6614
8201
3421
1463
9444
2150
612
9779
974
257
6642
9333
7916
5401
1962
2507
4411
9507
4039
2783
630
4853
8602
5187
6105
1691
558
3787
2018
687
2459
4538
7571
6463
5747
4727
2553
9194
7865
6693
6094
1091
7866
9717
471
2271
6600
6912
1091
9917
2920
9038
5308
1619
5171
6170
9165
3123
7632
6763
2916
3281
8435
9641
5692
9769
6775
75
7654
4370
2200
6673
853
3652
5698
4644
623
5262
316
1547
5514
4314
496
413
6101
7401
7102
5797
6673
4853
6347
8531
2458
144
5916
3390
4477
7360
916
8361
4513
9322
4357
8668
8218
238
4945
4454
7589
1140
9924
5807
9528
982
92
8995
6625
1941
8643
1253
2068
6700
9072
3066
2699
2615
6260
9030
5914
7552
9061
7280
9992
2604
1938
7016
3356
2877
825
3769
5120
3366
1421
5101
2933
3171
7147
2072
6433
3398
1978
5039
2775
4081
8139
6375
8150
79
6390
9503
1854
1502
1547
1459
7615
8969
7127
3003
7733
6750
9175
3594
3307
6109
8538
6989
9073
6295
8832
1019
4662
548
3799
1034
3923
800
843
6572
5480
8097
3439
9518
2778
1760
9487
6465
4653
5646
1332
5940
2239
9722
1494
5074
3442
9467
7974
4566
6799
9636
9217
7957
9025
6360
7725
4225
5810
6146
8516
3771
5010
6551
2429
3996
6056
2798
9741
4808
5320
9805
6566
3552
5335
572
4282
5012
8368
3635
6922
9490
5165
6709
3664
3099
457
9046
5429
7385
9619
7076
5802
3437
7453
7281
1925
1839
7046
8707
6515
6357
2013
4189
5095
2080
2005
1627
2811
1722
9045
6934
7442
1371
6591
1376
8633
146
4827
2383
6168
7292
2806
5791
907
3204
1441
5091
6439
1075
1279
3601
8726
6734
4383
2438
9150
8200
5055
9274
636
6217
6368
2834
8087
4411
1352
6912
915
2881
8951
9823
7201
7731
5502
4352
415
2360
859
9498
6012
910
5691
8309
3398
5313
1151
2840
1735
8077
1285
8667
910
7158
1349
3404
1836
7424
6376
3434
897
2296
5400
6514
2218
9568
6857
4657
7452
6794
8649
3725
4233
785
3403
1714
4429
2459
929
392
2018
9189
8346
5974
108
5929
4649
6737
8797
8584
2211
2530
3291
616
6858
7721
9948
3855
1028
5284
8276
3521
4279
3792
6774
1422
9115
4464
2307
4523
51
9603
262
7319
9010
85
2003
6402
9024
840
8755
5495
8182
5159
4136
4545
5707
1676
1087
4399
53
2575
3445
2581
4568
746
7377
5997
8206
5921
6570
3952
3713
8703
9289
8407
2249
118
1106
69
2889
1600
1199
9788
850
1284
1522
9642
2933
3474
4422
856
1830
3323
6152
7664
8732
6505
1889
3453
9081
2672
3921
550
2749
3406
752
4771
8695
7692
5159
8684
5132
329
8450
2404
5769
1312
1497
6647
2943
8902
3495
8477
143
6132
3240
2591
7014
9393
9109
7211
8066
2449
4544
9462
3660
2142
3554
1167
4793
4617
2248
8216
5526
2899
2551
9738
7155
7660
3239
3769
7168
7660
2961
9949
5366
1342
1531
6092
3154
5521
6439
2172
902
1819
7174
8584
2698
2938
4331
3782
346
3357
104
3436
5112
1426
2104
6406
3835
8734
2746
5333
8788
137
3469
6542
8260
9143
2458
8920
533
3059
4062
887
4411
5224
1012
9107
9731
2130
3355
6206
9069
9605
1579
3010
7908
822
2820
6071
9139
1952
5903
5265
2218
70
5195
3303
3747
2522
5587
6374
6530
2849
2173
3044
7086
4109
9433
4886
6296
3162
517
7709
1078
695
4485
4016
3411
5713
8780
3539
7687
3719
8576
1552
4122
7868
8717
4979
2031
7728
4305
6758
9577
3957
4673
393
7751
6863
4729
7815
6587
3754
1683
3794
4930
472
1747
9728
9
9028
1889
9423
9355
2337
4933
2948
3038
2025
523
4923
7957
4795
1170
4984
5235
4678
1043
2100
5640
1287
6285
7316
8896
6287
8046
9977
3016
6173
8364
1595
7469
2980
158
5701
4013
9250
9456
1807
8148
1336
9213
3958
2993
1430
8247
8333
8474
7709
6063
7523
4354
7903
42
291
6976
6081
2368
8465
4680
201
7818
2561
9709
3760
2839
9862
1553
433
8059
561
5939
2994
9556
4805
4199
7435
9533
5778
8499
8119
3190
6776
1321
834
9552
1854
2498
4404
4213
8289
5283
9507
6501
8267
1327
2261
3119
2163
6551
2010
8886
3755
667
1343
5958
4708
9331
2832
8033
6969
3539
5606
6832
6808
4632
6726
516
8728
2565
9572
7516
9280
1175
448
9059
3780
8222
4407
8663
5198
3888
1301
9534
6389
7977
8865
759
3379
4572
5608
8034
4682
9689
5156
7233
5867
9650
1465
9385
5781
6511
8787
8590
4175
3961
2861
8678
7225
4453
8892
1944
301
8297
4643
6809
4392
2274
6545
9952
529
8202
2671
3550
2148
1428
6451
3560
3030
9821
5016
710
7437
8657
5695
2144
2264
9777
2532
4088
7786
4
3294
409
3651
6387
4575
6524
4959
7762
897
2878
1596
1867
5479
5579
29
1889
9908
8028
8727
1465
5423
350
9610
6732
7131
7054
225
9582
8186
903
6389
5045
7857
1677
3027
7919
4247
9165
1810
5695
2937
8329
7284
5509
4095
1928
913
8975
6722
7440
8165
6800
7133
109
8584
8596
5383
2839
3123
7121
6271
7381
4248
5959
3139
1523
7987
801
406
1742
4061
8627
443
659
7788
4521
6640
8245
8000
5462
7323
9286
2041
5758
102
7467
1974
9596
6134
8343
9863
1966
24
2995
7602
6922
8836
5516
2935
5327
6359
1026
4582
9696
128
9564
8645
1200
6941
2625
536
9406
6619
5725
5127
6312
9806
2665
5586
6566
1620
4190
7152
6515
6811
4839
7387
6311
9485
4486
8335
65
9163
6568
6034
9317
4206
9957
8384
337
3061
2403
7365
6037
5470
3898
3382
5842
5035
2075
3498
2531
4378
9175
3228
2376
9077
8587
8003
2859
858
3140
7064
8173
2578
7615
2619
3528
3071
6101
2236
4302
3688
8839
514
8652
673
9101
2905
9092
3047
20
6625
325
6465
3312
2652
5071
7024
3493
9357
7807
8606
8924
2426
1503
7963
9103
3787
7873
7170
3953
2748
3448
7164
4169
2508
9675
6741
9480
7413
8310
9734
3318
7506
108
4587
8247
3071
127
9601
6767
1467
4937
2804
3852
7996
4923
7330
6792
9559
3233
3252
7414
1586
7571
1112
6178
9290
4326
7147
1730
2589
2758
9652
2177
8848
8947
1125
9998
5420
4397
1054
7604
7409
7963
8716
4975
1611
8559
690
59
522
6008
4393
6867
1768
3944
2907
8889
3634
8713
2162
3799
7688
7752
4304
9210
6443
4322
7987
865
64
7460
4381
4463
4304
2615
3894
5843
2525
2004
6680
9832
679
8402
3305
9329
1052
6650
5784
6313
433
2229
7856
9465
1736
1429
4488
5446
3325
4697
8258
1996
924
7997
6850
7642
8492
7199
847
2556
3853
1051
97
3870
5624
1458
5382
2359
7005
3326
191
1292
1512
8838
7196
2080
4644
4547
1207
3485
3859
5429
9068
7056
8888
6025
6183
2064
516
9721
9741
4191
1140
8836
7181
3165
8782
8693
7590
3139
7691
444
3430
3397
6812
3235
1998
5132
7224
9837
3222
9219
1759
4930
7724
2689
7940
8320
6738
3460
4922
9997
4707
2740
9559
5076
8105
7040
7248
2955
1615
5796
2724
7636
5801
4510
8757
6428
4689
5952
7390
1172
8922
8758
3411
5231
4995
3533
1154
4527
3844
3393
8574
7928
476
5712
9842
4886
2162
4185
6809
9479
9214
39
1462
4180
5215
8723
1283
1123
4258
9242
7683
9004
7373
4590
2374
3149
6252
7131
9596
5883
8931
293
9230
6060
3829
5080
9851
9120
6969
5534
2968
1071
2170
1549
8021
635
1882
4726
5916
7999
6764
3103
4820
7457
9016
8301
5274
5240
9066
2420
4454
7750
1147
7098
9052
191
8054
2384
3340
9604
8386
1870
9943
4634
131
9155
246
5228
9062
3454
9358
4548
1052
3123
135
1960
5596
8108
727
944
7758
3024
745
4055
4569
4812
7462
9292
6165
3849
5831
400
933
1256
1138
9138
4336
2490
4599
2099
2495
614
7880
4501
4728
1868
9265
3770
7155
7854
2421
4220
5687
4887
5231
2908
3893
9459
4419
7968
79
6819
6486
6775
611
546
1925
376
1424
6317
4170
1163
2751
9335
89
6391
6418
1073
6466
4305
4931
6444
6466
7333
3248
2553
5307
9784
3487
8137
6108
1740
6668
1753
7169
9531
5685
3294
7866
9973
2638
7119
2894
1575
8241
8891
148
5049
3618
2317
1271
4755
2992
1812
7868
6586
2710
7707
2876
4143
7568
7296
3780
1893
4978
9820
3884
1878
8355
5924
2569
8728
697
8209
5647
4966
1941
5352
6185
6181
1139
5180
2213
9348
2456
3520
2285
3583
5557
7947
973
3701
5064
6375
6195
3515
5567
3866
13
8063
461
7208
1995
5942
4866
2201
6990
3283
3045
53
7245
1856
8480
6253
6355
5887
8847
1006
9601
7091
9624
187
4595
307
729
1979
4055
8788
7201
14
70
1416
938
6614
5104
8983
5304
4653
454
391
7414
4017
7631
6005
1751
768
8807
5556
6727
5141
5286
7104
4495
5367
4556
3744
6246
7880
1883
5634
6698
1809
3828
5361
5874
163
8815
2363
7299
7491
6637
4985
5560
8652
3543
5129
1346
8222
1670
119
7743
2351
4058
9121
2437
4112
4078
9455
6415
197
8517
1482
6903
9202
1730
6907
5276
7129
2812
7706
111
9336
2176
7693
1968
8708
3351
4278
8700
6756
1658
1609
6924
5946
5867
9848
9662
7008
5130
3135
1658
5128
5667
3117
192
1055
7540
6067
6820
3811
8745
3788
2514
9864
2510
9218
424
3914
7133
3795
5521
2098
9212
9451
3945
5999
3505
6808
5624
2494
9143
9102
7634
8127
7980
6047
4236
1634
1055
1186
7125
4431
4264
2860
7240
102
8803
9224
7155
2713
7837
3809
2501
6447
593
8358
3270
3990
9104
5478
6204
6992
7799
1709
1565
4139
500
837
6380
8502
296
4055
5194
2580
7456
3711
2069
5615
9004
8315
1458
1107
9772
3902
8227
9706
4207
1743
155
5156
1320
2000
1363
4781
8004
6743
9885
3535
1263
9140
7127
2411
2024
8832
6706
9290
1383
4328
8517
7507
5083
7060
6562
8184
8327
9730
786
6974
7654
4121
2070
3508
5018
5850
9461
7073
4125
8440
9791
3115
519
318
8975
3857
5355
8647
6050
7661
3566
2511
4003
9416
9009
1187
9019
2765
1295
1840
9688
2116
9832
3999
5970
3937
1830
2290
4296
3334
3940
6476
7229
1814
8706
3321
3971
6503
4343
7031
7049
1732
3413
1475
6025
4997
2312
3686
6735
4751
9993
6168
3665
5754
8464
4448
6566
3284
1873
4070
5703
6469
7273
5206
4661
8080
5093
6174
1731
8537
9432
1835
8940
2004
8734
9354
4157
2256
4245
5725
5426
2682
4600
7007
6785
3253
5383
1551
5086
8850
1702
7162
3200
3216
1681
8839
1726
2922
178
5281
1654
186
4941
8103
7244
5970
9296
4510
330
3223
4055
2214
5559
6772
9571
8371
4343
3308
560
300
5685
4957
1064
396
2725
1533
7558
9093
193
5921
9445
8202
4079
8030
9761
4069
7648
213
6726
9235
7024
6794
226
343
517
3970
8715
1861
4278
1498
205
219
2044
8521
7121
2086
4452
5710
8929
6980
3076
3415
6261
6222
7549
1714
6721
8445
9039
9609
7341
6421
5746
2246
8207
5293
5654
1927
9747
9028
585
5639
8554
2974
2872
504
738
7966
5697
1485
9463
8922
6664
6073
7221
6186
1279
4329
5751
9588
9443
6396
5078
1865
6750
813
6531
332
9867
8524
5326
1307
4467
9211
9405
6005
9557
5687
7636
1801
9046
2292
8277
1735
1627
2765
2693
4838
5029
7599
1087
8574
2676
7405
266
608
9640
5445
4742
6725
4941
7149
3821
8552
4041
2450
1775
5252
973
1355
6419
6405
797
97
321
4132
9927
2187
9850
1120
2687
920
102
6253
6935
3605
538
499
1456
9782
687
2230
7223
9853
1836
7773
658
6480
8260
1673
177
2100
4776
1671
5892
7807
7637
6110
8277
2768
3825
9309
9206
7128
2273
7459
1150
5340
5843
3769
5193
2409
288
1801
3202
6968
9452
3657
1766
3469
2572
6068
695
3487
5722
4115
6343
4783
6619
836
5385
9515
638
5748
9201
6932
9505
5932
234
3208
3590
3940
6872
6657
3634
7975
9419
8557
7192
1199
2199
7955
1753
6490
5786
2216
9264
1739
227
6021
9404
3443
4695
3839
2637
7274
6799
7492
7556
1555
6559
4975
3207
9828
2246
6221
1895
4630
8520
8410
782
2222
4767
9239
6671
3170
1836
4428
1810
1214
7394
4856
7339
7021
1195
4131
4103
8621
1310
382
8830
8633
2477
2105
2778