2380
4601
5686
9016
3253
1354
7227
8690
7888
1501
6500
6575
4933
771
290
4200
7531
4572
6225
6494
174
971
5881
4195
3986
4413
6736
8237
5179
1538
9661
89
7897
1110
5485
5110
5531
8617
411
6785
2082
8605
3902
9791
4865
4892
9907
475
2363
524
7981
2445
4392
343
8148
6754
9741
7196
3709
8705
1574
8566
5991
3592
2684
5826
4569
1403
7279
4476
3379
4405
6022
8394
2235
6114
2052
170
7564
4228
2657
4610
2328
8937
363
124
2796
9688
1408
597
637
6949
9509
6491
1776
4434
5663
1749
6064
2931
378
9020
3787
9360
7366
3485
3636
5479
6321
8135
8868
2837
504
7
9433
5453
5272
6516
1443
9198
9934
8761
7938
473
1127
9460
1625
8735
9882
7727
8170
90
4163
1677
922
8238
4787
2244
3486
145
7097
9463
6292
7567
5123
6684
2341
3643
8543
7400
7531
6591
2032
9020
7898
7513
4798
8712
7034
8025
5453
3317
8592
668
4510
8579
9147
3084
1045
7371
809
1209
2661
7945
6633
1105
2283
4077
4592
2413
8389
6384
7103
4317
3260
4442
6571
785
2636
6471
2328
9257
6039
3135
9070
423
7943
7520
5037
2256
8554
4856
130
6482
4064
8177
69
9171
1443
4296
7309
4278
266
1057
5187
8401
9227
3869
5417
740
7603
6404
8629
4590
9563
9162
8095
5225
1245
2356
4187
7486
3368
822
5100
1781
497
895
2269
2099
5916
9694
2475
4337
6255
2287
9621
8924
6329
8548
8389
4611
5600
2152
2489
8823
6403
3215
6434
5766
7328
5307
2216
6095
6267
1526
2205
1081
7846
9530
5149
9782
5561
6657
8691
4975
214
1578
1034
5403
9365
6281
5258
6003
5232
2575
7577
5185
7955
6118
7511
5527
9681
6538
4462
5606
2980
850
809
1054
1917
637
9659
2186
6406
2623
4766
2648
6761
1695
98
7276
1944
3584
3938
622
4625
6199
9983
4458
1097
9399
812
8951
2153
7001
4099
7284
3483
3634
1674
9604
9904
9611
5049
3336
818
2584
2521
4529
1659
8530
1998
5475
344
9645
2941
9329
7657
2612
5414
991
362
2963
4885
4785
1546
6136
1159
8923
2151
9803
1103
6043
796
8627
8520
7190
1428
5701
1141
7191
8308
7677
1592
5540
3505
2168
2166
3181
8207
6423
6226
3373
3105
4843
2946
4330
7450
5561
9643
3663
2943
5607
5116
5013
3389
4539
5245
8590
5340
4417
9023
7819
6444
9750
4157
9379
1573
9454
2422
9841
5070
6765
8653
887
7397
506
762
4881
4261
137
3510
3600
770
9919
2042
6776
9225
448
786
5808
1070
6644
2950
1018
9901
2335
1325
409
919
5439
46
5655
334
9514
8152
9031
6766
2334
4874
1372
7278
3837
9914
8739
7661
1704
249
5688
1921
6005
8862
5034
1882
6119
175
8313
3006
6139
1301
6573
2703
3080
8962
8755
5887
5226
6687
2038
7314
7501
478
9905
3419
604
5697
4891
9695
9705
5278
4356
9053
4634
4540
5064
2213
6178
1356
6503
2649
5990
8131
9887
5524
4132
8906
3665
2324
5903
9597
6599
172
1008
1531
2257
617
5256
6029
4060
120
3838
6793
8638
1227
7246
1644
5494
4526
6805
3971
4052
8239
4345
8344
2543
6890
7496
99
4330
2743
9046
4403
2597
1840
5032
1250
73
622
9992
5934
1108
4755
6336
8934
7489
9907
9448
1391
5581
6704
8115
3512
5344
121
1670
4365
3662
7951
4704
8816
8021
6824
1920
5836
4929
3966
214
5480
9651
2359
5539
638
564
1476
6808
445
1969
2637
8435
1591
6128
3178
3584
2673
9990
4709
9655
4621
6128
2598
2077
3427
7358
6859
4518
818
4944
6736
1089
1415
416
5779
8116
9497
2258
8421
2911
7996
7954
9816
9526
4579
3150
8996
6627
7128
1673
4593
3430
5000
2476
9945
7888
4249
5376
9434
3267
1806
8937
2188
9345
8014
8214
4264
9890
5441
7265
6915
2846
361
7042
9625
883
1417
5397
4922
1428
8407
5661
3625
8288
895
2157
1036
286
3127
3894
5554
8821
5615
5467
8488
4662
6297
8933
4139
7408
3330
6818
5280
3008
2254
1800
2712
1236
9644
6690
7518
54
3010
3510
473
3962
7193
581
9179
3549
334
5939
2132
7461
7671
7602
7487
2084
536
8527
5753
3431
46
595
2558
4271
6585
8101
9444
2638
5038
1081
4020
4034
9380
2008
2631
6390
2280
9851
4981
2964
7424
634
5610
6384
9976
81
1665
3801
3361
1602
8119
8748
7225
8107
1721
4979
1576
2429
2780
5222
1146
7879
6275
7110
4038
8599
1436
8815
5471
2116
9705
341
4500
1051
7582
3523
5980
8161
4677
3735
6912
931
1906
5790
8338
4389
8188
8719
3417
2133
3688
3855
2931
1333
8675
8694
8652
9705
9369
7768
8825
9213
7066
1452
9842
4853
4903
9181
8934
132
5450
4371
9738
4099
8949
3507
124
4061
9866
7765
6979
9622
7251
6279
7643
4066
1473
8356
8870
9182
7120
7187
9843
7288
2504
7615
5714
6338
8185
1205
8335
3539
1331
6663
531
6826
6748
8041
5754
4052
1920
8529
6443
9873
228
2224
3365
3513
5139
2445
8008
2936
2909
1025
7596
3531
7261
4702
2258
7270
9769
7398
8327
6823
1326
9849
8033
6110
1287
9873
1191
6678
8801
7540
9263
1628
4473
3004
101
996
5809
2802
9755
1005
9941
4378
77
1326
8303
3305
3885
3692
588
2005
2995
2951
2006
6797
8713
623
105
3172
5959
1368
1219
1477
5030
8599
3779
8472
8208
5417
1366
6630
8928
8483
4034
9386
2019
5720
6376
8879
6788
4589
5391
5926
4513
7595
3830
8922
328
9240
9689
9194
9611
111
9880
2563
4962
158
14
9193
3522
2489
103
8426
8653
5147
7846
4913
8591
1589
7853
1895
1840
1349
7303
4679
885
8817
262
2987
6123
5925
6128
5382
7738
5922
2087
3707
8716
6008
6732
1072
728
8598
8658
3016
9193
1218
996
9796
9793
4018
9717
4072
3856
7898
8942
8683
2747
6102
6336
4377
3667
167
8011
8629
8325
1855
1395
901
8420
6699
6721
3927
9033
8816
909
4939
4592
6333
5189
9371
9648
4143
4857
3142
8407
8464
8975
5529
2718
8814
5926
2698
1156
7136
2950
6762
2605
3722
6411
8511
3021
8268
3534
3986
3725
5420
2735
5481
973
2554
3502
6127
991
6369
7892
2473
5817
7203
3795
5420
3486
2002
8085
2954
2062
7891
6344
5316
319
9028
4968
1546
8617
7425
9074
1216
4763
2351
8697
5685
6225
6557
6952
2654
692
4011
8031
445
4311
1529
276
6504
1735
8918
1245
4867
5830
2281
8087
6407
4021
9225
1060
2083
5614
3832
2389
5742
9633
8377
9168
7911
1348
1294
7205
2146
4507
5396
17
7443
1477
6254
1859
5118
2306
2337
7881
4388
3815
9713
2469
4932
7931
4226
8570
1487
1754
7213
9395
93
2525
4459
1604
5246
7261
7326
3704
3119
6304
2247
4636
8434
9758
1912
6053
9356
7678
3055
3311
614
813
9297
3073
7212
6213
4895
890
5623
6152
7200
3112
4937
5111
2662
3601
7722
4566
8584
9563
2206
8589
8961
2429
257
2148
3975
9944
1111
5091
7457
6014
4354
6791
6092
4038
1068
8571
5052
9838
8213
6672
6295
2903
4257
966
869
3325
1984
4288
7535
300
6751
7747
7684
4669
9407
1571
983
1561
4674
5116
6812
5319
2477
6543
333
3244
7636
7906
8030
8100
2309
2377
9926
6659
138
6386
5086
3435
6653
2220
4447
6192
8403
4651
1704
9323
3369
7099
5619
8229
3807
8278
5145
3028
3849
2723
3704
3800
896
6874
2002
9298
2299
2847
9076
8481
1895
1071
2872
2822
5451
3992
9168
538
6461
3597
9366
6440
7406
978
5668
4137
4485
5204
3241
8591
4070
3979
1578
281
2296
2992
3019
3365
5973
4491
9883
7496
5821
3056
3137
7848
7410
9812
2865
4027
6109
2127
3422
4037
9323
6176
5371
7871
5899
8056
4423
7612
6409
4144
3045
7764
7882
8229
8983
3871
7001
597
5643
643
2169
4888
961
8711
2591
1330
365
3947
8225
7399
8495
8829
1273
2553
7536
6942
4306
1757
1930
6801
7822
6838
752
6620
3463
6444
6115
2619
4987
855
9054
9822
7058
1862
5640
3270
9579
3206
2508
2475
7856
2726
9920
7387
5647
4073
7738
6367
532
4042
4786
1484
7101
2911
5642
5027
5287
1799
512
5141
7900
5324
8872
8200
4450
9047
1993
5904
9597
8704
2843
4952
6269
3941
3118
9099
4650
5214
8738
2549
9095
2512
2897
6220
8599
136
6646
9777
1808
9357
9404
3625
6805
3370
7069
6589
7691
9823
1393
6908
3260
6909
4587
3599
6245
2805
6168
4716
3539
2430
8823
3321
8976
7057
1967
481
1518
9887
8346
8761
8448
4831
4023
2261
232
4838
3404
265
6985
3443
2308
8005
5184
2847
4141
579
3788
8230
290
4183
1863
9810
5920
4303
290
9881
7869
196
1437
5794
7495
7281
8626
8715
561
708
3579
8633
7167
6537
9322
6057
2265
4494
7982
299
8254
2585
563
4273
8564
3033
7941
1820
146
1136
5904
113
4524
8397
7574
5878
3529
7539
7889
768
6955
6736
4780
6324
3630
9857
1213
6813
3097
4314
8772
5382
2363
3916
6234
9517
5750
4222
7289
1138
8527
6551
2492
5216
7927
1212
478
5698
5844
9740
7278
8807
3307
8186
3942
2404
3410
625
5589
1960
14
2973
997
1579
7964
6727
1599
6047
5794
5164
9239
2671
6600
7032
5361
8991
7169
2935
5370
3915
6023
7691
2975
23
902
2296
2294
1227
8323
6731
6978
4521
1989
3128
7889
689
3006
4875
5936
8098
5103
2437
9470
4761
7470
3054
9622
8228
3981
6237
1824
5685
7963
8493
2683
8013
3493
6709
4270
6285
6379
5522
4653
4004
5438
8880
4662
3826
9822
5400
9403
565
6245
7594
9500
5836
1942
1546
4952
9938
7770
6911
6172
5922
8706
590
3154
4560
3201
5389
2641
2781
7043
6220
5088
5898
6170
2797
3181
8401
9977
2996
1943
804
599
283
5344
3847
6670
3381
7338
4342
8607
8014
6823
6512
1526
7804
9213
4156
5984
23
7862
9556
1496
563
4210
8234
9881
8113
8955
67
3161
3081
2051
6278
3823
5442
6289
5060
158
1976
5275
8115
3146
6037
6537
5530
2789
9064
3616
3143
5813
5398
2298
5413
8372
6192
6747
8397
9236
1758
7574
5949
2165
950
5658
5065
8842
7635
8055
9714
9399
750
4644
3755
986
6457
2597
1349
7684
1777
1762
2254
4278
1879
5564
8984
4162
1231
2589
6918
5731
4336
1232
5715
6116
5071
6416
5543
5972
7977
7857
6511
6630
4932
8562
1283
1348
4832
6571
1650
49
1569
1476
956
7909
649
7232
331
3800
2632
7804
3989
8247
6290
2751
3542
4433
4305
6023
5053
1967
7963
4649
6350
3185
9428
2049
1260
950
55
4276
2703
7601
7870
9281
2960
6649
4780
8782
4156
6869
2633
3219
7164
6395
9335
1202
4926
3553
6492
6478
5271
3118
1780
6103
6321
2756
6887
2709
5180
931
7735
4835
9087
8456
5502
8663
1919
9541
3054
3005
5646
5378
1140
2136
7584
3112
5927
7317
4411
7906
902
3111
4970
2748
6704
3229
641
7109
7463
3947
8935
3872
2582
9987
1627
9355
2481
2724
4782
9608
4152
575
9799
6908
4537
6192
487
1298
7704
2830
7219
548
6265
6584
7204
7504
9057
6291
2660
2322
6468
7989
155
9676
2204
3249
6107
3033
4388
8070
2717
7310
4527
6185
3826
865
3851
155
4951
5640
462
4103
6350
2722
8266
3560
7171
7767
9448
5443
3763
1971
9427
3594
9224
2603
5582
9839
4332
5085
7351
7888
1924
9583
8072
8062
2026
1166
3226
7106
368
2123
3641
7730
8069
2764
6786
7332
4856
1529
995
7730
2024
5534
2916
8810
202
6582
5451
8596
8149
4682
7268
6701
9509
6543
5593
7995
7164
3256
2539
1613
9745
5750
3211
9775
4780
5061
9474
8326
4696
9530
2544
1665
3585
9049
4906
5701
389
4284
312
5768
9493
9051
9345
8651
4229
2956
3840
2232
1703
5399
6656
8286
8445
5793