100
-3139
-1945
4670
-4803
-2045
2677
1393
-4419
2665
4639
-83
-4798
2302
3550
4833
2173
-1435
-723
-930
1102
-1439
-857
2006
1608
2983
-4758
4067
4846
-4393
-1394
3026
3532
3244
779
-3183
-298
-931
-4043
467
-4098
3300
2240
-2004
4668
1821
1368
-2514
-2277
2353
2959
3440
2402
3403
-1933
2388
4208
-1177
2159
10
-2397
-858
662
2810
4116
805
-3978
4950
5
-573
-549
-992
-3889
319
-3886
4513
-1832
4090
-4008
707
-994
-861
-1142
2766
-2863
-2562
-1615
4552
2875
-4204
854
2613
-2966
3507
-2990
-2416
1089
1322
59
3676
-4165
