9544
100
1033 1144
1055 1106
643 698
452 655
471 875
645 970
1006 1164
560 810
694 743
852 1079
700 1192
634 859
561 1187
1009 1188
837 1071
1110 1140
1196 1197
421 540
497 617
658 931
1198 1200
1183 1186
965 1060
644 1000
847 1162
1086 1166
1088 1174
940 1195
1082 1084
453 1171
969 1031
1198 1200
772 1087
773 809
563 605
1048 1131
570 801
507 600
787 1127
544 831
1155 1193
1162 1196
858 973
982 1032
986 1112
540 767
1025 1157
649 731
973 1000
1087 1149
964 1030
432 921
1177 1190
920 992
1180 1183
855 1098
1080 1150
1021 1126
575 698
876 1037
551 1156
1165 1174
433 858
879 1050
1169 1174
1002 1183
618 776
448 729
999 1007
1185 1188
813 1133
664 877
895 1181
913 1086
728 1001
817 1193
584 1091
746 797
1165 1194
604 1158
1038 1150
1140 1153
887 985
926 1109
886 1146
464 1042
1126 1129
514 863
1007 1087
561 1134
1011 1197
517 758
928 1056
561 804
795 1087
644 1057
489 709
912 1061
495 1036
909 934
511 806
903 1045
899 999
508 646
703 996
962 1089
917 1129
617 726
637 968
1176 1188
833 888
845 1021
701 844
859 1052
1093 1100
832 854
1124 1135
874 1099
526 1153
946 1158
1070 1105
957 1062
1033 1074
754 765
817 1162
953 956
938 1034
656 1145
574 923
1107 1118
1149 1158
1071 1152
603 762
954 1020
657 1006
1183 1191
725 953
1087 1167
596 793
739 1047
876 893
651 853
1109 1112
1179 1181
1131 1132
952 1192
925 976
635 884
449 520
1169 1191
516 551
898 1009
426 1093
957 1109
620 1163
842 962
943 1148
1081 1140
1106 1149
513 1081
855 935
586 713
460 726
640 1036
859 864
738 1151
923 1059
443 942
1078 1091
605 739
846 867
1091 1112
1176 1179
420 1122
990 1184
446 720
611 679
471 1179
909 989
609 641
1151 1197
460 1186
1062 1172
819 835
511 1068
820 831
1003 1116
874 912
723 1192
660 823
1190 1192
997 1152
494 931
1135 1144
458 568
1185 1187
627 1131
514 525
527 880
648 1073
601 951
1105 1185
874 1167
459 785
1093 1104
945 1022
1036 1127
659 990
1107 1149
446 867
882 1022
702 1117
1193 1198
982 1176
742 1176
825 1079
1163 1165
942 1100
1090 1180
451 1137
741 1029
1014 1189
812 890
472 902
860 917
502 545
1118 1172
1058 1070
836 1147
1067 1175
551 1094
665 670
606 933
422 823
1094 1168
685 794
736 864
734 1041
1160 1185
865 1114
901 1015
889 967
1170 1175
777 812
705 841
668 1148
652 1027
1012 1173
530 1037
1153 1198
474 706
751 962
789 919
965 1185
1152 1163
1090 1192
514 947
1142 1199
461 804
678 725
582 842
962 1199
1154 1156
624 1094
649 974
1025 1135
854 1126
585 757
804 1076
1119 1136
536 833
543 1070
1027 1071
459 1196
432 964
631 954
1144 1183
435 960
592 694
960 1091
1117 1188
581 842
983 1152
715 809
1084 1122
1140 1143
514 715
442 495
560 1135
650 839
590 757
806 876
784 1160
877 1165
806 955
897 968
1098 1124
767 983
515 637
958 962
1164 1177
716 1032
727 1158
538 979
1122 1149
423 968
891 1158
760 1106
1006 1082
1031 1091
1082 1189
813 830
485 1093
895 919
892 1189
549 558
585 618
951 971
1190 1194
988 1188
1018 1112
766 1090
441 491
508 703
732 878
965 1002
728 990
1113 1146
437 511
1064 1108
453 966
983 1199
432 881
778 874
886 1002
865 882
675 826
1013 1047
1164 1184
732 960
475 1088
810 1028
421 486
943 1038
745 781
789 904
573 949
541 916
840 907
447 566
1075 1128
512 990
917 934
1012 1065
1141 1151
634 1118
454 497
1069 1122
488 1189
868 901
877 893
851 1082
1070 1102
559 601
932 943
610 718
603 815
573 695
927 1096
1189 1192
1006 1175
1115 1139
649 959
778 830
501 978
559 630
1143 1169
1056 1090
512 622
667 1029
947 979
899 1091
426 904
479 1034
943 1144
666 1064
708 1160
588 1196
1155 1156
973 1189
983 1167
592 904
720 807
869 876
841 1011
1081 1183
983 1018
531 843
1001 1059
517 884
642 1011
440 696
906 936
850 884
882 914
734 992
741 847
778 1060
815 1087
1087 1142
434 1091
537 1185
1168 1196
546 1193
518 1148
804 958
1002 1008
1193 1197
931 1074
724 940
698 766
613 947
1158 1171
515 757
605 854
1138 1151
529 1107
472 487
816 991
927 950
877 1070
1083 1188
1173 1189
1057 1076
488 537
1133 1191
873 916
568 979
590 1164
798 1085
580 809
565 934
653 901
1086 1100
518 936
1032 1112
656 943
649 703
855 965
990 1147
755 1080
1178 1191
1051 1152
1166 1184
1164 1180
911 1072
674 1138
879 1018
955 1021
815 928
1105 1143
1117 1139
540 845
462 1040
953 1196
889 1141
1118 1136
817 1112
1122 1188
529 997
1099 1129
873 934
953 1071
1074 1193
945 998
1178 1181
630 811
1099 1114
1084 1088
955 1164
1016 1130
438 507
729 1149
484 1071
488 1200
1117 1158
1084 1181
1188 1195
1154 1166
918 985
739 1127
1173 1196
1082 1180
1025 1041
500 1113
887 1157
1096 1128
1082 1120
637 667
1029 1147
1033 1037
768 888
631 638
1147 1172
1110 1137
559 560
1120 1141
1058 1099
897 914
759 768
567 712
1034 1181
1161 1200
1138 1142
1031 1047
637 662
854 1167
560 621
723 783
1067 1168
574 809
627 681
997 1148
604 638
669 725
1198 1199
974 1195
1082 1148
565 569
1199 1200
497 1012
427 715
708 1088
569 602
1153 1160
790 1018
420 602
605 1168
651 793
423 659
1007 1092
1024 1066
932 1150
1084 1193
729 980
781 1147
1066 1071
572 1157
428 725
676 791
1142 1191
1135 1141
685 937
964 965
535 847
557 992
630 952
474 866
1192 1193
936 1051
683 873
940 1061
518 565
1061 1105
1056 1160
558 998
926 988
1009 1036
955 1170
1102 1123
908 1037
1004 1156
513 669
667 1123
548 580
1193 1194
986 1088
643 772
454 649
1024 1200
791 825
726 1046
562 818
959 1084
453 1177
461 931
487 716
883 1075
675 1150
855 887
948 1184
797 951
701 937
563 786
1115 1136
949 1100
423 485
1186 1195
703 1150
756 781
777 1083
1171 1191
1175 1186
718 801
736 826
972 1109
900 1129
854 941
869 1066
440 1118
477 1163
460 591
772 956
786 1057
1141 1189
983 1166
639 712
449 1043
1174 1181
501 970
557 925
1131 1165
1112 1125
515 516
991 1049
489 1134
591 906
586 985
1182 1183
1169 1193
928 947
508 1102
426 831
571 835
762 796
624 936
942 1060
882 1195
1082 1159
920 1115
1037 1128
1099 1112
775 1034
875 934
997 1027
497 968
754 868
644 1137
424 1123
1173 1180
1162 1171
604 920
1003 1113
1156 1170
738 948
523 711
873 992
1043 1090
483 1032
571 644
424 816
488 505
817 873
645 830
520 1186
905 1140
434 1009
992 1045
453 1141
839 1046
939 971
515 931
1018 1199
1108 1177
857 1128
1068 1190
560 871
1193 1200
1104 1191
831 1186
1076 1107
1076 1119
619 783
965 987
718 721
432 710
628 780
1098 1127
849 877
875 1074
864 1006
482 624
625 641
832 1090
924 1064
855 1091
1103 1152
584 635
825 1063
1125 1139
730 759
999 1028
958 1113
574 641
731 1004
801 1104
699 951
1015 1039
511 685
674 928
639 864
816 1103
1012 1033
1127 1155
717 1190
904 1119
676 819
667 1171
686 1090
480 705
605 957
530 829
926 1075
634 777
854 915
1185 1186
729 967
525 1023
855 1187
567 1026
933 1042
638 1077
1118 1149
501 1089
710 972
800 1192
753 1191
782 909
721 1112
767 920
505 1192
585 1012
854 979
811 1075
493 621
774 1100
1022 1099
1078 1141
637 729
450 872
611 871
760 1005
959 1090
1147 1190
898 1154
881 1055
1133 1155
436 594
459 1016
751 1159
1048 1071
1164 1168
817 871
1128 1171
447 1180
977 1129
1045 1136
1047 1080
435 1041
472 546
892 1093
623 1053
514 972
772 834
927 1180
490 930
992 1077
650 887
1124 1150
426 1133
667 825
468 573
735 1189
1130 1148
1199 1200
918 1140
475 1064
635 778
1164 1189
888 971
1184 1196
965 999
888 1152
948 1045
675 1033
749 890
481 631
548 1006
1198 1200
1072 1160
1038 1152
1005 1166
608 845
608 705
933 965
698 898
967 1049
438 721
764 834
1056 1133
704 998
606 889
1149 1183
934 1109
789 1186
1037 1155
990 1198
552 929
856 989
1063 1143
834 885
567 1187
1180 1188
618 880
1110 1132
647 854
916 975
836 880
487 842
1190 1193
821 1039
1184 1196
649 797
772 958
882 1079
765 1067
578 925
744 907
969 1063
720 927
427 550
970 1050
922 1000
1130 1193
640 1054
1157 1181
492 701
1107 1136
826 1192
441 793
1116 1154
426 798
755 996
694 975
776 1191
421 899
952 1160
446 613
768 1172
655 972
550 832
545 1160
1147 1172
1136 1173
644 1197
1172 1185
491 1042
855 1003
1139 1181
737 1167
854 1117
700 1015
1115 1129
1038 1110
653 872
651 1058
420 850
727 799
1102 1139
1163 1189
535 812
1195 1197
684 854
809 953
683 857
908 1026
473 1042
586 750
604 1139
1005 1158
743 1014
512 1134
679 1067
1097 1144
1108 1192
688 799
584 883
737 866
666 703
1161 1182
792 796
1016 1126
1179 1187
1161 1189
1018 1093
902 948
687 923
732 1010
726 968
1199 1200
699 1033
507 1150
469 589
1118 1156
1039 1177
762 1109
889 1015
881 1130
858 1118
747 899
1119 1137
598 876
1124 1147
909 1086
1136 1155
978 1134
886 974
881 1126
823 948
425 690
1083 1200
730 742
819 1168
996 1200
1081 1150
778 934
893 940
979 1141
851 1171
599 856
435 602
890 1105
1152 1168
1041 1067
746 786
880 1109
1175 1196
580 970
1091 1191
452 601
966 1126
1021 1127
860 886
814 895
1178 1181
1181 1187
848 1003
1075 1196
846 970
720 1067
727 834
514 587
1100 1161
620 879
946 1140
1156 1159
604 1114
868 953
1097 1144
423 736
693 1079
499 1165
1128 1156
482 1062
1029 1041
1083 1103
573 960
936 1068
979 1137
761 1049
481 562
732 746
903 956
639 809
1129 1150
959 1057
865 1191
649 1048
628 701
825 913
597 704
847 1126
998 1073
949 1118
1121 1175
958 1007
777 795
467 864
983 1060
474 972
678 1156
589 1147
899 1183
883 1127
1120 1142
768 877
964 974
428 543
858 1173
573 900
1054 1199
1146 1154
1076 1157
709 1061
1024 1066
1014 1172
1185 1199
602 737
688 1011
663 753
863 1159
1059 1152
708 925
822 965
1087 1116
511 961
614 883
1035 1038
703 1190
476 491
471 768
1013 1136
473 552
872 1089
647 1030
460 548
1041 1182
1185 1186
662 725
1136 1151
610 772
951 1089
996 1132
1052 1105
519 1012
687 1170
600 770
616 723
920 1077
1062 1147
502 1068
812 1058
476 1087
1012 1122
991 1152
493 549
594 1193
742 1053
759 1010
453 697
853 905
843 1131
465 645
1091 1154
888 991
551 645
808 913
581 611
508 1177
484 1142
713 1158
1155 1173
1130 1161
1082 1180
1154 1171
1067 1134
537 1126
1069 1185
870 1019
583 749
434 1138
798 1168
1063 1090
908 1007
844 1173
422 724
926 1166
1094 1098
1163 1174
1031 1125
665 1018
1018 1027
871 1131
720 1028
809 826
697 1123
826 1119
544 667
449 833
795 1144
425 601
766 853
843 1151
483 1063
694 1122
902 1064
486 857
1131 1187
669 903
624 770
446 1168
520 911
1004 1047
854 1064
586 622
887 983
486 525
974 1182
1141 1142
825 1094
535 808
762 967
641 650
818 872
1076 1121
934 1156
725 956
427 848
968 1020
929 1007
548 892
545 817
1067 1099
434 740
750 1040
1175 1185
740 1039
801 966
486 892
1073 1158
572 584
1157 1167
1117 1128
572 1070
465 1158
447 797
686 979
969 1187
772 832
861 1168
823 915
957 1087
671 1154
590 763
1100 1160
534 1141
686 720
1017 1073
443 940
724 1182
1017 1119
575 643
687 729
879 1039
953 1027
675 845
591 1186
430 825
593 860
660 963
867 1200
814 828
812 1151
938 1116
1180 1196
589 1159
889 1085
849 959
776 1041
692 1034
572 619
1021 1107
501 514
899 956
815 1070
1057 1109
624 707
582 603
462 1028
1188 1193
905 1153
665 1146
1139 1199
933 1028
1198 1199
1014 1174
1074 1164
648 965
1178 1180
727 817
998 1037
529 1194
1003 1196
915 1187
707 835
764 1179
447 1009
970 987
439 560
555 1019
475 1098
1152 1163
1027 1124
1181 1188
570 716
1109 1200
523 789
1105 1167
925 1127
702 1119
1080 1105
1152 1193
570 721
891 995
895 1032
666 1079
997 1075
501 1147
665 732
776 1181
968 1007
920 1156
911 1167
1164 1190
690 769
806 958
1189 1197
616 649
982 1050
440 1058
1154 1193
1136 1164
1194 1198
472 558
969 1054
874 1145
499 571
878 899
548 995
1055 1120
833 1158
1101 1107
795 963
940 947
865 1127
955 976
460 770
1124 1140
728 1121
713 1100
889 1099
941 1013
553 649
1045 1113
682 1044
918 1147
929 1002
1146 1189
686 938
971 1026
591 1068
491 1005
753 1180
882 981
879 1115
763 875
773 945
1007 1186
1016 1056
1087 1192
761 1073
632 1125
527 863
1042 1158
529 873
830 925
518 1036
709 835
948 1046
888 949
810 1110
1109 1188
851 1159
841 1019
798 1015
503 1007
1080 1128
918 1190
1180 1189
704 853
816 928
996 1024
438 1141
989 1200
774 909
765 1188
503 1043
814 1130
908 1158
1128 1168
813 917
613 854
512 624
1062 1081
1129 1132
1009 1153
683 711
1061 1068
619 744
798 923
519 872
845 1077
1147 1181
1156 1199
452 1122
766 1027
1143 1173
590 1007
650 880
1138 1165
962 1010
685 764
654 849
722 1072
824 1029
472 702
837 1107
441 1036
548 906
1193 1194
628 1098
733 988
591 892
1061 1161
566 687
464 733
964 1001
1145 1189
970 1055
986 996
839 868
600 1101
1121 1152
811 845
705 1110
421 1103
1040 1140
922 1083
857 1054
834 838
761 940
603 955
919 966
736 992
939 980
1108 1146
1084 1134
1163 1195
797 1108
1009 1125
594 1026
457 683
886 1184
1011 1135
828 1063
642 1156
974 1053
460 966
1001 1103
1118 1121
858 1187
560 976
426 1199
1042 1143
565 745
891 1115
902 1196
1153 1171
801 984
470 886
844 893
594 1045
955 1175
873 890
870 927
511 1112
1126 1186
993 1137
1027 1144
435 585
888 1064
803 832
595 607
493 717
679 816
839 1141
996 1013
969 1160
468 1052
642 969
976 994
639 831
1146 1193
1019 1146
957 1091
961 1184
1132 1156
972 1048
456 694
968 1085
706 786
461 870
1192 1197
836 1063
754 759
591 640
641 1088
659 740
868 1153
1168 1169
966 1013
462 521
883 948
821 939
1161 1164
855 1095
898 996
654 837
762 1185
987 1075
1029 1036
835 994
855 863
1078 1117
582 851
864 895
781 930
603 626
776 1146
511 946
454 1037
761 820
1053 1150
1129 1176
971 1148
805 982
1103 1150
1071 1148
900 935
678 813
439 601
520 1168
836 1118
477 552
1137 1154
458 1158
951 1068
1034 1036
1149 1172
1121 1130
551 787
490 1073
808 1015
448 1168
923 1029
1092 1150
867 1174
733 900
645 909
675 966
568 860
836 895
712 918
444 505
432 671
523 594
951 1041
606 974
985 1102
871 1123
980 1111
574 838
808 857
1166 1195
1016 1161
1108 1118
436 1051
827 974
556 756
452 751
935 1051
1164 1190
766 816
533 772
713 1065
1120 1164
1040 1171
502 934
700 962
852 936
516 764
742 1035
588 1082
815 1055
847 986
742 1015
644 825
643 796
1167 1185
433 1088
785 1113
958 966
973 1112
1032 1132
492 936
946 1158
1114 1116
922 936
916 938
632 791
599 817
905 1100
1193 1200
420 690
779 965
1163 1177
740 894
1183 1185
719 1163
664 889
760 767
852 1173
948 1154
1175 1188
817 1021
1035 1043
766 936
1105 1183
499 528
1073 1104
686 1006
451 1130
450 984
998 1091
970 1136
479 812
932 1134
763 1039
928 1155
899 958
1003 1103
634 794
1132 1181
456 1002
477 1175
677 906
656 1095
565 866
527 1166
942 1005
1026 1099
933 1196
793 1175
1192 1198
1024 1134
773 972
1099 1184
654 1009
677 815
1052 1167
919 947
703 757
435 820
691 1200
431 631
1066 1076
865 1106
751 957
620 793
751 825
853 1197
934 1089
1178 1182
1063 1125
475 490
994 1181
973 1022
468 694
455 511
1080 1198
985 995
916 963
866 1167
668 1150
480 910
963 1081
921 978
1062 1069
1050 1150
473 866
1064 1132
852 1092
1122 1135
1027 1175
660 832
1063 1088
456 840
555 580
1190 1193
535 700
981 1019
497 666
833 889
943 1076
420 1007
1159 1200
525 734
1199 1200
840 1070
605 636
421 1110
960 1157
1066 1197
1088 1170
1135 1163
509 516
755 1155
653 1003
928 1077
861 1040
838 928
1075 1153
662 883
940 1045
925 1017
457 936
868 1199
846 881
968 1184
601 981
1125 1130
852 874
573 653
772 903
968 1033
633 719
565 980
714 1027
454 588
536 802
937 987
1115 1157
451 759
838 1013
1189 1192
560 619
1167 1199
610 1079
1081 1170
436 848
542 1133
425 847
669 1139
1099 1184
1011 1143
632 938
559 1018
487 801
1010 1013
938 1177
1142 1144
724 898
1135 1148
991 996
675 905
895 1136
956 991
682 832
500 634
1159 1188
686 990
655 661
552 1028
519 1099
664 805
1070 1098
1040 1120
972 1144
512 810
542 783
1072 1180
662 880
703 743
466 1158
502 857
758 835
1104 1107
434 968
442 537
763 1022
747 780
516 740
1077 1164
986 1057
983 1020
1136 1172
729 1093
965 1141
936 1070
1080 1172
713 914
633 913
1055 1092
465 1186
807 924
933 1195
982 1060
573 901
637 1036
819 995
808 905
738 1196
1113 1152
1111 1126
543 972
744 914
925 1126
731 1091
545 661
981 997
726 958
1003 1200
1193 1199
1011 1132
694 698
460 482
955 1115
1118 1167
595 951
896 1021
747 863
834 1148
662 980
960 1160
1175 1194
720 834
454 1074
826 922
740 1067
873 1082
601 652
571 695
432 847
1093 1105
684 796
527 647
493 1069
687 800
964 1008
469 1013
1011 1055
525 599
831 1011
1181 1190
666 943
599 1099
565 1001
488 538
997 1191
434 728
1014 1197
449 919
847 1010
507 1069
998 1033
1052 1083
572 934
1046 1148
799 1116
695 952
609 948
971 1168
1111 1134
521 556
454 696
673 1110
978 1169
1090 1120
634 1045
781 1072
814 1123
453 686
836 1105
621 1121
796 1171
578 696
853 1089
488 711
573 781
584 709
850 1189
1046 1185
686 717
557 780
888 973
927 1037
682 985
1095 1179
780 924
987 1049
667 970
977 1074
881 1142
569 980
773 917
529 917
1119 1132
759 1147
1039 1158
680 899
684 820
574 713
643 1182
853 1192
1065 1166
892 1190
668 1183
1022 1183
633 973
1147 1157
519 1067
598 953
519 1198
1136 1150
528 1193
937 1071
695 1017
821 1003
1176 1188
908 1083
880 1132
751 1003
982 1090
470 721
1152 1173
431 609
1165 1177
568 778
516 810
486 864
570 814
502 1113
450 904
898 976
1185 1189
687 1018
824 871
912 954
774 1179
1006 1122
904 1002
1040 1097
592 993
956 1131
1070 1162
467 601
477 676
479 1011
633 782
730 1048
712 870
828 1139
915 932
767 1157
594 1022
718 1163
862 1065
591 757
674 1181
541 1047
560 563
881 1099
952 1198
875 1199
746 1191
813 1078
944 1008
879 961
571 810
1001 1069
869 1168
688 801
766 1044
567 641
688 787
554 1110
1123 1149
1123 1198
1072 1179
1184 1187
877 980
789 1145
528 990
847 1147
686 979
1072 1199
847 1126
1115 1191
852 924
986 1048
1020 1033
1140 1200
839 857
966 1135
1073 1145
513 828
998 1120
1050 1130
740 828
1152 1154
461 996
510 1089
799 1121
662 890
582 789
616 777
827 840
1110 1127
651 972
614 631
988 1177
696 904
1081 1107
880 1159
424 647
1063 1099
496 610
857 1057
706 792
659 720
499 977
1107 1171
736 1143
901 1083
460 1197
628 834
1103 1116
958 1138
636 653
969 1184
679 1146
1095 1100
791 914
795 841
701 1057
1025 1185
831 1011
1027 1054
548 1165
762 819
674 718
797 834
910 1077
788 1120
1136 1168
795 1182
541 1003
857 915
475 927
1127 1133
1007 1093
526 1045
1167 1196
686 903
582 837
1048 1141
668 1060
759 786
853 1147
520 1092
880 963
873 891
943 1065
450 591
584 1061
1154 1164
694 969
1198 1200
973 1067
586 1083
1174 1197
732 880
675 957
752 1128
789 840
1093 1122
541 630
789 1115
644 1187
592 641
1166 1197
947 1043
1118 1174
546 558
906 1104
1066 1130
694 958
569 727
757 1123
1181 1191
521 776
661 893
680 1150
765 992
845 1004
491 1178
757 987
1134 1194
644 804
436 525
886 981
1147 1174
643 1122
621 1122
571 593
789 968
569 965
957 1172
872 1055
1053 1080
718 929
653 790
666 1101
789 1077
945 975
1153 1197
836 888
463 1197
627 1123
1052 1200
566 584
1016 1028
990 1185
656 880
648 929
1107 1193
758 1196
1123 1160
680 986
1118 1197
624 696
951 1038
1155 1197
735 813
1150 1162
920 1065
836 867
1082 1163
986 1025
1033 1065
512 819
467 808
635 1197
491 1106
1143 1160
427 648
480 1173
457 1025
612 1093
800 1196
763 860
822 1152
639 1035
769 1075
1149 1174
769 921
664 1104
931 1129
1080 1177
515 1200
448 1182
707 811
1166 1191
1011 1138
930 1075
510 1114
474 1030
1129 1172
630 1175
1108 1111
541 1102
1184 1191
974 1106
895 897
895 1032
1007 1090
753 939
640 662
947 1151
1195 1199
832 1171
1132 1169
705 910
480 861
729 737
1019 1069
805 1050
642 713
475 907
661 1018
466 946
893 1068
724 761
872 1098
523 992
510 547
485 1177
887 1038
1172 1177
612 868
1108 1133
885 1030
586 1057
881 939
670 1156
1075 1118
1135 1197
1120 1190
441 1132
464 1022
1179 1190
674 1136
780 785
533 1020
613 1061
436 813
787 1141
691 981
501 794
1159 1186
449 1104
783 1094
887 1045
909 1159
1146 1162
1138 1176
912 967
1069 1189
1020 1041
1036 1055
597 611
1026 1041
746 974
831 1001
1024 1114
495 941
954 989
744 846
701 759
866 1133
910 1039
676 1042
617 1052
901 1193
429 1090
1016 1124
571 1093
689 1199
894 1168
1020 1035
828 837
855 1139
657 1035
678 699
972 1110
1121 1141
549 815
599 860
1035 1102
996 1054
612 1128
489 916
679 1066
1016 1158
750 1084
497 1154
919 971
1026 1172
686 1197
1156 1172
970 1068
977 1149
902 997
968 1196
1040 1064
539 866
904 927
1109 1165
730 981
723 958
461 1052
625 913
502 639
584 1117
881 1139
450 714
1140 1151
947 1107
1134 1197
561 972
678 1124
1044 1163
1160 1185
897 1155
635 706
626 842
998 1118
882 901
880 1022
461 870
535 867
507 1059
945 1080
955 1184
1134 1194
816 1067
579 829
868 900
779 909
812 814
812 973
698 870
443 812
1050 1076
603 747
681 997
949 1086
1183 1184
850 1130
655 1177
802 1071
905 1028
616 945
1129 1160
425 1126
748 1077
748 1036
737 883
685 1124
691 1013
1047 1051
624 1149
908 914
968 1187
518 680
956 1057
1095 1143
941 1159
1075 1162
738 1120
803 1148
1100 1167
975 1052
1053 1151
905 1182
997 1133
720 987
917 1084
803 849
485 1100
1116 1136
729 964
534 993
704 1135
578 856
762 972
1187 1194
940 1067
909 1170
549 821
588 1162
849 1105
647 1172
1077 1186
1123 1162
1004 1105
994 1165
519 801
859 1136
564 744
1018 1104
839 983
645 1151
689 829
456 907
659 1008
774 1163
895 898
650 1055
928 1165
962 1088
527 1200
1070 1153
794 1038
562 967
429 926
996 1173
1108 1161
813 920
526 999
979 1082
693 1126
949 1091
799 941
1088 1133
846 961
924 970
1044 1141
1178 1182
615 992
703 1129
582 820
938 1060
504 1174
1024 1170
717 938
743 760
614 1159
953 1173
1114 1128
1198 1200
635 644
1075 1131
715 901
836 1078
1103 1182
1132 1186
1190 1194
750 837
1057 1181
465 1186
449 548
1001 1091
678 1043
1190 1198
573 1173
1075 1124
758 874
739 764
626 820
525 698
1041 1108
802 950
670 1100
1123 1138
1194 1198
955 1058
498 579
1118 1162
549 1156
821 878
1155 1195
1159 1196
863 1013
899 949
1176 1198
1081 1125
1194 1198
799 1188
673 1038
994 1074
1035 1098
1025 1062
1113 1124
856 964
1136 1145
1180 1186
1143 1196
1075 1166
636 807
713 1147
935 974
893 907
1040 1185
604 1017
552 811
1191 1194
1063 1102
966 985
518 852
967 1150
515 1070
497 687
775 1047
538 765
756 1065
512 750
915 1088
1039 1196
1153 1171
608 751
691 1017
1011 1097
994 998
650 1131
1128 1156
454 767
623 1083
499 1049
1163 1194
542 642
477 556
785 1066
944 1055
731 848
1131 1141
1067 1167
973 975
451 1190
937 1057
620 669
1053 1114
838 953
456 935
588 946
718 1019
474 521
980 1081
451 1125
518 867
1012 1180
1184 1185
520 1071
770 1020
979 1046
760 1007
905 1019
831 1080
904 906
634 1104
714 1034
1053 1131
597 877
1088 1153
714 999
1027 1090
886 928
1054 1144
1178 1188
849 1028
540 677
1059 1184
1164 1167
583 1011
1026 1170
966 1168
496 1190
1019 1126
739 963
564 759
911 1123
1104 1189
1154 1177
737 838
532 995
682 1095
454 664
445 693
586 1006
515 1121
503 620
791 824
953 1114
1134 1146
635 696
1034 1182
421 507
693 1000
593 926
965 1143
583 842
729 898
670 1054
486 1186
564 715
469 509
541 1183
679 1029
547 1197
529 944
875 1088
1030 1044
457 906
1003 1117
1156 1181
613 930
1075 1103
759 1098
873 907
1053 1173
784 1017
1050 1191
1092 1182
859 906
702 739
670 871
965 1136
515 564
738 1062
804 889
875 1166
899 1025
513 1079
478 497
1127 1173
764 795
1039 1055
739 949
1043 1122
691 768
708 945
853 1095
936 1017
829 882
662 978
673 1147
943 1200
1106 1188
1184 1194
527 639
435 915
1023 1024
703 1140
684 1043
1009 1050
698 1003
1133 1170
435 950
966 1037
581 711
806 885
679 800
814 1072
653 975
794 1174
599 682
788 975
801 971
634 749
548 805
642 646
719 886
1132 1171
519 678
833 1184
616 692
687 768
923 1086
438 524
938 1168
610 874
884 1139
1194 1198
462 936
672 1057
1193 1198
675 865
728 1099
569 909
730 847
813 931
726 1064
1198 1199
510 1032
610 629
865 1172
492 1045
905 938
902 1041
539 567
685 1099
518 711
1147 1190
598 616
1185 1194
933 961
541 578
935 1053
937 982
926 1043
987 1122
838 1118
987 1129
653 832
831 882
1107 1131
789 1128
694 1097
554 814
739 1022
993 1177
772 867
651 677
861 959
421 862
625 1142
655 895
709 1132
699 997
1111 1130
1189 1191
1065 1139
962 977
699 942
591 718
484 717
952 1036
725 941
759 771
864 873
1174 1199
659 782
1034 1162
629 679
572 578
657 669
788 824
576 598
558 791
768 1020
1031 1092
609 679
1105 1178
471 967
596 691
925 1110
1074 1093
450 1130
657 1169
561 978
1070 1072
577 785
1047 1129
911 935
966 1061
689 781
563 953
1162 1189
504 564
825 835
1195 1199
1096 1173
448 1062
944 1122
601 618
518 524
461 929
528 826
610 1073
748 1072
830 907
453 936
469 1038
793 1029
1126 1135
433 968
486 726
751 1107
529 1040
1161 1184
997 1089
783 919
1052 1061
1148 1157
1020 1143
615 627
465 591
708 818
848 1080
598 957
592 848
789 988
1092 1166
439 741
670 1173
1089 1144
548 813
508 596
663 764
1054 1168
858 1035
995 1173
1066 1107
764 791
829 990
778 943
569 691
1007 1185
809 981
1108 1193
1124 1140
723 1025
779 790
667 838
944 1093
636 794
808 974
620 1141
900 1063
679 735
566 764
744 1006
855 1003
573 599
1051 1095
474 517
1177 1199
1011 1161
784 899
765 888
789 1123
774 1025
725 815
1115 1132
795 980
826 1028
907 1107
740 1114
548 636
800 1051
939 1067
982 984
691 890
657 873
814 901
531 1000
1129 1145
532 1175
486 525
732 798
726 1040
849 891
981 1110
732 923
635 670
879 935
515 1039
822 854
453 1024
910 1133
1149 1161
841 1028
700 956
774 1151
845 1115
633 709
854 1053
868 1116
673 893
472 681
952 989
433 460
890 917
663 1078
437 517
697 1059
966 1110
959 1045
915 1100
606 1140
652 716
592 684
771 998
1187 1195
736 844
1149 1186
678 1110
1006 1156
1174 1185
458 550
795 1044
606 1196
870 1113
586 1080
1076 1114
507 835
1160 1182
768 1193
631 1152
656 677
954 1141
732 740
647 1000
930 974
958 1075
496 537
852 907
433 592
1126 1200
504 824
508 588
793 1016
1038 1144
1003 1085
869 1069
672 912
973 1167
755 869
433 878
690 870
514 1022
1166 1192
1075 1084
969 1149
653 1035
1037 1068
510 641
1071 1090
447 1126
1119 1164
632 882
775 1058
641 886
895 898
752 1073
537 740
720 1071
805 1145
1102 1175
1152 1178
991 1133
855 905
1140 1143
524 776
1080 1116
737 843
1088 1101
518 980
512 1040
670 887
469 1149
1191 1196
877 1039
743 868
714 930
1014 1137
982 1045
906 1078
1009 1158
1098 1169
1040 1106
436 1006
869 908
583 796
717 867
1080 1139
559 1106
1116 1145
898 1003
719 877
941 1001
795 1107
563 920
491 691
437 634
1046 1149
918 1091
474 1004
584 706
1152 1166
714 766
746 1129
776 795
633 823
570 585
970 1193
815 866
710 913
762 998
587 990
448 1083
868 1047
522 630
1119 1172
778 828
651 1084
674 1147
859 944
549 732
1196 1199
570 673
1103 1178
1153 1161
713 1151
836 891
595 1025
779 1029
1181 1196
626 904
811 995
580 680
823 945
839 956
803 966
673 856
609 988
983 1115
776 1067
928 945
843 1180
1114 1165
917 978
487 770
657 988
881 947
549 771
1089 1120
939 972
581 753
1096 1116
621 842
556 775
508 1143
869 1126
600 604
1161 1189
1042 1105
429 979
424 587
716 784
949 987
873 891
937 1086
1108 1178
1131 1187
713 750
1084 1093
818 997
592 794
1084 1087
1089 1150
499 1066
436 626
467 588
489 749
1132 1197
949 1123
667 1083
663 690
489 969
966 1030
1032 1169
815 996
588 1102
997 1115
775 903
798 1087
729 1187
808 1070
1135 1138
734 1088
819 926
689 990
828 1101
782 1040
1039 1140
434 684
839 1061
430 439
680 1083
626 1123
711 757
940 1105
948 997
1184 1189
897 955
1192 1198
995 1066
1024 1031
674 1125
1125 1132
805 862
812 1019
502 706
1185 1199
578 706
891 1025
681 972
587 845
1177 1194
557 622
1033 1110
680 829
1158 1195
929 1160
586 772
1084 1162
1052 1155
619 815
921 1117
956 1163
479 633
1008 1062
1001 1024
656 1157
622 941
605 1065
917 998
594 1120
1069 1114
563 622
820 877
720 742
866 920
450 1061
554 964
1092 1140
533 770
913 1103
753 1101
1122 1198
1175 1189
432 1095
708 914
1179 1197
883 1034
481 702
495 512
945 948
1090 1133
828 1064
542 887
808 903
462 809
1199 1200
845 1069
530 1058
1020 1141
612 782
985 992
1168 1171
810 876
674 1153
500 605
1121 1137
1155 1194
1198 1199
549 750
1072 1187
974 1094
655 794
1019 1061
958 1094
609 737
426 843
554 633
1026 1147
1004 1124
843 1119
785 1180
627 1098
921 1076
1016 1101
822 1077
1131 1152
584 1200
470 1166
946 1153
533 852
647 734
546 986
973 1092
905 1061
1066 1175
931 944
868 1068
1017 1038
998 1113
989 1139
1162 1177
1139 1190
458 726
641 1164
430 1120
1110 1150
690 1020
903 958
640 1089
523 609
925 1048
938 942
772 919
739 1168
503 608
674 781
431 565
1022 1149
1122 1139
439 1186
747 1052
496 695
443 1171
1067 1190
674 745
1024 1089
614 768
845 1075
533 898
566 995
569 971
1090 1105
995 1129
890 1087
765 769
566 570
532 799
1124 1161
658 673
585 818
441 883
1066 1128
1021 1050
667 959
461 817
742 884
710 1063
1126 1154
878 1008
953 1134
853 919
705 904
977 1155
1058 1191
1182 1200
888 924
725 1125
750 754
719 820
1147 1184
889 1047
780 868
1153 1199
772 951
422 464
875 1169
1159 1182
653 863
691 741
752 1150
624 1139
524 1071
1022 1165
1110 1139
1040 1185
1116 1144
585 678
1184 1196
771 1107
430 1163
687 968
995 1143
605 962
514 607
510 693
644 716
583 1190
672 899
1125 1169
884 939
1054 1154
869 1113
619 1185
1045 1088
616 782
922 1014
657 743
542 560
680 779
1091 1187
1030 1133
421 974
867 921
759 839
646 802
421 1116
825 997
735 760
754 1134
815 1187
754 890
697 1100
736 749
762 1023
1086 1174
1149 1164
1118 1135
741 790
636 701
653 950
1095 1131
476 1086
930 980
1071 1075
831 1142
587 694
1051 1189
800 912
493 698
877 943
721 871
818 1132
1174 1195
440 887
928 952
478 885
626 963
778 1103
649 660
688 1096
759 808
696 727
507 868
1115 1184
609 813
629 966
818 1029
839 982
1113 1168
689 729
767 894
1117 1136
912 1190
727 914
475 1020
897 1017
1074 1146
438 720
716 974
731 767
706 924
1011 1113
646 1033
685 1058
930 986
918 935
893 1155
469 850
1070 1119
637 907
822 1119
441 868
739 773
1166 1196
715 1049
966 1070
706 948
1070 1146
536 1197
928 984
891 1047
957 994
535 1074
1111 1173
1102 1126
681 1197
851 989
931 1161
883 1003
914 917
703 742
603 610
878 1103
1031 1090
703 1106
749 1174
1081 1116
1053 1102
904 931
586 681
1160 1166
659 872
1003 1153
748 988
1105 1116
1137 1153
1173 1187
1113 1136
474 1063
460 768
952 1155
578 1198
1182 1191
1170 1199
868 965
446 847
686 1179
1125 1131
657 924
560 1166
1165 1188
737 801
1176 1179
1079 1127
1053 1176
1132 1194
1051 1062
486 1110
1050 1073
750 1180
489 766
631 1171
833 1081
1006 1012
457 931
433 1033
934 1092
799 940
1056 1132
590 778
989 1037
811 914
581 860
699 887
1043 1128
454 763
763 1180
792 846
768 1091
748 778
448 871
1156 1190
781 833
1167 1180
554 1173
580 740
1004 1051
985 1067
788 1047
1038 1145
485 804
1074 1134
1068 1181
948 970
707 1137
698 753
1129 1159
1061 1072
735 1026
624 641
524 759
619 1078
710 925
757 953
738 971
487 551
760 851
1086 1190
591 809
920 1035
855 1069
1079 1161
1189 1193
590 1019
940 956
1093 1169
470 733
1189 1200
561 877
696 903
739 859
1137 1153
1193 1194
722 1185
809 979
651 1068
526 696
480 1149
1115 1173
696 839
780 876
643 1152
682 1004
739 1054
442 899
574 695
815 934
1175 1194
1022 1185
1055 1124
1097 1153
1179 1191
914 1088
625 878
504 838
786 1176
898 1170
820 981
1034 1151
716 968
605 782
686 836
443 712
713 1174
1110 1147
765 786
832 1086
482 585
974 1162
428 935
697 1169
763 823
816 1030
635 1065
442 938
1196 1197
642 657
582 1072
881 1147
480 732
438 1024
866 1127
548 565
454 899
1148 1193
581 788
1164 1168
1052 1141
698 886
1001 1086
889 902
1067 1148
858 1134
759 985
602 1173
515 1023
640 973
1190 1194
507 789
575 589
992 1110
933 987
764 910
551 745
1047 1115
739 1061
780 908
1040 1113
673 785
802 951
654 724
724 731
982 1158
441 994
1108 1133
897 975
1137 1183
968 1082
530 1125
1088 1163
801 873
958 1021
504 843
709 1057
1150 1155
1185 1189
910 1047
1167 1190
683 837
512 850
672 906
758 1008
803 908
635 987
664 979
1057 1183
1179 1198
746 773
860 1106
520 836
469 864
1108 1112
811 1181
502 511
691 725
1019 1031
983 1184
1103 1105
1197 1200
1186 1188
600 928
664 939
794 1034
986 1128
715 1177
900 1111
1058 1114
796 1034
1134 1178
1144 1191
526 965
696 758
629 652
744 777
478 797
768 1147
596 813
1040 1200
825 1113
844 1172
1129 1168
662 686
422 1044
1162 1197
641 880
939 1066
984 1177
1003 1049
1097 1200
1150 1180
912 1016
803 1144
666 1175
804 915
944 1090
749 968
868 881
808 903
1195 1198
1091 1127
696 1190
576 1039
1019 1076
967 1008
870 937
686 992
1077 1083
887 1032
469 1036
823 1067
1197 1198
686 870
443 1150
1148 1194
820 972
795 931
973 1072
471 831
759 762
1047 1086
595 905
557 1011
1175 1182
1059 1182
948 1175
455 950
1139 1146
764 854
535 1140
588 992
920 1118
1063 1181
761 856
1119 1142
652 712
965 1047
471 876
808 1050
554 750
810 1120
869 1029
553 996
1150 1187
870 1110
546 973
1151 1196
1174 1185
511 826
1076 1156
1148 1173
999 1181
749 775
541 581
867 892
993 1016
677 1030
605 644
878 996
929 951
949 959
798 1039
485 874
713 1104
790 824
517 750
830 1058
941 990
838 900
906 1097
550 1152
881 1009
957 1073
518 948
459 967
786 934
599 1009
833 1109
1157 1159
598 1072
801 1005
556 880
699 1085
630 733
717 1118
1111 1176
664 1172
670 944
607 797
1182 1200
608 923
545 610
747 878
633 1200
837 1107
1144 1184
457 1018
993 1028
912 921
719 869
1020 1167
791 1162
834 1005
772 815
535 1016
1193 1198
717 1098
472 843
677 868
1134 1193
590 824
729 748
997 1199
456 535
874 1188
785 796
1071 1082
558 946
1176 1190
862 1199
733 856
1033 1071
1029 1038
455 906
539 724
1172 1196
508 522
1150 1155
791 1172
1138 1161
694 888
1049 1060
603 615
1014 1058
799 840
563 820
638 1094
675 792
1046 1123
737 1192
629 673
989 1133
908 1174
661 706
670 1003
807 1008
893 1171
637 712
1144 1152
566 1039
527 658
527 1042
1199 1200
815 1173
674 987
836 1108
423 786
471 1135
437 677
691 961
713 1171
521 567
519 566
515 1007
740 900
1073 1144
889 1085
497 609
1057 1193
958 977
1126 1142
1163 1167
523 910
852 1144
1199 1200
894 992
826 1037
1143 1189
864 1143
718 1028
1126 1196
831 1112
858 1162
1049 1179
928 1173
878 1151
1042 1141
744 956
976 978
1155 1166
1189 1197
1166 1199
661 1126
918 1167
454 994
457 724
666 1021
1035 1174
1021 1101
923 1173
1058 1166
521 1172
606 942
1091 1121
1158 1184
1099 1151
839 1061
780 1005
862 876
1145 1181
610 642
1073 1130
549 956
864 883
528 1097
505 689
453 821
880 1037
953 971
931 999
667 989
1128 1198
487 745
904 979
1021 1048
990 1164
792 1085
754 942
777 940
1006 1089
554 831
788 1073
840 1079
522 725
515 522
1116 1192
800 840
458 998
864 1006
468 687
632 908
730 984
593 916
737 782
696 902
606 1058
796 1057
511 939
1109 1116
482 582
748 908
919 1129
949 1195
991 1161
982 1151
774 1110
925 1030
467 487
1110 1153
430 564
953 966
741 777
529 568
802 988
1178 1198
1073 1178
975 1126
913 1003
687 917
570 972
437 1129
1126 1188
670 826
515 1193
591 1116
712 834
1089 1194
497 787
1120 1193
858 1180
907 1002
1143 1195
553 824
920 961
1112 1168
612 626
913 1117
1145 1155
559 942
813 1105
463 771
888 1085
1176 1192
633 723
631 864
846 1158
452 954
866 918
1047 1102
432 653
934 976
870 1107
623 988
468 574
987 1065
528 684
1184 1194
701 1124
587 887
578 1085
1101 1176
471 784
467 487
1172 1180
1189 1194
900 905
612 689
908 1174
482 1052
665 1169
1148 1153
840 1059
592 887
522 724
1111 1137
845 1083
1017 1080
976 1022
473 998
936 1133
605 1054
978 1137
1043 1163
919 1199
1108 1180
800 1161
516 875
697 1163
888 1084
805 1000
511 1017
1014 1056
630 1063
1072 1144
929 1033
969 1163
1177 1200
920 1117
987 1066
982 1133
733 746
580 736
477 917
1014 1083
464 507
847 1047
781 964
654 1151
1107 1167
988 1077
1135 1139
898 1065
624 775
505 990
1090 1162
621 992
974 1184
557 1028
915 1019
557 756
583 820
656 910
512 775
942 1121
729 956
439 812
1019 1060
1028 1193
1096 1149
793 866
647 852
859 1029
494 774
1003 1122
998 1119
450 599
689 700
696 951
575 1043
1040 1063
714 907
886 1128
641 856
1024 1064
603 744
910 926
553 742
1155 1184
581 718
868 1152
964 1062
494 712
703 1041
754 861
785 1143
1055 1179
751 954
785 1009
760 1059
541 1060
1027 1154
1119 1152
1141 1190
435 576
1043 1199
897 973
1108 1198
901 1096
539 1173
803 902
477 651
810 1045
722 798
566 796
660 689
784 878
548 736
699 973
420 1170
658 696
1146 1154
999 1152
780 984
766 884
785 1015
750 1102
1170 1172
530 935
700 1134
1036 1111
1052 1109
1178 1193
1187 1197
558 661
543 1116
565 799
593 596
515 1180
715 776
746 782
760 779
874 903
484 780
620 1053
480 768
894 1013
566 1161
1136 1185
780 1103
653 796
985 1086
483 979
568 737
1178 1200
985 988
751 1125
441 1142
862 1064
1158 1161
729 883
739 947
726 1101
750 826
867 1027
1147 1163
484 812
666 690
859 1082
1070 1172
677 1193
975 983
1062 1112
642 825
735 1107
494 1047
655 896
617 1169
558 905
555 865
1188 1196
656 1021
805 1058
813 814
1187 1197
796 1188
842 1008
559 1140
1112 1114
1093 1117
863 947
420 1078
771 916
1134 1177
854 906
622 717
841 931
1119 1190
1084 1164
770 891
569 958
1161 1190
1067 1170
598 1110
978 1036
648 962
908 919
1117 1173
752 1179
620 936
966 988
1137 1171
961 1179
547 703
774 937
1065 1083
484 658
427 915
586 724
541 1081
782 847
850 1175
1183 1198
920 944
1166 1183
1007 1014
812 890
863 1097
938 1173
1166 1182
902 910
1031 1194
681 885
473 950
1133 1151
688 990
624 758
861 1062
1011 1051
552 1187
1095 1183
738 1077
828 1011
754 927
762 910
1145 1156
1024 1087
1164 1182
1172 1174
673 1040
492 511
722 747
431 711
699 1055
640 1162
1004 1160
734 1103
1165 1191
582 1045
948 1056
1067 1081
1110 1177
605 727
536 864
880 1196
430 1035
599 1055
1184 1188
1150 1194
857 1123
1096 1186
754 1112
965 1089
424 937
785 882
661 948
1048 1187
885 1085
519 935
1032 1138
1187 1200
908 991
916 937
549 566
896 934
457 591
1179 1181
1138 1184
616 1157
703 1159
1020 1032
460 949
757 950
1118 1174
841 1175
508 1039
710 737
825 845
1170 1190
1123 1142
601 781
565 621
1078 1144
445 957
670 1010
997 1011
432 603
710 1166
755 1125
548 1139
751 1135
497 700
726 1194
675 1171
944 1092
698 1073
443 643
732 775
444 502
746 1145
759 974
846 896
790 895
425 659
429 884
907 1022
1147 1193
587 723
1130 1162
902 1187
1177 1179
1080 1124
604 951
874 882
1089 1144
882 1149
784 951
916 1075
939 1060
1165 1181
555 573
943 1092
665 969
872 1082
804 1144
577 900
429 614
757 984
1048 1056
897 942
1066 1067
855 923
462 1006
691 896
575 654
1163 1165
575 1174
1158 1194
793 1096
1090 1142
836 892
533 947
1047 1073
771 958
632 960
1033 1105
952 1088
714 798
584 837
1020 1053
779 914
940 1000
680 921
609 693
1153 1191
531 669
647 721
880 1065
921 929
608 805
527 992
971 1198
712 847
1036 1120
1141 1166
1072 1185
842 983
816 1050
772 958
853 1033
882 1014
618 1064
557 738
726 1080
554 1047
471 475
760 804
426 995
925 1105
475 734
787 944
435 436
1162 1168
690 1006
890 935
1181 1195
1122 1191
454 560
875 1128
721 871
772 999
899 935
860 1033
761 1051
1126 1153
472 954
552 1038
621 807
758 925
1066 1183
884 1066
428 700
1022 1101
912 923
740 965
680 1184
892 1036
759 989
1071 1188
1105 1155
631 1137
1053 1162
1114 1186
872 1028
903 1105
533 993
1185 1195
711 853
603 637
599 924
1177 1190
922 1172
1050 1056
1028 1114
635 1171
608 1127
528 878
655 1078
508 614
423 524
656 751
1109 1178
577 803
614 956
730 1077
783 1083
978 1159
458 1028
722 1130
1119 1135
1147 1182
696 722
1004 1114
648 903
1093 1120
609 1028
523 1039
937 984
933 1046
1021 1160
819 876
1181 1187
767 910
621 975
1177 1185
463 472
512 671
637 681
917 1096
1127 1177
1135 1158
1065 1097
754 1062
1162 1186
469 687
611 851
1086 1138
760 1125
859 1118
465 844
738 918
1080 1141
598 823
1015 1024
433 910
664 818
1015 1159
963 1195
895 1088
792 935
1091 1168
1112 1148
691 892
866 957
505 698
510 1011
790 1124
594 711
423 944
1137 1154
915 934
587 697
610 934
1007 1040
794 1101
453 960
859 891
576 884
1108 1154
927 1141
726 1135
602 1036
500 673
483 1041
1055 1122
497 710
521 1080
522 886
958 1062
771 1104
696 966
669 1177
1087 1132
1089 1167
453 622
689 1073
939 995
1021 1151
598 664
443 1178
976 1063
1038 1192
963 1114
1021 1157
1106 1194
708 877
966 1025
1070 1114
1039 1142
788 1085
865 892
506 691
977 1105
1094 1117
727 897
1036 1067
1122 1164
1118 1134
639 1087
1082 1164
701 1041
643 823
702 1033
820 838
719 926
716 971
1149 1173
844 1111
426 536
466 617
784 961
558 643
463 483
965 1140
894 1142
427 705
732 977
1010 1098
500 662
671 887
834 1190
876 994
1113 1166
805 922
975 988
940 1109
776 1095
1086 1127
1114 1176
507 1151
591 695
507 839
1062 1154
1172 1199
1012 1055
967 1134
933 1018
963 973
1082 1142
1154 1155
606 1040
422 793
812 1058
574 1075
1179 1189
605 841
655 1000
764 997
1004 1035
588 935
488 1039
702 792
979 1198
1162 1184
941 1001
685 990
821 1115
461 743
519 569
928 1114
1120 1175
659 1044
1062 1086
616 674
1034 1188
1081 1122
715 923
897 912
719 947
1024 1136
534 746
647 1010
696 1081
740 764
801 969
952 1151
954 1046
1072 1177
939 953
882 1198
855 1049
982 1166
976 1013
501 683
556 980
650 1102
556 919
493 607
640 784
703 1054
1125 1154
642 837
1102 1160
884 1119
859 1190
422 841
766 845
540 810
592 892
590 729
759 790
930 1122
786 1154
551 575
1144 1182
480 1042
809 914
553 767
583 932
858 1192
1061 1098
914 965
591 870
516 556
1184 1200
1011 1166
684 872
1089 1187
879 927
748 931
542 889
564 711
1067 1130
1173 1177
614 1163
421 459
861 868
1106 1128
787 969
456 1171
734 1052
1038 1104
441 456
1112 1179
547 916
772 867
532 910
796 900
1189 1192
1196 1200
571 914
497 722
783 1030
819 1023
1028 1150
1134 1149
470 578
1068 1141
1071 1145
567 638
1121 1136
693 903
457 1143
508 664
685 1194
459 816
1032 1106
680 1169
616 1058
872 1134
740 793
933 1151
1102 1157
576 1062
543 746
881 1013
852 1085
679 1187
735 740
446 978
495 1053
1105 1200
482 957
1053 1134
674 1186
1173 1180
852 1024
1173 1182
550 814
424 470
1057 1096
695 1189
532 704
1085 1151
640 1090
957 1089
870 912
423 946
498 516
459 997
1012 1124
616 1024
1137 1155
1092 1159
1130 1140
946 1115
927 1047
1114 1159
685 1105
512 778
425 572
774 813
950 1031
449 1125
504 599
785 804
994 1138
767 980
519 868
935 1025
1126 1197
531 1091
738 1093
819 1040
963 1168
480 1008
742 1058
750 920
1145 1155
770 828
1002 1052
1191 1194
465 802
610 893
593 1134
474 663
495 511
745 748
1117 1187
793 1152
1027 1064
843 1114
486 908
879 1033
948 1174
1035 1160
1138 1184
752 980
756 853
1178 1194
654 1159
886 972
548 700
896 1170
1162 1179
981 1127
984 1111
928 1109
1076 1093
825 986
1002 1070
1000 1003
562 568
624 717
554 566
547 609
784 826
999 1064
1005 1137
491 1185
979 1039
1071 1157
841 998
780 1076
974 1043
584 776
1106 1177
481 1155
423 511
569 644
945 986
1186 1200
1128 1137
454 803
603 651
646 1018
866 1158
919 1011
583 1132
843 1015
728 1161
827 959
878 952
465 762
1098 1161
797 1001
748 1061
1058 1133
1098 1128
887 1120
533 738
681 844
1006 1103
492 1118
1187 1190
741 1016
623 1041
1009 1160
1112 1160
851 1061
584 659
712 850
893 986
762 872
489 1139
731 801
532 790
455 1017
740 801
1070 1109
970 1024
558 907
657 1051
758 928
497 876
1170 1196
475 498
720 815
603 1043
728 975
1176 1197
420 1135
912 1091
1093 1096
879 1196
820 1137
529 680
841 957
516 1091
763 966
427 707
661 1128
1051 1166
749 974
1146 1167
822 1160
759 980
532 683
718 805
600 664
1173 1178
879 1012
607 843
1115 1143
728 1022
572 764
1002 1076
457 1195
634 766
549 905
745 1143
1097 1186
1160 1182
536 1117
1036 1073
615 1031
597 877
861 1034
837 1123
1161 1174
756 1112
1111 1112
944 1124
460 1186
1182 1199
915 1060
504 816
427 750
676 981
527 847
1009 1086
951 1040
1171 1197
828 912
1019 1056
994 1113
603 1056
492 1019
638 1119
518 909
1170 1187
885 1026
792 949
488 1181
1190 1193
509 1116
1078 1079
804 906
943 1157
847 1181
1005 1091
568 975
542 1135
732 782
1068 1198
428 866
920 1016
757 855
1163 1189
807 936
769 970
474 1164
468 1019
444 725
716 801
458 527
1060 1080
659 915
1076 1175
504 545
1159 1185
940 1160
526 868
913 1142
847 1014
909 1167
702 745
456 1163
1062 1112
1109 1176
880 1076
1083 1186
541 1043
1089 1122
469 767
687 907
1054 1133
795 1190
863 1173
458 489
972 1043
1134 1148
900 1056
915 1059
500 1050
1121 1171
1186 1190
504 942
903 1066
1144 1169
876 918
617 1011
1098 1174
638 1180
1085 1137
589 792
526 1080
523 1137
1122 1177
767 943
741 755
645 664
701 1109
824 1176
468 1097
711 1054
534 1140
923 1025
1073 1112
1017 1045
1017 1054
575 1090
716 1058
775 1001
1182 1198
1071 1170
703 818
650 778
612 892
474 862
593 1177
1171 1179
732 754
1179 1191
1101 1138
792 1062
970 1105
479 707
817 1188
521 575
653 885
568 653
1127 1152
708 822
657 793
934 1079
523 1077
1108 1184
921 1182
598 743
774 875
700 1010
986 1199
823 1002
713 898
639 761
1054 1180
694 898
771 1192
978 1181
585 644
474 650
658 756
1144 1183
713 1089
1178 1200
1033 1037
924 1126
450 569
656 886
1004 1037
1119 1167
942 1147
803 975
846 927
873 957
598 864
870 1048
915 932
784 1108
1192 1195
793 984
692 741
641 1012
712 1164
584 982
609 944
498 865
955 1171
533 1054
540 767
678 816
1066 1108
1101 1166
447 1125
572 979
1022 1189
1163 1174
860 1086
1068 1091
932 1143
722 1043
1057 1071
774 1067
894 1042
593 609
898 1164
423 591
746 808
943 1114
1054 1165
962 1019
688 994
1172 1183
487 705
643 862
1088 1091
672 1075
670 1116
753 985
741 1092
723 1016
729 1013
744 852
964 1008
540 587
1122 1183
564 981
684 869
827 1145
905 1038
565 666
444 796
593 1016
1145 1153
937 1177
862 905
654 1110
1002 1179
454 601
924 957
826 951
982 1030
870 1065
834 1053
1162 1171
1155 1174
1007 1196
957 1069
732 818
741 917
1038 1123
566 1161
1140 1150
634 652
869 1049
932 1114
971 1112
992 1004
507 921
678 1061
703 1126
832 1129
545 951
659 1122
856 1029
1184 1197
546 987
684 869
1084 1086
1149 1158
1016 1166
621 1111
543 827
724 795
491 661
764 1131
733 966
956 1152
805 944
490 654
806 1180
768 885
1176 1189
1074 1150
1075 1185
795 846
555 855
660 950
666 900
738 969
1133 1181
630 907
970 1192
1141 1192
759 778
1005 1199
599 981
470 666
840 927
926 1075
480 821
1054 1063
591 723
915 1190
1122 1184
1097 1133
581 587
872 1165
525 1098
1162 1166
1173 1195
537 799
951 1191
878 1161
499 988
514 684
505 1037
633 1046
1047 1176
1090 1110
501 923
1071 1104
1125 1147
539 1161
619 1128
1121 1145
476 1197
791 1038
628 1120
556 1155
570 1179
1151 1195
558 1027
460 875
1152 1161
730 911
735 1182
912 1087
1118 1150
1110 1199
449 1127
744 1041
839 1015
862 935
929 949
927 1012
1133 1145
1173 1191
920 1024
485 912
471 1147
1140 1194
861 913
1167 1190
802 927
502 1065
758 805
562 1135
1033 1081
1038 1121
555 822
617 1192
731 1030
1158 1195
863 1132
811 859
846 1036
580 874
488 858
659 1098
563 703
1080 1086
726 1042
981 1030
888 1115
939 1144
817 912
984 1029
1155 1170
806 947
722 807
805 1068
546 781
913 1051
624 749
1069 1102
830 844
819 919
943 1172
617 870
1012 1184
801 939
462 1198
854 912
809 1084
863 1193
1084 1140
1102 1112
676 1065
443 889
989 1145
1076 1096
494 742
1185 1193
889 1043
959 1027
630 1143
939 1101
1172 1179
1109 1163
811 1182
1000 1091
559 703
993 1096
869 1017
462 1014
515 760
1061 1083
662 1176
627 918
910 1000
679 934
931 1129
559 812
490 987
1060 1114
655 1051
994 1198
941 1125
546 1046
1062 1162
801 858
726 1099
721 1131
769 814
723 893
1192 1197
627 1178
648 1097
448 465
970 1098
1067 1097
701 823
762 1035
1188 1200
850 1091
698 803
1197 1198
605 643
722 1094
1179 1187
939 1023
699 742
1163 1199
724 1143
1149 1189
678 1033
1157 1184
1185 1191
934 1038
1144 1165
1006 1174
933 936
949 1136
903 904
570 967
982 1147
1044 1124
942 1107
861 1116
453 919
766 1072
820 933
639 981
940 1175
1016 1038
906 1189
870 963
465 1033
651 867
577 861
943 998
1003 1189
1033 1100
586 1025
510 1113
755 1024
1097 1146
967 1136
619 908
574 988
784 1194
1053 1121
974 1196
783 808
940 1158
1085 1116
1131 1178
1182 1189
439 502
930 956
583 1002
819 1107
647 878
902 973
811 1011
1083 1199
567 706
629 1091
1077 1124
879 1054
993 1024
861 1039
656 849
811 939
738 781
896 929
897 1147
532 889
889 891
558 745
1168 1177
634 1145
889 1090
843 1093
662 1014
675 1169
900 914
929 1193
545 990
910 1107
655 881
885 1079
662 842
1076 1131
426 1031
874 1049
1043 1066
694 1117
446 939
711 951
817 1158
723 1058
595 935
981 1178
1043 1126
442 1073
1072 1085
717 1027
596 601
1059 1197
609 664
1118 1193
1055 1066
1113 1141
1043 1094
1164 1193
1033 1076
1020 1047
481 650
715 1116
720 1138
645 689
712 1001
695 1189
450 994
674 893
618 879
1141 1171
1018 1191
454 878
790 900
660 734
1156 1158
709 1082
730 784
918 1037
918 940
920 1076
909 911
568 877
893 1004
825 868
1055 1076
442 1177
657 785
1057 1117
986 1048
886 1049
686 1047
461 989
1107 1147
594 1124
1181 1200
558 871
1143 1194
486 1125
598 1013
598 977
673 969
736 899
1081 1190
945 1037
430 1060
819 955
855 1193
450 725
1032 1113
536 1085
951 1081
1167 1199
487 842
692 1042
666 1019
1079 1144
976 1093
522 904
722 1104
753 1076
781 983
517 909
1001 1087
1198 1199
492 850
544 1126
1006 1132
464 947
1110 1129
1005 1011
873 1134
480 1146
818 860
665 697
849 1020
738 1156
894 1159
1104 1119
639 1181
504 513
526 529
480 719
586 977
576 1167
831 1086
659 1069
1001 1100
823 1164
769 941
490 941
895 1086
464 480
1162 1179
1027 1104
556 1073
954 1105
1050 1105
940 1096
567 730
992 1188
1182 1199
590 746
905 1057
907 944
997 1090
497 1175
669 1186
1198 1199
510 1197
437 463
828 1084
703 882
912 1061
933 1140
1165 1192
1064 1133
1198 1199
1100 1145
683 1156
811 994
989 1119
596 690
1081 1190
854 1048
645 1006
853 1091
517 1006
932 1111
944 1007
1111 1119
858 1099
1003 1163
967 1171
682 916
823 851
762 817
932 1111
1172 1197
1099 1122
798 810
1006 1118
559 620
1091 1174
811 862
625 743
1109 1131
739 1035
663 1026
712 732
1101 1159
442 1115
603 922
697 966
1156 1158
945 1017
1066 1093
1029 1051
1050 1072
766 879
420 828
847 1133
788 826
926 1167
587 1144
821 1096
543 843
768 1187
560 1188
936 1015
1051 1200
998 1163
1003 1110
873 1189
954 1139
443 794
873 964
978 1060
1130 1150
620 796
1029 1032
613 803
837 845
1052 1138
533 560
1020 1180
1109 1151
716 874
660 1184
917 1067
925 937
1100 1191
666 1177
509 1092
1002 1163
1058 1126
1074 1076
644 1074
832 1031
964 1022
823 867
1069 1187
1154 1200
926 1180
777 919
1128 1133
831 907
989 1013
1114 1136
492 690
568 1074
876 884
1046 1122
1163 1173
1028 1081
1116 1177
862 1039
661 1145
801 945
708 717
792 1186
1002 1168
1132 1167
932 1020
645 1064
1049 1140
595 734
957 1014
1101 1165
706 745
886 1053
483 958
484 909
740 1018
947 1158
1018 1040
715 801
893 1113
614 689
432 774
590 595
930 943
789 1180
1113 1154
437 663
604 1150
1184 1189
490 799
900 1128
965 1014
776 939
946 966
739 852
811 949
872 923
685 797
1169 1173
575 681
515 1060
631 1161
779 1149
673 895
791 1144
1196 1199
783 1052
906 1075
915 1124
647 924
1010 1185
811 1049
1149 1152
986 1144
1161 1179
654 988
843 879
1173 1182
923 1130
721 787
1023 1181
712 1088
613 873
636 1062
492 651
520 927
846 1058
740 933
726 1123
669 1033
773 1100
595 1138
565 670
783 931
996 1125
500 1064
876 1050
1045 1194
714 1157
1117 1147
986 1106
427 1125
911 1158
661 754
945 1082
743 1197
539 605
734 982
553 764
1028 1171
1143 1166
441 1048
835 980
892 1052
831 966
673 829
1088 1113
597 1170
902 1021
624 663
706 1124
1101 1133
979 1113
1081 1157
1067 1175
1014 1024
456 1034
429 833
1176 1200
1014 1108
744 818
641 729
530 593
673 684
421 734
783 888
684 774
920 1104
683 947
536 1177
467 481
804 872
1186 1194
684 972
537 621
631 1180
547 1130
672 847
510 639
976 1174
626 972
910 944
964 1003
760 1143
791 843
917 1068
1175 1186
958 1026
1057 1088
542 701
783 1198
896 1142
512 573
503 989
420 602
1039 1160
655 901
1115 1168
1131 1194
662 1084
451 995
973 986
1093 1177
882 1200
657 776
1063 1176
800 1100
1054 1192
1149 1186
794 1165
882 1081
927 1154
978 1019
767 1098
966 1028
1178 1191
811 1100
908 1058
719 1182
1083 1194
637 1047
1059 1080
1190 1198
993 1149
1139 1162
584 1083
445 1044
1167 1198
728 751
903 1135
510 871
669 683
664 699
469 952
993 1116
851 1100
1144 1168
567 1101
499 805
848 1066
1114 1194
955 973
731 1097
598 704
516 520
976 1077
1114 1154
987 1186
1042 1152
593 989
509 514
885 1153
595 1038
1002 1055
1195 1199
1126 1194
423 425
773 1047
605 613
751 1056
422 850
1127 1196
1119 1130
660 822
945 1083
691 723
810 811
1090 1138
508 848
469 725
458 498
505 980
905 1045
558 979
900 957
1163 1177
894 1061
433 570
983 1005
695 1028
538 656
861 984
1038 1133
791 1007
970 984
505 981
878 980
822 1012
892 1134
695 984
1081 1087
652 685
447 1045
906 1110
1122 1189
1066 1146
1132 1147
851 1120
495 964
748 1099
727 1004
959 1129
1198 1200
1065 1087
464 1117
620 923
558 961
793 1018
949 1010
742 1018
943 1179
557 805
679 852
754 1057
619 834
426 911
739 811
875 927
498 868
905 1129
991 1117
788 1132
944 1150
785 1031
512 546
839 985
510 1042
740 777
582 1059
593 779
497 940
1176 1185
1113 1148
659 950
771 933
1141 1153
1073 1104
659 708
506 959
1050 1146
1155 1158
490 1074
458 1078
492 582
1169 1177
768 924
899 924
589 667
547 689
610 1174
476 1168
815 1064
705 1023
928 945
874 1122
1063 1189
656 828
586 601
990 1095
630 966
861 1159
809 1067
1091 1159
519 953
969 1043
488 1075
682 866
506 958
1130 1174
939 1024
920 1192
492 915
1076 1121
457 603
737 1183
534 755
884 1065
952 1079
664 687
1170 1197
865 950
479 583
986 1156
820 1005
1042 1075
757 1186
1187 1190
532 761
947 1061
493 789
461 997
1139 1191
783 1140
718 719
1010 1118
816 1179
970 1001
557 1168
612 676
722 780
480 939
552 584
688 1080
908 1145
735 1116
680 724
627 629
676 1100
473 970
425 921
676 686
710 959
916 1197
725 975
900 960
1082 1131
446 627
1128 1174
543 821
453 588
584 883
885 982
959 1064
695 728
610 815
696 937
917 1192
929 1107
1118 1197
625 931
1143 1192
1085 1108
490 702
703 1090
860 1191
862 1148
988 1074
503 648
989 1195
1158 1165
999 1005
582 1168
1057 1193
1021 1077
1139 1157
579 1159
1014 1117
725 930
554 892
428 1152
1125 1146
1181 1198
1095 1102
624 765
779 1170
927 953
932 1036
961 1133
806 1102
1018 1171
918 1160
425 1194
1114 1126
1104 1169
1090 1191
697 752
629 929
1150 1172
1067 1113
696 796
1035 1172
613 770
896 1156
953 989
579 1002
649 919
671 1101
846 882
903 1053
955 1031
436 1111
575 1088
856 976
738 1042
438 526
677 951
747 1134
979 1122
750 928
896 956
736 979
937 947
997 1177
1040 1122
906 1021
541 1129
525 857
1142 1151
690 787
871 979
1189 1197
1024 1126
1142 1149
944 1139
1131 1193
628 1095
509 738
524 1011
518 899
765 779
435 857
424 1087
695 998
711 833
1170 1200
431 461
513 1045
702 1181
934 1162
1189 1199
661 903
796 862
520 843
637 736
721 1065
997 1161
631 1133
515 1161
454 1039
1039 1179
869 1138
702 861
833 851
681 949
599 940
643 848
966 974
1176 1177
1036 1159
473 850
892 954
595 736
467 871
1197 1200
886 950
874 1191
906 1126
1155 1162
1116 1182
659 954
973 1066
437 494
528 902
1013 1113
728 933
680 838
767 867
1131 1136
1162 1195
1035 1120
816 1072
709 804
623 998
584 999
888 1019
426 960
630 849
1162 1191
1144 1157
535 828
1110 1138
592 943
517 782
482 579
927 1054
1053 1140
599 815
1165 1173
1119 1188
1141 1149
826 1043
930 1128
862 899
943 961
1080 1184
1110 1152
826 1171
654 1178
688 777
540 1067
530 1082
1089 1179
620 1200
471 1102
750 756
509 717
911 1182
610 727
480 845
464 937
1153 1169
1003 1139
555 636
1093 1124
850 1051
784 1147
1193 1198
1174 1184
632 1144
735 1042
919 952
806 1104
770 1007
712 918
534 1085
1039 1197
881 1127
970 1105
437 778
1030 1067
469 557
1127 1141
638 1188
791 1104
816 836
608 954
713 853
688 697
864 1045
1082 1128
552 573
1117 1145
562 1055
439 1009
925 948
1097 1125
420 1142
779 1023
566 1057
635 1059
652 1012
995 1096
943 982
461 706
907 937
897 1081
1019 1132
1063 1154
428 1161
510 825
505 675
793 819
980 1175
1126 1200
1083 1091
703 1064
576 658
796 874
621 998
962 1046
884 1177
790 1131
621 889
483 814
998 1138
1129 1145
832 1164
895 1043
634 1173
1119 1123
839 1062
980 1039
1154 1160
1053 1083
575 748
1162 1192
513 617
667 1039
899 983
680 776
642 793
989 1107
1102 1156
903 1177
554 786
1011 1094
574 578
423 705
427 919
923 974
476 1193
674 1113
841 893
675 1117
689 1148
785 924
1008 1013
848 921
595 930
803 923
562 574
503 684
847 1195
506 844
1006 1107
492 1115
941 1098
1052 1153
959 981
587 668
748 925
601 1012
750 828
822 869
426 673
779 1101
933 1029
1049 1128
485 1161
1036 1153
673 760
855 890
438 1008
1161 1168
520 959
1033 1115
902 1118
645 960
1149 1183
861 1083
869 1063
743 1078
784 958
831 1054
851 1066
733 848
769 1069
802 948
543 1198
911 1178
936 1195
971 1118
625 1143
1072 1095
941 1164
888 956
1077 1127
1060 1137
913 1044
936 1080
950 1157
947 1062
659 1173
1151 1163
475 1014
836 1144
1132 1142
538 916
691 1161
842 1089
724 918
1166 1180
741 1172
637 867
1063 1108
1138 1156
933 1171
536 789
728 914
831 999
598 1143
1026 1179
505 796
732 1015
1012 1066
1116 1175
920 966
1002 1053
1191 1193
1086 1112
453 873
1172 1200
503 895
784 1072
899 910
846 1158
677 970
1024 1041
566 1165
1146 1147
589 688
977 1025
476 943
741 1179
910 963
599 731
465 1195
778 1079
460 586
716 1192
750 1189
1057 1125
970 1154
674 1167
855 909
911 1094
739 1098
541 650
784 1068
1160 1163
882 964
650 1003
816 912
748 1129
756 996
1026 1063
944 974
652 1167
714 1059
1056 1145
910 962
560 790
1187 1195
1076 1094
785 1063
819 981
863 1089
647 652
465 953
1127 1133
739 830
771 1005
811 947
749 907
1159 1172
899 1118
665 770
1051 1157
847 951
474 963
995 1001
553 752
564 1063
604 684
815 1062
932 1137
829 1085
826 1184
835 1104
606 1054
1041 1103
566 987
1031 1155
879 944
742 1180
1101 1133
434 439
528 979
705 1141
1164 1197
947 1103
451 990
501 1144
481 1184
1148 1159
994 1117
910 1130
906 1024
964 1126
570 873
655 1021
433 519
809 990
829 1047
1047 1170
1125 1181
968 1071
1106 1163
887 913
445 692
893 1186
485 792
747 774
514 911
1177 1184
1054 1166
573 905
541 771
518 1156
461 1031
993 1074
834 1042
1068 1193
556 835
931 1145
819 1170
767 1162
788 947
675 1013
791 898
478 767
426 679
680 1126
659 1089
728 1161
1009 1170
421 1067
1157 1186
498 677
731 1093
674 773
628 1188
857 1143
694 1197
1151 1198
896 1177
720 782
804 1007
632 1132
510 749
1144 1160
822 1095
420 674
1181 1197
964 1075
1161 1197
704 944
665 860
939 1126
604 737
1099 1198
879 1136
521 1078
532 1189
761 1150
453 906
788 914
532 911
1042 1167
918 1120
862 1172
1009 1071
458 684
1139 1183
791 982
627 749
854 869
510 771
1199 1200
590 1176
583 977
729 1079
773 807
1028 1073
765 839
1151 1160
476 1041
680 975
557 659
517 818
545 747
613 900
937 1151
428 461
800 1038
1053 1187
1120 1200
682 1177
507 975
567 886
644 678
1047 1109
990 1170
794 1116
900 992
773 1020
993 1078
1001 1094
441 1099
440 820
536 905
640 674
827 981
1164 1182
777 1137
659 807
913 1158
592 1177
458 506
1128 1160
1116 1124
630 1070
1076 1148
766 1103
991 1101
728 788
926 992
505 883
1124 1185
1125 1192
635 664
615 863
691 1158
1005 1079
563 1020
1097 1170
1160 1179
560 694
676 1025
548 1027
488 903
884 1141
674 837
983 1058
1179 1182
430 1157
559 1058
1036 1098
1031 1185
601 881
762 1150
1001 1069
775 1109
667 1002
1060 1150
1108 1124
1168 1187
985 1073
996 1098
574 1020
1137 1179
435 733
833 927
699 1183
573 903
1087 1196
710 733
473 1044
1113 1188
823 1026
653 860
1104 1194
1077 1130
1016 1096
1047 1157
848 1077
822 827
590 698
943 1177
1170 1198
1051 1128
548 797
557 1001
598 667
489 730
676 996
1181 1182
1009 1101
585 989
537 709
845 1099
1166 1181
620 692
908 923
534 825
762 1185
829 1159
1098 1190
973 1083
509 1044
1123 1177
533 739
710 909
657 773
968 1087
1021 1047
437 591
740 1171
570 931
1037 1188
684 1019
468 1153
841 1123
600 1131
1126 1139
492 641
1120 1146
676 1055
1088 1193
877 912
1017 1062
571 646
709 991
1089 1115
592 1121
640 766
1091 1132
671 1027
981 1093
807 1147
721 1016
966 1033
689 1194
1024 1198
698 1082
515 570
1040 1176
513 600
728 1106
591 822
1143 1190
1114 1194
987 1169
943 1189
768 1098
619 709
653 1193
584 1063
848 1127
595 677
1175 1197
1160 1185
914 1121
1139 1149
467 810
637 1097
503 853
994 1030
831 1152
881 929
1043 1072
857 912
1139 1176
633 657
762 807
670 1141
448 843
812 1012
1059 1083
894 1102
626 1026
546 891
765 971
998 1148
651 962
1063 1178
1100 1141
851 911
1189 1200
991 1149
543 1069
700 718
563 1137
764 1183
812 1132
846 1175
756 1193
801 1162
1184 1188
446 1177
591 796
1163 1179
982 1092
586 768
547 884
847 1018
1041 1073
1162 1198
838 1177
1056 1065
674 1150
1114 1138
779 895
861 863
1112 1189
1181 1192
1058 1130
734 794
1161 1176
877 1154
1198 1199
931 1193
538 1016
960 984
668 866
935 1075
1174 1195
1122 1147
850 1142
1000 1159
1015 1068
933 1147
998 1139
981 1001
520 750
1170 1180
863 949
952 1107
927 1072
964 1168
550 1063
1107 1170
962 967
450 737
600 647
1191 1192
461 844
555 1109
681 1168
980 1059
942 1167
996 1008
1179 1197
467 1071
1132 1186
1124 1196
1138 1162
679 946
884 997
437 778
1180 1185
1054 1181
652 758
993 1144
1176 1195
988 1092
952 1036
1184 1199
734 1149
449 534
1120 1139
542 564
842 1145
1115 1176
948 1152
542 686
1035 1163
473 1060
1034 1167
574 1081
1065 1069
714 1191
852 950
1084 1183
1065 1138
841 1137
443 521
910 1197
734 890
1163 1182
766 1079
683 913
570 585
773 877
995 1002
1171 1192
668 1057
906 926
901 965
650 1003
991 1181
670 1071
1066 1175
763 825
499 736
832 1138
911 1164
565 1131
451 500
1072 1076
453 1153
528 561
880 942
845 914
978 1139
793 954
901 1141
1140 1146
1130 1154
613 891
1015 1179
514 1006
735 843
1130 1134
443 519
493 966
799 1191
1141 1159
557 581
691 892
1158 1197
1158 1200
449 823
644 979
1136 1175
987 1003
764 865
804 1024
780 964
1158 1183
961 1004
444 663
841 1089
791 953
808 1135
619 1077
619 1063
1001 1136
757 994
454 536
1134 1150
859 985
1005 1041
575 1039
1154 1172
917 1077
503 695
886 1171
659 1126
431 808
1007 1040
793 825
899 1181
544 906
925 1146
1152 1193
700 1192
837 981
624 714
1032 1105
609 928
737 762
486 932
764 1016
1166 1175
1001 1118
1158 1177
1138 1141
454 848
1088 1194
774 1153
709 1066
530 692
976 1076
631 1094
1174 1189
849 894
811 1065
903 1193
823 1128
609 1186
517 658
683 862
519 650
574 960
642 904
514 733
624 896
874 1091
1142 1188
431 592
1065 1125
897 1001
824 1077
1010 1110
423 1164
441 1138
972 1056
709 903
751 992
1074 1143
609 836
1092 1152
533 913
568 1161
646 976
1166 1199
423 967
986 1187
498 571
809 924
815 1158
634 1137
748 1050
1085 1157
897 900
1132 1197
964 1178
619 861
557 825
895 1064
743 1130
916 927
493 1166
527 668
1119 1149
1126 1188
573 796
515 850
513 1078
780 1144
441 792
490 807
979 1170
1064 1086
442 1096
898 918
1189 1192
747 941
608 941
1140 1197
488 766
928 970
586 1134
880 981
688 1119
1182 1186
804 1110
668 698
595 1048
461 666
681 704
1146 1183
710 954
761 886
1063 1111
559 634
618 822
586 994
1024 1120
471 1116
841 1038
759 829
441 997
1040 1073
713 1049
744 928
1087 1170
553 783
753 812
1181 1193
1106 1151
591 699
1133 1183
1033 1164
805 1014
590 1089
813 857
605 1045
605 659
879 1106
1036 1130
725 1108
856 1103
907 1139
868 1168
957 1062
733 992
830 838
981 1052
928 977
473 767
1105 1115
540 803
503 561
482 1065
471 584
905 934
1038 1121
934 1070
1154 1188
832 1013
1177 1193
434 1180
1154 1170
1094 1135
565 626
773 1128
1099 1195
926 1088
767 967
630 979
929 954
536 1001
736 1148
437 938
447 1163
704 1133
442 1157
867 1015
625 1195
1060 1074
1054 1151
737 1061
641 1001
773 1000
983 1120
1002 1095
746 924
646 750
558 828
881 1127
1153 1191
921 927
478 931
813 1004
593 791
485 812
584 884
1079 1156
1159 1183
1185 1191
928 1048
567 702
970 1101
1172 1193
466 940
1139 1200
835 1128
657 750
816 1064
437 732
630 646
1098 1142
1076 1093
619 1056
690 1076
709 937
612 1116
1175 1199
830 846
681 1096
1039 1100
592 627
607 903
810 1025
657 1055
1050 1055
438 1195
943 1160
902 945
935 1028
940 1178
813 920
968 1144
978 1069
770 1189
1197 1199
445 637
1177 1180
440 805
983 1143
710 729
757 1138
1036 1134
563 618
653 1016
720 1079
726 1155
827 841
1050 1086
575 755
827 899
536 1085
481 796
490 1072
864 1191
542 1131
529 840
555 1059
689 711
589 1026
949 1075
707 1117
863 1098
976 1039
441 989
876 1092
1198 1199
1142 1168
1055 1056
679 927
784 1078
908 1025
467 686
651 986
671 1152
1185 1194
584 1053
714 1085
473 942
655 818
1082 1141
812 884
1061 1139
578 1086
700 716
704 1161
775 980
625 702
529 1185
422 1152
1153 1197
895 963
423 648
687 978
484 645
559 763
633 1076
1105 1127
642 1186
915 928
628 665
1054 1149
1077 1138
491 938
1129 1151
539 944
462 941
611 725
885 934
832 1094
760 1046
1116 1162
1114 1157
797 956
432 810
825 1131
913 1134
905 937
540 1085
895 1051
1140 1189
591 829
466 946
820 1090
896 1170
906 1004
844 1163
1104 1138
717 749
1186 1190
746 1090
1059 1163
1167 1192
1194 1197
1055 1067
638 891
956 957
1093 1175
1076 1148
808 946
1003 1040
977 1196
1124 1196
455 587
942 1058
1143 1175
980 1198
992 1045
920 1097
925 1127
587 890
951 1031
719 985
1042 1148
640 665
441 599
585 757
838 1112
1064 1082
689 792
559 1100
830 1065
669 1140
794 964
879 924
1135 1162
1161 1166
498 783
1119 1125
617 1096
779 955
767 1191
970 1154
1159 1171
542 942
1092 1095
1193 1195
720 981
1188 1198
969 1106
700 1120
996 1157
434 886
1020 1023
673 1022
530 1156
970 1039
921 1016
715 1055
1122 1141
587 649
504 861
542 911
618 1056
951 969
1156 1173
492 735
1076 1152
549 723
679 781
781 1067
671 716
1148 1172
592 1081
782 904
822 1015
775 1019
994 1187
549 1171
479 520
745 797
719 1103
1149 1172
1048 1141
1059 1108
967 1028
1134 1180
686 705
611 1167
1178 1200
632 795
847 952
1136 1197
980 1122
1144 1161
1121 1189
710 963
959 1069
709 1154
1166 1185
863 932
741 856
1195 1199
451 822
755 1144
741 1039
423 466
477 619
840 927
831 869
774 985
510 705
1130 1197
552 1089
674 701
511 650
494 575
717 1192
661 799
862 1020
982 1152
1031 1135
532 976
754 839
881 1026
845 892
828 849
910 1170
520 649
628 1034
451 867
1176 1189
767 862
668 906
1129 1169
628 1149
821 1168
594 939
672 812
721 982
1131 1194
697 986
423 583
1004 1146
475 1002
901 1054
1104 1128
623 786
802 1127
528 781
764 877
1061 1121
613 851
845 1025
873 1008
821 896
1196 1200
771 775
1007 1072
652 695
852 868
502 600
591 718
544 690
782 808
1012 1033
904 1043
462 1131
475 872
1005 1129
504 975
422 650
491 1087
599 1087
660 747
421 1003
625 1140
918 1175
878 1128
1089 1127
571 983
800 901
916 956
897 1118
538 930
456 828
809 959
477 560
461 875
1197 1200
583 626
1003 1053
872 901
721 754
1190 1195
1082 1100
529 1091
1053 1159
665 1161
878 1086
906 936
1029 1149
539 794
485 593
837 916
585 925
424 700
490 1092
1155 1185
1017 1179
897 1080
1122 1125
838 868
426 777
590 848
921 1053
445 1023
628 821
1027 1169
1133 1177
1143 1150
1049 1187
1146 1174
725 769
1186 1188
1095 1172
481 1107
437 467
1115 1174
512 621
420 1013
1164 1177
630 912
1096 1110
923 1060
652 815
1109 1138
1076 1085
1020 1050
937 1163
559 1050
561 865
1117 1143
834 857
1022 1154
1036 1082
1139 1151
818 959
576 1169
1018 1125
1030 1046
734 767
520 819
966 1190
793 1196
968 1046
1014 1163
538 647
667 1093
714 807
761 797
495 836
675 680
950 1146
1166 1179
882 1080
1110 1156
494 801
1145 1191
1002 1177
762 803
735 893
1061 1193
703 1013
610 765
449 713
779 901
966 1134
952 1196
908 1172
451 687
788 795
657 1037
471 1154
1191 1192
733 956
830 1079
435 471
868 944
1029 1157
591 661
898 1013
1115 1187
801 1069
715 1141
511 954
721 1023
790 883
773 921
496 1060
1136 1140
960 1040
1134 1185
593 656
1169 1192
1018 1090
434 501
1107 1120
534 1020
775 1131
886 954
447 800
844 1095
1185 1199
433 771
452 994
595 1093
1151 1190
1190 1198
486 1037
790 850
1165 1177
1025 1171
665 975
983 1016
863 1165
938 1057
705 905
838 929
933 1062
903 1003
903 1071
676 810
1152 1160
1082 1158
914 1078
688 810
919 1053
1145 1157
965 1170
642 1013
645 832
568 981
609 674
1103 1147
788 813
572 910
494 1179
553 1053
553 1042
928 1101
686 1011
1081 1183
841 1023
611 853
1143 1158
991 1020
919 1176
1147 1197
1163 1173
822 1119
1072 1187
575 616
537 1104
803 844
690 860
1062 1145
1067 1118
975 997
802 813
1010 1173
514 655
1032 1044
1045 1146
737 1022
925 1125
730 881
1123 1130
661 972
1126 1149
689 1080
1120 1147
792 811
580 751
522 1041
1184 1185
1094 1105
607 685
1047 1114
973 1089
1027 1168
494 827
896 1028
614 956
997 1116
451 1195
1086 1182
682 1190
1066 1133
459 844
421 1169
809 929
906 1011
1134 1199
1171 1187
579 920
505 1171
991 1179
523 1147
935 943
788 829
631 958
582 916
558 771
438 653
867 1024
859 880
960 964
918 1053
757 1172
1009 1108
775 803
607 846
513 910
735 922
1134 1144
1187 1200
609 1162
1053 1120
815 935
719 729
909 1039
694 1012
1149 1178
617 1029
506 525
816 1105
1155 1199
439 1050
727 1086
453 922
1172 1191
586 1010
614 1048
670 792
466 880
732 1032
893 895
1041 1110
571 1000
1119 1153
1079 1162
1107 1174
472 655
459 490
1017 1108
1177 1178
983 1062
754 1023
773 870
1008 1184
575 621
734 886
734 1001
1181 1186
721 1079
803 1199
732 799
607 733
601 1200
645 949
823 994
882 1153
778 1147
445 834
937 990
865 883
881 939
833 1057
880 1159
433 494
1104 1127
1161 1162
1030 1032
428 1152
1125 1172
670 992
719 744
1176 1180
864 1186
958 1125
1034 1042
750 952
854 894
920 1014
846 971
601 1154
1072 1181
423 524
687 909
914 918
642 656
486 576
675 912
908 1078
675 1046
651 770
662 925
513 1117
1165 1176
679 1170
461 519
803 871
1088 1135
987 1087
642 1172
474 790
720 750
951 1161
994 1113
515 955
639 791
1060 1125
1110 1178
931 1111
1066 1124
1198 1200
817 910
967 1033
1001 1031
483 572
509 1130
896 913
1177 1186
648 1135
719 833
459 732
685 1171
641 676
532 987
1190 1191
666 909
916 948
1144 1190
1187 1191
477 621
812 1064
766 1047
790 1127
828 856
802 1195
938 1142
958 977
804 1062
919 1033
1185 1199
697 1073
809 1033
963 1198
987 1046
1077 1126
539 772
1015 1060
452 936
580 663
598 872
820 952
433 588
570 706
1193 1196
858 994
560 1193
985 1158
1169 1192
791 1107
608 940
1158 1195
1067 1099
570 1180
577 744
647 1148
1047 1157
723 1105
895 1107
1194 1195
591 1042
498 1072
824 955
1175 1182
454 632
1122 1148
981 1033
491 1185
804 931
435 481
849 1195
622 623
791 864
739 820
1108 1127
714 1143
630 864
455 701
676 855
1145 1177
990 991
532 776
1184 1200
456 571
889 970
1166 1182
548 619
775 991
745 852
579 817
847 983
1165 1199
546 719
603 808
584 822
614 928
811 1099
649 1183
1141 1153
1160 1193
980 1063
1088 1112
746 847
819 1099
590 1047
445 1194
659 1167
876 917
604 1121
1174 1185
920 1059
965 1021
722 934
925 1007
932 1162
489 557
736 891
599 700
894 1059
641 1129
847 1127
789 1006
918 1093
778 1046
775 1197
1081 1128
648 755
670 958
562 934
607 1085
646 1000
1136 1198
1003 1110
705 852
626 1075
965 1165
1134 1151
1054 1071
519 1184
979 1021
971 1075
502 838
881 1110
1079 1095
796 842
840 988
1034 1080
1198 1199
497 776
1155 1184
658 1191
618 707
1011 1133
426 654
976 1097
1136 1168
453 887
632 810
605 1187
874 1084
1076 1086
1112 1165
517 1142
825 1046
948 1009
1111 1158
737 983
1020 1100
445 457
1049 1123
985 1076
964 1158
736 1133
777 881
988 1113
939 949
442 468
568 850
853 995
1133 1146
749 885
1112 1149
922 1036
651 733
651 998
444 1145
924 1070
841 950
982 1173
1138 1183
1076 1095
770 1092
1085 1168
1072 1167
467 1040
1185 1189
756 868
893 914
539 1021
721 831
729 1132
1181 1190
459 993
594 892
487 1034
1099 1123
960 1165
918 1192
621 665
487 991
651 1072
748 775
617 880
702 1058
686 958
975 1118
588 682
466 707
1036 1186
542 594
755 1090
465 482
436 1067
571 1155
754 1042
785 1027
571 747
781 918
919 1056
790 883
1014 1166
1117 1176
510 707
677 1170
537 979
442 1060
572 924
613 737
1088 1164
624 1180
764 1128
781 1150
450 931
1118 1139
1125 1198
444 961
536 880
515 583
591 1188
1034 1149
452 836
742 1082
1056 1101
706 950
579 845
999 1145
1102 1114
1013 1145
985 1192
905 1006
828 1031
952 1008
421 451
1156 1172
571 1178
740 1016
527 695
960 1086
438 1116
1055 1158
1098 1157
703 751
1168 1183
912 986
781 993
746 869
1046 1102
967 1156
887 923
1089 1183
701 1149
713 781
688 848
545 932
1181 1189
849 902
922 964
599 627
1119 1198
923 1103
980 1034
507 562
944 1182
766 945
705 811
840 1142
1183 1191
636 851
947 1093
913 1185
788 1008
430 1027
1129 1197
1002 1177
581 1106
893 943
524 1107
840 1179
991 1137
993 1133
1059 1147
735 1095
962 1169
455 657
897 971
1195 1199
978 1069
988 1013
668 1059
895 1179
899 967
793 1011
790 1164
930 1113
861 905
991 1034
491 564
487 944
844 1002
458 1170
824 1154
1054 1063
1104 1124
635 960
1167 1197
814 1103
960 1150
1115 1155
622 1023
455 765
594 606
957 1007
668 1170
593 643
1067 1128
999 1194
695 856
668 721
469 794
451 630
1138 1200
1121 1137
887 1173
550 1156
704 705
768 787
1088 1137
745 1041
705 776
553 680
1034 1181
800 844
781 1068
1089 1127
424 744
723 1158
614 778
973 1059
640 869
606 1093
1157 1173
900 1107
824 1055
476 764
589 1027
1173 1196
455 1121
824 1152
799 1144
1037 1184
891 1053
541 854
1155 1193
1192 1200
844 984
481 482
1052 1088
1069 1180
835 925
836 874
1022 1105
990 1080
1081 1148
706 1006
828 1165
992 1022
1184 1197
764 948
810 1091
848 1168
758 1036
918 988
473 1091
637 965
860 1016
1149 1159
1001 1161
927 1101
834 844
1049 1109
1118 1168
918 1105
1094 1189
850 1104
820 999
1027 1042
766 1010
895 1094
713 973
600 875
600 1192
637 698
1130 1148
799 903
798 926
678 763
1189 1199
927 1013
748 1027
636 889
967 1184
489 720
500 747
895 1135
674 909
1047 1056
576 664
907 1170
1094 1128
996 1187
1030 1167
799 889
770 890
849 928
1040 1175
1149 1182
1007 1118
1128 1157
922 1182
820 1045
1089 1092
920 1199
716 988
861 1188
833 1123
604 906
1032 1141
455 982
928 989
1023 1178
736 868
1122 1176
1013 1059
986 1149
805 852
1156 1171
1081 1091
557 662
591 1080
1096 1153
520 748
923 1007
1042 1046
1178 1190
464 969
1023 1116
981 1139
656 1002
1072 1100
798 929
1020 1178
432 839
572 956
1126 1136
443 871
1094 1180
933 1098
950 978
517 903
1085 1107
1088 1193
599 824
696 966
624 772
805 1194
995 1149
580 1137
718 860
892 925
1049 1079
661 896
738 857
1165 1184
576 639
816 1095
1193 1195
1057 1177
1027 1165
822 1082
669 724
1131 1176
527 929
1030 1085
602 1026
899 1149
559 718
749 918
724 1065
515 963
546 607
1062 1175
782 950
1108 1114
743 891
863 938
877 1041
811 914
767 1098
1085 1165
810 825
985 1015
1041 1148
997 1070
1096 1190
1196 1200
1049 1117
603 1170
894 1109
430 814
561 1189
604 1014
1070 1088
737 1170
1181 1187
1069 1151
1097 1147
1175 1182
1161 1166
1085 1127
1129 1150
887 1028
746 1107
582 632
815 1028
1051 1113
477 647
870 891
842 920
1142 1194
476 965
1011 1197
798 992
1110 1154
691 1176
438 930
612 671
941 993
993 1130
1071 1178
533 909
895 1033
553 966
495 976
606 855
1071 1176
1020 1167
1115 1121
705 1010
1035 1054
972 1146
527 805
1042 1101
790 1114
1168 1199
1042 1188
1161 1171
1169 1178
865 1096
660 1046
553 917
992 1066
623 661
574 728
919 936
906 980
1101 1167
590 915
1187 1189
697 814
646 955
982 1064
1025 1153
546 968
518 843
472 543
543 924
1098 1152
806 829
467 1110
1191 1195
587 729
707 927
1165 1171
435 669
1066 1078
1152 1162
694 912
476 521
420 709
989 1149
823 1198
829 977
1058 1135
472 836
810 945
420 548
855 872
504 524
714 749
849 956
854 1047
647 834
946 1063
568 994
1199 1200
721 809
1032 1161
897 908
668 738
712 872
668 1053
1057 1081
807 942
1050 1152
954 1087
592 1200
513 672
455 690
908 1074
604 881
434 955
627 744
466 532
619 1004
440 887
901 1084
1116 1128
894 984
1197 1198
763 1144
970 1176
495 1154
704 1167
808 821
1055 1144
1078 1149
519 595
422 705
580 919
1075 1194
759 1134
1145 1198
746 764
664 902
602 925
491 932
993 1064
628 795
880 1092
1103 1174
1153 1175
763 1074
871 1116
424 926
1186 1194
588 1049
498 886
645 1019
914 1164
813 1185
1009 1046
972 1045
829 1011
519 563
853 1058
429 617
1029 1164
681 1147
831 1159
579 651
734 1068
450 1129
952 1010
680 982
615 856
957 1184
958 1153
633 1058
779 881
796 993
983 1102
577 609
660 668
1180 1187
774 971
1084 1191
963 1024
1062 1161
482 947
673 1078
512 869
989 1186
834 1020
763 1047
513 530
1153 1165
1073 1093
759 1139
826 1118
606 1073
532 1190
757 897
978 1155
838 1071
1091 1167
719 778
665 755
974 1120
1020 1097
673 845
736 748
720 996
885 970
832 1105
710 889
729 1000
1030 1098
1018 1071
552 1038
723 799
923 972
989 1169
576 886
1151 1157
624 1163
758 1138
548 826
462 592
569 1001
1029 1173
501 1170
956 1186
810 1106
598 958
485 515
1198 1200
726 751
916 1009
533 798
601 649
489 742
844 1122
858 862
1196 1200
1174 1187
456 1018
607 814
1149 1157
510 870
1069 1119
843 1193
1089 1160
554 710
823 971
520 743
525 1031
598 945
1185 1200
875 1110
910 990
601 918
1016 1194
521 596
1017 1170
871 950
1054 1136
1052 1183
861 1156
819 867
662 896
1186 1189
713 817
681 1101
946 1168
769 997
441 773
1101 1114
570 1090
738 1097
1092 1156
710 761
1020 1128
1170 1172
1008 1182
1117 1162
641 1092
1063 1096
1148 1174
670 1054
952 1110
635 1054
990 1107
530 549
453 781
577 985
849 912
810 1159
846 945
497 523
761 1124
1045 1184
1133 1190
648 865
987 1060
701 1174
638 968
650 922
470 822
765 1167
622 1098
1092 1119
680 1095
1123 1184
650 703
959 1006
695 818
423 841
1146 1164
1107 1192
525 776
1033 1071
643 780
1109 1165
683 998
1082 1163
1021 1065
699 884
777 1094
1025 1186
855 1140
836 1144
497 1003
937 1064
521 569
1110 1142
860 932
752 985
568 686
699 1153
760 800
887 1125
920 1085
874 1132
978 1037
956 1196
838 958
745 1136
456 586
715 1004
1079 1165
901 914
635 715
569 938
586 736
760 936
632 744
897 943
785 786
780 945
947 1191
815 1176
767 888
862 978
1005 1060
608 1155
1045 1157
579 1126
691 1071
1029 1038
1195 1199
1156 1179
933 980
884 1127
1073 1160
640 919
1065 1128
502 1134
593 752
842 1102
798 967
1001 1049
1144 1149
797 962
1158 1173
840 1076
1005 1185
866 918
588 1072
726 732
587 1006
533 638
1194 1198
477 1077
722 973
754 1079
648 877
535 796
757 1080
1181 1186
871 957
452 776
587 1158
1119 1192
428 924
1034 1039
653 1032
667 710
474 939
1149 1151
788 811
843 985
961 1127
542 774
668 982
751 1120
776 875
1194 1198
1162 1186
810 1169
915 1110
1162 1200
681 889
673 940
474 1091
910 1191
544 740
744 799
642 790
635 1034
447 518
434 926
653 1154
926 970
539 1146
619 937
872 899
913 1187
511 1059
1044 1112
645 731
1050 1099
535 1152
588 950
1189 1193
766 1189
603 818
707 1183
978 997
723 751
844 1057
1176 1184
639 1024
1058 1138
714 1090
580 645
1075 1086
610 638
483 616
815 994
1097 1178
1084 1141
551 588
438 1025
920 936
937 1065
819 1181
810 1173
1016 1025
830 1194
524 971
1087 1106
817 1076
815 1131
652 781
1004 1025
713 715
975 1024
500 740
1115 1144
887 1060
977 985
986 1100
732 988
879 1161
1036 1107
753 927
756 781
432 913
802 1091
749 834
880 1056
735 1061
1067 1188
706 1154
790 956
790 927
466 649
647 1075
435 819
512 664
1072 1136
802 1091
918 1057
606 818
616 1118
1189 1200
561 727
1065 1187
756 1080
759 863
681 719
1006 1120
901 1053
1164 1196
1155 1186
865 1085
480 650
763 849
822 937
577 754
508 563
856 1080
559 1062
1133 1173
1180 1187
886 1138
777 844
951 955
601 865
803 1085
1122 1139
952 1094
743 1154
562 1177
957 1127
505 924
680 742
726 912
1168 1173
423 756
779 1189
1101 1160
1176 1184
1167 1187
795 1015
589 1117
886 1009
551 1141
880 1102
443 639
845 1091
1108 1127
642 977
1018 1072
463 930
750 1145
787 1196
552 1025
564 689
1146 1174
973 997
794 870
797 959
451 761
900 1009
1006 1044
460 630
665 1018
827 951
877 1190
1170 1185
602 923
908 1059
855 941
859 1054
986 1194
967 1035
1136 1144
1146 1189
977 1060
576 1149
923 960
1056 1107
489 1133
473 882
704 1137
1092 1093
798 1070
449 566
966 1158
797 939
1174 1175
657 920
881 940
838 906
428 778
988 1023
957 1140
697 874
963 1152
602 736
938 1088
978 1088
470 1056
470 1110
706 1145
978 1058
951 1031
502 515
1022 1169
1049 1090
859 942
447 1175
749 842
696 780
811 1090
1149 1170
468 1147
705 1176
459 952
570 802
662 688
645 1185
917 1134
524 624
1032 1037
1144 1180
989 1108
925 1125
486 986
776 1051
1141 1176
989 1166
510 726
476 668
920 1017
568 1045
1127 1139
751 909
830 1019
1010 1033
594 600
643 672
522 878
742 1059
1090 1107
511 892
1156 1190
905 1108
880 1134
1137 1149
792 959
430 1039
1059 1122
897 1132
527 663
446 877
1145 1166
468 1142
691 926
642 981
638 899
1088 1130
1102 1195
1073 1111
1164 1173
1135 1200
466 681
1179 1191
763 1010
831 1037
1159 1181
932 1094
1022 1027
565 648
970 972
980 1029
617 801
519 929
1151 1175
819 1200
1176 1189
1110 1186
502 1105
780 1045
1165 1197
1023 1140
762 1178
894 970
783 926
646 1114
465 816
1020 1094
758 792
815 843
940 1004
423 775
1080 1143
970 974
1044 1046
903 937
441 763
1193 1196
576 657
440 619
510 870
707 743
1186 1191
852 1161
577 791
826 1082
1024 1125
626 803
600 778
571 929
1172 1196
917 1180
1197 1198
1008 1179
584 789
886 895
798 992
821 1188
856 871
1005 1145
506 1133
741 1145
959 1103
895 1140
544 614
755 1172
529 641
668 993
1180 1184
454 663
927 1179
1092 1199
758 1139
649 674
903 1069
694 1004
953 971
665 1156
843 970
1194 1200
734 1181
1003 1055
679 970
875 989
612 824
1093 1098
718 776
561 1004
668 1072
478 814
899 1182
559 603
1070 1189
1159 1187
454 497
658 1054
494 941
522 989
678 752
668 936
532 570
702 1091
671 965
440 862
615 714
1190 1200
847 863
609 972
484 1007
631 879
1015 1109
1055 1073
908 1039
1105 1133
1186 1191
918 1036
1113 1178
878 1157
599 1051
1020 1065
841 858
1092 1195
636 1197
986 1021
568 878
754 771
760 806
1182 1195
1076 1170
727 1171
876 1072
1022 1189
969 995
539 1018
886 1137
1097 1184
624 927
506 1117
1064 1200
1067 1143
1058 1133
708 884
967 1128
569 777
812 1090
1134 1182
1153 1194
912 1173
840 1078
545 819
1175 1190
583 831
1179 1180
449 1028
735 965
957 1038
1110 1195
551 628
1196 1200
1014 1028
1057 1145
680 1052
547 686
732 964
974 1017
457 606
456 816
993 1095
1190 1192
873 1052
544 627
686 855
996 1078
532 1016
718 1108
464 1002
560 659
519 959
1090 1169
900 1143
1010 1039
1074 1126
1183 1195
652 1124
459 1155
943 1134
490 662
538 568
492 678
926 1116
653 1053
1021 1037
753 1193
1011 1068
580 1177
750 975
722 1195
717 924
564 629
845 857
868 1020
1028 1193
497 1098
798 1195
878 1166
1184 1199
621 632
970 1069
512 654
1034 1099
877 1067
1040 1124
508 588
1090 1178
763 1066
1012 1185
1164 1197
1189 1196
1089 1197
939 1187
849 1079
544 811
449 577
629 944
465 1136
1014 1187
614 861
458 665
1106 1110
469 696
541 848
973 1065
629 687
581 1050
1166 1191
969 1164
979 1195
840 872
665 1100
798 1066
885 967
746 1149
801 1087
1057 1118
442 535
843 1157
1187 1192
1122 1192
1035 1104
471 700
600 776
865 1137
529 907
1080 1140
1079 1185
797 856
816 1192
776 1096
655 773
553 1032
473 1064
893 1145
853 893
695 973
1189 1195
806 962
972 1021
1046 1146
656 823
661 1117
853 1014
658 989
1127 1175
878 1187
543 1034
676 1165
557 751
797 1019
1035 1162
1043 1145
847 947
756 870
1009 1102
463 621
613 1181
618 911
987 1177
1060 1155
625 682
579 1133
1010 1034
468 1005
1153 1158
765 989
937 1024
1188 1192
995 1157
489 1034
1081 1090
539 637
1192 1200
870 960
502 954
479 889
545 1001
1171 1196
893 1003
758 1196
480 1189
843 1072
624 1167
1010 1071
539 939
643 1108
861 1173
553 1191
1003 1033
849 1112
956 1197
911 1172
809 914
679 1094
722 839
880 1010
1059 1112
1055 1186
663 713
856 904
1034 1097
882 962
517 917
1031 1164
502 1079
1043 1131
842 1181
722 1178
474 1188
568 639
925 985
1076 1174
630 975
466 1138
1165 1192
666 959
1188 1192
1090 1138
845 953
421 673
767 1138
802 874
541 752
525 747
644 987
694 1043
1106 1167
536 1096
617 1044
805 1147
607 848
972 1054
468 802
567 1005
574 1005
499 772
1104 1140
1124 1199
864 1049
556 786
973 1137
624 697
733 1022
908 963
991 1047
564 852
508 589
503 627
1179 1181
1040 1107
949 1070
1040 1044
774 934
656 1163
935 971
1039 1117
1194 1200
691 1120
739 833
526 852
828 1025
528 1118
870 1152
1184 1194
544 990
1163 1183
559 723
620 899
984 1106
1132 1159
612 665
985 1125
1123 1158
603 785
1192 1195
799 1034
831 851
1066 1070
1138 1157
839 853
690 1114
511 524
862 1089
811 932
775 1176
711 900
491 865
506 696
661 1024
839 1006
712 1103
524 1096
957 1066
713 764
603 604
605 618
788 1022
918 936
471 752
1099 1174
799 1166
1067 1107
632 971
596 815
1196 1200
815 986
644 913
1163 1189
989 1123
909 985
820 929
1010 1078
537 882
1012 1149
901 935
722 1055
1014 1148
874 881
673 829
938 1059
719 888
429 858
987 1142
1164 1177
902 1102
1182 1188
751 1174
709 902
942 1079
1069 1137
845 1044
1072 1151
679 825
567 1036
570 1018
1155 1183
561 982
915 1128
494 917
513 578
661 662
888 956
881 965
701 1118
445 547
1064 1089
531 567
764 913
659 743
934 972
694 1060
853 971
527 1181
1127 1148
559 901
1144 1189
435 836
527 678
1061 1115
1152 1182
1036 1113
525 879
782 867
887 1099
1154 1166
636 757
816 1026
999 1179
610 856
607 619
796 922
468 494
773 1186
501 1111
683 864
626 789
1100 1144
846 852
735 1053
1029 1133
446 942
930 1133
849 1132
643 1102
592 721
932 937
664 1191
1111 1135
844 859
545 800
440 803
647 956
684 1050
1026 1165
953 1149
1080 1131
888 994
540 812
425 611
944 1045
581 713
574 618
1021 1107
662 1078
942 1081
962 1068
635 1044
763 1194
868 1088
736 998
856 1090
955 966
489 1096
695 831
935 953
891 988
845 1186
538 1139
1169 1178
499 719
1189 1193
928 1015
1058 1126
997 1174
885 1080
832 1089
810 908
1122 1177
932 966
624 1039
643 1029
657 1111
1064 1068
1079 1096
1178 1196
1170 1189
695 1114
968 1041
739 884
444 735
675 1155
600 910
1021 1106
822 882
792 942
548 805
657 1089
939 1010
1114 1124
480 694
548 1179
955 1039
651 997
972 1131
859 1111
550 1024
605 843
524 628
915 1192
568 668
514 554
1034 1194
777 892
666 781
469 867
500 1195
665 955
476 830
1000 1153
700 820
506 607
847 1149
1063 1081
704 970
1035 1153
515 692
773 904
822 1082
873 1156
803 958
955 1181
583 656
1177 1190
536 850
534 645
1109 1151
1142 1181
1153 1171
464 956
634 700
656 914
673 785
984 1059
1010 1035
483 802
462 761
1020 1191
787 1088
613 878
833 942
1000 1099
782 1144
697 985
987 1034
883 935
525 873
949 1080
534 569
445 787
945 977
500 911
1142 1154
810 855
927 1033
1069 1182
702 977
919 1046
976 1055
674 1200
1017 1121
647 703
720 906
911 1192
765 1127
707 1113
913 948
440 958
737 1146
1013 1097
972 1158
619 626
1184 1195
514 1200
526 681
1011 1086
791 1002
1153 1179
1094 1199
654 737
1017 1199
648 1105
919 1149
725 978
997 1103
867 972
870 1003
879 1098
857 997
498 884
987 1145
1121 1139
1066 1154
483 1163
730 836
1095 1099
1199 1200
611 612
754 831
1036 1067
1126 1149
545 666
543 561
521 681
619 933
816 1101
1171 1192
1140 1181
1032 1102
847 1026
446 1084
618 824
1142 1153
1134 1140
1092 1118
949 1006
768 1179
803 983
770 910
513 1073
614 776
