8920
60
1194 1255
1000 1028
798 883
802 1114
969 1102
652 1234
1113 1133
1238 1257
1037 1202
905 1169
977 1072
842 1147
1069 1077
436 603
1082 1185
939 1198
1021 1087
1139 1142
877 961
1257 1259
640 1245
605 1076
1154 1225
771 814
915 1197
529 825
1033 1065
1093 1140
522 775
928 965
607 934
1074 1214
684 793
481 902
871 1148
776 1203
1175 1203
599 989
686 1152
1040 1065
1048 1122
786 972
866 1168
1193 1245
1087 1125
472 1073
931 1158
647 911
881 1114
1168 1258
1032 1189
732 1123
457 1098
843 898
1133 1217
533 841
1250 1260
1168 1186
1178 1202
844 1102
1084 1151
691 1200
1040 1093
1206 1226
1080 1239
951 1130
932 1029
572 1052
467 646
685 1108
521 1002
1252 1257
972 1222
1030 1128
1119 1203
1086 1144
1208 1259
820 982
1206 1254
596 896
731 838
625 1208
1222 1253
552 1081
948 1148
1115 1259
1009 1069
1118 1196
515 932
602 976
1235 1260
873 988
661 1216
548 632
541 749
532 1120
814 839
916 1007
463 976
684 1110
1101 1259
450 1058
1140 1215
1003 1073
1178 1228
469 924
1188 1212
688 975
513 1051
620 780
431 860
564 994
1187 1253
1047 1089
1164 1260
1231 1243
830 1203
963 1005
1236 1248
857 1035
627 1233
687 873
1030 1135
881 1204
628 682
733 912
945 1124
452 926
1160 1222
491 819
666 809
469 1248
518 750
643 1217
956 957
718 753
504 543
1000 1104
494 717
1054 1255
972 1094
642 766
589 1198
479 661
426 776
464 819
753 855
1012 1245
1028 1179
682 1040
1144 1186
536 1107
1144 1251
645 1168
857 1226
1013 1186
737 1084
1029 1057
458 727
924 1170
706 936
1200 1248
515 757
1071 1154
910 1160
730 778
954 1157
482 1250
987 1130
723 730
718 1192
794 969
1014 1143
1089 1199
1027 1121
586 1254
1000 1202
941 1015
1091 1132
821 1177
1006 1187
900 1122
984 1091
938 1071
442 1182
1248 1260
874 1032
544 1022
731 997
1136 1176
700 1204
466 900
1073 1216
514 825
694 985
442 576
803 872
547 700
1205 1216
699 1244
957 1158
772 1168
1000 1191
891 926
845 1104
668 950
1160 1247
685 848
699 877
1204 1260
1066 1257
575 815
434 439
1123 1198
855 1233
1053 1260
1008 1244
767 894
440 734
621 798
567 580
1154 1202
972 1070
562 937
970 1138
476 759
954 1162
891 1018
893 1153
1106 1184
670 954
594 625
1207 1221
1013 1162
1237 1249
603 1154
841 1043
1091 1206
1083 1240
1177 1220
1002 1107
514 1166
739 1186
671 935
751 777
1252 1259
490 779
994 1164
1064 1117
1196 1242
427 738
1243 1250
698 1097
646 1252
1136 1174
585 664
1196 1239
930 1051
832 930
422 1150
1055 1065
1080 1135
1187 1232
1157 1203
448 747
1071 1177
584 910
1008 1254
1066 1149
572 885
766 862
615 1085
501 1245
1240 1250
430 1019
640 726
869 933
568 673
770 1125
974 1153
1089 1121
616 1121
638 865
925 1031
631 1072
1108 1125
1170 1238
1010 1070
444 917
1019 1211
891 1097
1246 1249
1152 1221
525 1031
773 827
890 933
1246 1260
447 745
826 1258
621 982
1146 1159
649 907
729 1149
436 1104
901 1040
1128 1218
599 804
772 1104
607 943
433 1113
1198 1213
1210 1228
1000 1005
542 1042
618 745
977 1046
1118 1184
577 1197
617 777
1083 1112
622 940
996 1192
946 983
1175 1198
913 1222
575 861
589 892
949 1202
1169 1213
589 715
618 1239
697 1131
747 791
837 1073
572 916
1104 1125
578 1227
505 670
507 769
1104 1114
1225 1249
950 1094
810 1173
871 1008
448 1164
792 797
873 1227
599 1244
1226 1232
440 852
652 708
1099 1121
1169 1234
603 668
957 963
612 1050
440 693
924 1197
826 880
1155 1200
515 581
774 1140
958 1107
823 1011
1085 1153
512 661
751 1255
574 1104
472 513
577 1089
756 938
1199 1220
1004 1035
1109 1136
1105 1130
888 1068
694 776
528 777
1218 1221
1040 1094
733 1128
578 917
486 617
958 1110
432 473
605 640
656 859
854 1223
960 1113
1037 1240
1210 1250
1179 1234
676 862
1131 1188
741 992
1150 1216
829 1053
1024 1238
773 919
837 949
907 921
425 1063
998 1237
531 1126
1022 1052
580 1002
1219 1226
779 1061
876 1129
884 1033
425 988
550 994
1000 1008
1178 1217
762 988
1084 1156
1134 1158
710 1257
1125 1227
887 1256
1041 1164
445 600
823 1011
703 1021
782 1139
1093 1156
533 801
929 973
954 1228
1172 1255
897 1179
1242 1244
1174 1180
1204 1229
704 973
511 948
775 1111
668 930
1142 1230
478 845
444 666
525 1185
696 868
815 876
613 735
906 1152
984 1097
576 659
727 732
614 849
556 632
562 1061
940 997
629 861
1015 1069
1121 1215
1148 1184
876 1106
793 1110
573 725
1055 1172
664 1176
1252 1255
1124 1154
444 963
1059 1091
1150 1216
489 1092
723 791
1195 1257
547 1228
991 1222
660 710
1165 1233
870 1225
773 1041
687 1021
1241 1259
642 798
858 912
582 681
460 547
577 753
895 966
658 889
523 1242
1162 1176
928 1036
880 1203
974 1032
1042 1210
880 951
880 1101
1119 1198
544 942
423 656
1099 1131
895 1132
736 1103
821 1203
889 1206
439 524
1233 1248
987 1016
1235 1246
593 1258
1238 1260
634 789
846 1071
1062 1097
1039 1159
736 764
592 1162
1153 1228
582 813
838 1142
1183 1198
1066 1112
566 1219
603 809
1237 1244
977 1084
760 1127
482 674
438 848
431 1002
1231 1232
747 1210
476 774
618 807
844 1192
703 1170
591 858
643 737
728 856
609 1071
469 1226
818 1144
445 1203
1176 1217
1155 1239
589 793
1057 1088
1249 1257
1011 1063
1018 1166
1205 1219
517 1049
588 1098
1107 1247
476 942
1023 1251
639 1025
1043 1095
799 1187
582 892
799 1151
486 774
1130 1171
745 946
1001 1250
975 1056
1169 1229
864 1050
811 1007
805 1225
1099 1149
901 1205
859 1246
771 793
578 709
1074 1194
1221 1259
1201 1237
820 1178
908 968
439 964
530 581
471 708
912 955
1091 1142
791 842
1169 1222
634 846
1214 1256
655 1084
1180 1187
885 1104
870 878
780 947
677 824
566 613
1213 1236
1055 1207
703 1184
500 1222
755 1094
1250 1251
653 1110
768 1009
847 986
785 973
1175 1193
717 992
1254 1257
519 704
1206 1257
777 871
883 985
485 690
1079 1101
1218 1260
866 884
594 927
970 991
612 1033
719 744
1135 1214
1232 1244
554 732
467 1016
1133 1167
985 1216
483 788
1003 1138
643 731
893 1063
518 1137
442 1042
1177 1237
518 709
631 1220
1244 1245
683 1096
989 1202
1200 1252
555 1013
473 970
650 895
691 891
714 1161
430 799
1106 1130
824 954
1076 1157
662 1195
985 1173
610 611
1077 1212
1090 1225
638 772
654 937
1149 1183
888 1252
714 1030
1029 1110
510 1026
1195 1252
948 1172
843 1192
1253 1256
1153 1242
894 1226
635 808
992 1046
476 737
1208 1238
1059 1216
681 831
526 919
705 1234
621 936
1074 1210
1048 1152
981 1168
674 1101
802 1252
1205 1228
1151 1216
465 1016
422 1255
1216 1257
1199 1238
1124 1193
928 1165
608 1111
872 976
1092 1234
706 1199
674 1240
712 912
810 1194
545 1124
481 1049
707 742
959 1101
788 801
1078 1253
989 1212
549 683
1243 1260
436 1071
1208 1221
637 1065
1231 1251
1121 1178
791 1022
891 1204
788 992
1208 1243
693 905
947 1149
1112 1203
1160 1169
1031 1146
784 963
879 1196
1043 1189
564 1216
827 1214
929 1181
707 1082
787 1094
753 1144
1209 1227
512 654
746 1236
684 768
1165 1259
583 979
649 1248
1085 1104
626 1067
923 938
665 1037
1053 1094
1028 1112
1026 1095
810 907
639 1014
631 962
1053 1222
837 1256
1120 1126
668 936
514 741
1246 1248
848 1067
977 1218
1021 1214
716 1120
437 1196
786 1240
1138 1254
1200 1226
635 886
1003 1022
435 1011
718 1191
423 1195
526 769
625 862
1011 1198
593 942
1025 1200
1085 1251
844 1163
1160 1175
760 1225
1155 1254
1044 1159
643 671
567 616
536 572
991 1150
615 1002
610 1034
1204 1257
774 1168
809 1245
607 849
471 711
789 1082
1085 1122
451 1057
1116 1199
929 931
1158 1249
1222 1236
994 1140
1127 1169
1059 1174
506 622
1041 1210
581 924
420 1091
969 1104
883 1081
651 1195
1093 1174
459 570
1206 1260
1026 1069
808 1073
567 975
454 885
844 1156
420 1030
605 797
1042 1113
1201 1257
902 967
1052 1170
599 795
898 1167
1185 1231
1024 1043
706 1216
887 1237
543 744
672 1095
839 1170
449 795
452 1239
1141 1184
795 1212
730 1030
909 1024
897 956
701 1093
666 953
674 1054
816 1082
800 1225
1020 1224
1257 1258
766 1047
570 1002
834 844
956 1240
785 925
1135 1161
459 505
501 620
690 1111
584 695
697 1178
847 1065
826 909
1112 1181
1196 1202
1227 1232
904 1005
1149 1158
562 1215
1202 1236
658 1024
729 975
1083 1215
1230 1239
1099 1108
702 1173
638 923
942 1197
861 964
748 1098
1161 1242
1131 1258
535 969
1046 1147
1073 1208
770 1040
452 1220
1204 1206
749 1117
1028 1247
924 1057
718 1003
814 893
996 1147
946 1207
1130 1249
716 1210
1087 1208
624 857
968 1229
909 1112
714 964
697 1220
858 1046
1204 1248
1255 1258
1229 1253
1066 1163
602 622
474 835
1194 1235
879 1156
1160 1171
692 955
1006 1173
608 1153
863 881
618 931
506 667
1239 1254
752 1220
443 909
494 1197
1157 1222
857 953
678 1179
1104 1165
960 1089
499 599
742 939
1056 1189
1067 1137
946 1253
659 740
518 1163
808 960
494 862
615 1235
567 1044
421 602
514 945
673 1069
978 1203
756 1173
1183 1226
717 1210
574 1247
615 950
916 1074
434 590
841 1156
1210 1254
660 909
1066 1111
657 672
541 1001
610 890
458 490
1084 1257
1079 1196
725 763
539 1103
870 977
475 1200
646 1001
576 771
689 829
1052 1253
716 720
632 811
932 1121
1017 1159
959 982
544 555
733 899
785 1103
1040 1121
750 1029
679 884
490 869
1109 1133
897 1109
1012 1192
1117 1242
678 737
888 1137
990 1096
1232 1245
921 1130
844 875
1156 1227
1174 1218
1065 1132
432 695
1195 1200
969 1051
484 1001
448 868
554 983
556 709
604 607
827 1059
649 1170
890 1023
1100 1164
920 924
776 1147
722 975
446 810
640 944
784 925
1204 1222
1049 1243
1010 1200
991 1049
1160 1198
1165 1176
772 1221
439 487
1174 1260
551 1181
1214 1224
847 1252
831 912
789 1104
599 694
990 1242
715 897
1031 1124
693 938
753 1210
1081 1222
502 831
779 1093
1074 1220
653 672
1179 1246
704 1082
605 1253
914 1087
782 1115
469 850
1202 1243
832 835
1107 1157
793 844
788 1210
645 990
828 961
1247 1257
549 616
782 905
469 481
806 996
1003 1188
530 600
899 971
585 1192
873 944
1045 1078
703 877
1209 1247
579 961
950 1123
604 644
1048 1246
824 1028
682 956
1152 1208
845 855
904 1213
989 1173
537 1246
453 932
638 928
674 1174
545 824
618 1073
687 826
1032 1250
989 1171
441 706
850 1132
1093 1239
774 793
709 746
511 883
1125 1174
866 1242
562 777
421 1032
993 1088
751 818
567 880
1083 1087
656 825
1013 1064
569 1020
461 708
596 652
780 1097
780 885
1110 1171
529 1231
567 1241
869 1232
1042 1081
1201 1229
1135 1182
741 1247
438 764
449 652
616 892
542 1075
808 1004
593 771
870 923
906 1129
544 845
490 902
470 862
831 847
492 779
1203 1209
1051 1151
722 1156
996 1015
488 997
649 866
1246 1258
905 915
488 782
478 802
981 1009
1092 1198
784 1025
976 1193
961 1064
872 1099
681 1093
934 1133
1053 1176
667 779
772 859
515 850
1025 1160
751 1048
783 1141
1109 1179
763 1122
1110 1251
965 1179
1057 1119
885 953
792 1060
1178 1224
913 1129
588 760
450 1034
743 817
1171 1233
1116 1189
820 1121
1082 1234
961 1110
1249 1260
546 1022
562 1080
1183 1247
764 834
1054 1077
859 1224
1092 1239
737 1202
1129 1219
831 881
1235 1236
897 1154
987 1144
914 1100
467 1000
856 1037
1212 1215
719 1017
1220 1255
907 1167
635 1022
495 1231
839 1138
1256 1259
634 1130
1079 1175
908 1215
1000 1095
577 609
1161 1236
844 920
1195 1210
1012 1051
1242 1249
1191 1215
702 704
1005 1170
821 1024
731 981
710 992
584 601
898 1233
483 913
1216 1231
503 858
681 847
485 728
984 1036
469 909
569 935
427 1061
865 1180
1163 1207
809 1133
426 892
1250 1254
1002 1088
614 1043
716 896
471 1111
771 1202
611 1133
902 1007
1136 1150
543 788
1243 1259
875 885
584 656
822 989
1234 1257
1123 1240
1070 1086
1193 1221
1227 1246
440 775
437 985
721 1161
947 1172
1133 1135
1199 1253
879 1073
1259 1260
653 955
1197 1206
943 1000
888 1015
925 1010
734 1047
1078 1160
1182 1223
1245 1248
456 964
624 964
1231 1242
1152 1168
539 734
1108 1183
963 1129
505 600
492 645
599 786
829 866
697 1078
527 571
682 689
451 1069
1216 1257
850 954
1233 1260
997 1212
980 1148
890 959
1237 1254
543 562
1138 1234
558 727
688 1208
510 885
1258 1259
803 935
572 675
906 1040
1085 1174
819 1006
713 1037
431 1048
678 1234
642 719
543 624
814 1016
443 535
723 1016
613 998
746 1038
1147 1184
649 1052
701 1172
666 929
700 777
1248 1260
440 931
1256 1259
1123 1161
606 1143
753 1129
912 1109
1236 1244
690 824
1153 1248
698 940
1207 1235
613 816
968 1125
759 966
1107 1221
1059 1254
636 870
1166 1177
564 1140
632 769
866 944
583 809
1068 1100
640 1216
959 1031
531 760
1080 1218
662 1077
712 950
846 941
857 1145
1228 1254
1009 1175
1258 1260
518 657
1085 1244
1146 1225
1006 1174
531 1251
732 1105
770 1257
656 911
1141 1148
632 1257
1141 1219
501 581
893 923
580 1218
1057 1079
1042 1238
1259 1260
1142 1160
438 1030
1173 1200
1239 1245
804 920
442 1081
848 1161
686 919
781 1088
934 1139
481 1138
608 640
497 1142
487 661
893 1093
525 1015
719 855
695 857
1122 1189
1174 1183
1043 1105
960 993
584 965
1131 1254
957 1163
830 854
581 992
753 873
642 1102
481 1158
1022 1233
1178 1203
991 1109
878 958
535 756
874 1076
655 810
1052 1129
1208 1249
745 906
878 1012
689 1093
767 809
1056 1141
1018 1077
982 1049
859 962
800 1259
917 1169
814 1176
529 792
961 1117
983 1105
1019 1155
633 1140
1157 1203
1061 1241
1101 1183
887 899
729 1155
507 666
1080 1168
571 663
679 1026
620 1059
1017 1226
1036 1216
909 1136
1198 1207
821 1142
1046 1093
815 1234
852 993
666 1066
860 1129
1258 1260
937 1223
1146 1242
970 1110
789 884
981 1130
1226 1231
1016 1181
622 740
1002 1255
768 824
965 1196
1069 1201
1246 1256
1048 1080
878 948
1217 1225
1154 1243
1217 1253
737 1087
462 827
1083 1086
1089 1112
860 1008
707 1069
876 1219
461 536
667 818
983 1150
908 934
1095 1163
1030 1130
543 797
619 1002
578 1038
720 741
553 1194
1080 1248
1253 1259
1028 1087
1090 1148
474 726
779 848
605 1131
945 1134
971 985
545 702
439 1141
791 848
519 980
711 914
961 1123
1202 1209
686 1078
1046 1163
1114 1140
563 814
994 1125
881 934
467 679
526 648
688 1135
622 837
804 1035
934 1057
950 973
1045 1131
820 969
556 1135
1064 1202
915 1191
685 1013
593 792
1242 1259
1169 1259
784 816
427 1162
791 802
440 542
1209 1238
1169 1184
957 1092
1097 1155
445 1055
547 642
1050 1211
1112 1216
953 1191
659 740
1066 1160
1013 1119
764 1146
1000 1085
1157 1221
732 755
936 938
448 986
580 1063
584 944
694 885
626 898
651 1257
456 745
1157 1190
612 669
910 957
429 1173
1123 1135
507 1013
967 1067
1184 1237
821 1245
1082 1256
1218 1227
1088 1244
618 1105
1166 1195
1028 1053
776 959
1003 1219
507 658
977 1160
533 666
718 1123
1008 1068
1102 1135
973 1232
430 823
441 907
1250 1256
748 900
1227 1251
639 731
881 1171
698 966
1039 1060
679 893
992 1163
991 1015
843 982
494 1105
1182 1206
1211 1232
828 1011
985 1119
804 1036
659 974
1007 1065
1216 1221
809 1202
700 898
1010 1202
851 1255
586 1067
734 1040
447 604
553 963
848 1253
911 1137
1203 1234
631 1105
584 644
888 1226
622 1212
466 1138
839 952
1077 1256
470 1151
882 1070
876 1199
809 1006
754 813
1072 1248
633 834
987 1142
672 726
760 1002
685 1219
1256 1259
778 889
1096 1195
815 947
940 988
740 1259
727 1245
1188 1194
652 843
1252 1256
721 1196
887 1226
848 957
651 749
1254 1256
1217 1250
679 700
1168 1211
882 1182
837 950
1188 1223
915 1244
1039 1126
1070 1230
1014 1037
443 656
967 1217
438 1083
954 978
1151 1184
785 849
1255 1256
692 890
672 1157
493 824
734 863
1011 1162
500 943
794 795
1004 1051
629 1037
610 614
656 1205
539 1172
734 979
819 1226
535 978
685 928
448 1021
972 1254
818 998
595 1143
1105 1176
463 1048
900 949
694 821
914 1194
623 821
1241 1255
721 988
439 1067
684 718
890 901
605 881
1226 1239
882 960
879 903
927 1083
1161 1181
894 1248
848 961
997 1207
799 893
1065 1212
1009 1241
1176 1249
1237 1238
425 1113
1024 1222
461 1089
563 656
885 951
669 928
1232 1242
1257 1260
690 1223
670 993
1106 1134
821 1185
889 1130
1095 1148
971 1140
642 1195
830 987
1166 1229
993 1003
706 826
1245 1260
665 1110
748 1089
975 1250
883 990
1087 1197
640 922
1207 1215
791 918
720 827
631 954
620 1149
448 1217
884 1242
625 726
622 1222
823 884
1254 1255
605 788
724 912
491 1094
508 1062
1128 1251
822 1225
1009 1058
691 1001
573 636
881 1233
1102 1107
989 1102
1065 1130
1023 1084
635 988
1080 1112
639 785
439 1109
1226 1256
1252 1254
1251 1260
1086 1150
583 1246
467 569
932 1223
826 1002
1221 1247
1174 1179
642 901
1126 1148
1231 1253
1232 1254
964 1077
704 1107
665 724
981 1085
837 962
897 915
751 946
1242 1256
1240 1258
1109 1212
594 1086
977 1072
826 1031
1119 1225
830 869
1139 1183
1237 1247
839 1067
700 766
851 1092
770 877
721 1205
535 832
734 762
431 738
1045 1046
660 771
1206 1258
1037 1232
1054 1223
596 1140
1166 1168
1030 1199
664 814
1029 1229
741 998
658 748
1220 1253
702 1043
742 762
1201 1212
442 1028
1248 1257
701 1030
836 1254
1085 1164
785 1200
827 1238
758 812
1200 1235
773 1007
614 1110
858 1089
1072 1156
671 1128
1171 1248
971 1258
1025 1254
1120 1186
611 1174
751 992
957 1227
649 1158
1011 1049
860 942
1130 1208
658 888
714 1132
476 1244
1133 1226
448 968
542 909
978 1131
1066 1093
470 977
1108 1133
1182 1208
1138 1198
427 1244
1081 1214
1219 1230
479 1053
791 835
663 1165
1173 1181
1209 1221
595 619
1174 1200
640 833
775 918
949 1059
863 1131
533 1099
1054 1179
963 1039
977 1202
1170 1207
1208 1245
536 912
681 898
987 1005
494 1133
810 1164
573 1254
769 1181
420 1064
582 1147
893 1089
482 810
674 761
1232 1244
947 1095
988 1236
477 481
1256 1259
1155 1164
1197 1232
1087 1132
1000 1067
893 931
1069 1159
803 811
1196 1222
1253 1260
1196 1197
424 763
610 843
1023 1134
1109 1172
972 1146
811 1252
1039 1143
1253 1256
1010 1024
663 817
703 814
903 1200
1097 1115
446 1050
741 865
1222 1250
595 1223
606 1039
1020 1046
628 788
723 782
865 1077
793 1187
687 888
797 916
1017 1038
1053 1211
610 789
1031 1164
523 794
1000 1063
521 759
1068 1141
850 905
1089 1222
1030 1060
976 1132
708 1046
816 1081
937 958
1015 1236
898 1118
862 1257
956 1233
1229 1235
982 1226
428 622
703 949
732 791
499 940
604 1133
893 932
587 780
518 759
695 1014
1052 1113
922 1017
785 1069
870 1104
592 1257
682 997
539 687
1240 1256
519 1110
1181 1207
939 1154
1094 1106
1198 1226
538 887
497 1014
1060 1129
478 1143
983 1022
526 691
846 1210
900 939
653 919
472 1141
1013 1129
590 1046
1183 1251
572 969
975 1075
809 1225
517 592
874 1040
1219 1240
467 878
581 602
797 944
524 816
887 1037
1036 1128
534 545
1229 1231
894 1173
999 1203
1207 1254
770 1239
1103 1240
930 1241
660 861
848 1171
1125 1238
1099 1260
954 1248
793 1169
1040 1113
883 1193
801 1065
603 962
966 1240
476 578
608 820
546 919
778 1122
763 1082
568 968
707 1107
859 1210
796 1191
1200 1244
976 1143
737 1020
927 1149
1060 1136
485 815
1002 1111
710 1224
931 1197
508 1058
817 1005
583 816
756 1139
683 1206
655 992
887 1127
428 799
1139 1236
566 748
725 952
1257 1258
1229 1238
842 1206
712 930
778 958
490 913
687 930
1083 1162
921 1187
1185 1233
493 686
601 916
457 1154
1086 1148
575 632
835 1149
1097 1178
457 750
573 1259
806 1232
700 910
1196 1210
975 1111
1138 1220
872 1048
866 969
610 681
1175 1260
556 999
945 989
816 1004
852 1078
1165 1177
721 1001
1049 1132
871 875
1047 1129
743 1048
940 1093
908 1007
670 1071
555 572
603 824
999 1151
627 797
625 861
765 1222
536 791
1093 1147
581 774
1129 1225
553 928
979 1253
607 1084
782 1163
1007 1142
843 1178
615 1222
816 1197
1131 1205
816 1143
1015 1122
1019 1102
423 966
668 858
625 650
719 963
484 735
677 1057
938 1043
699 1106
599 1181
873 1115
1061 1149
627 734
1082 1175
1219 1222
550 799
662 1197
1164 1202
695 806
775 798
516 575
916 1123
1189 1258
927 974
430 1255
997 1223
443 932
625 799
485 775
486 730
935 1237
731 1176
1123 1190
1242 1260
618 1085
939 965
1224 1230
982 1184
768 1084
920 1227
545 996
998 999
479 994
930 1084
710 1250
1009 1127
1253 1259
1047 1116
964 1041
948 1234
493 952
463 1037
706 1011
518 947
1181 1245
564 945
908 993
428 907
492 1059
459 1070
955 973
1175 1193
481 992
1149 1236
1154 1228
1050 1158
557 808
631 963
686 977
1258 1259
1082 1137
944 1104
1079 1223
896 1092
1236 1254
879 1071
1025 1180
719 1152
580 666
982 1191
938 1072
546 773
622 1078
1072 1108
715 960
990 1224
841 1136
1213 1220
549 964
566 1207
745 1073
1171 1246
555 1139
574 1177
595 980
677 1194
834 868
1052 1253
702 818
512 817
631 1137
1154 1252
1083 1132
1099 1257
1053 1177
1202 1211
655 874
675 1132
1176 1237
818 870
501 546
981 1131
477 1224
453 787
713 954
851 1140
835 980
1204 1224
477 680
1013 1113
560 734
479 500
988 1192
616 990
978 1156
1077 1126
547 1229
820 1005
1007 1019
653 1247
591 613
605 1226
1073 1137
759 1242
697 945
648 713
483 910
478 871
475 586
617 1231
702 792
1150 1200
607 929
558 1156
824 999
785 855
541 1235
769 1171
1078 1156
602 831
1241 1259
436 646
1065 1139
469 606
429 987
905 1243
1076 1160
655 910
969 1183
1011 1033
875 1120
850 1047
975 1161
699 951
602 623
541 606
589 1068
805 891
741 920
938 1036
768 1043
946 973
753 979
572 991
811 979
839 951
1105 1181
714 1106
965 1144
1235 1240
1254 1257
1112 1191
1068 1241
794 1144
934 1077
505 799
495 1168
819 883
460 802
927 1202
672 1071
1167 1192
598 1232
926 1228
1160 1234
595 912
972 999
1081 1227
1125 1198
903 1028
568 1236
1102 1139
440 623
743 1039
1116 1224
1014 1245
948 1027
992 1065
1084 1158
897 1164
478 584
594 884
896 1053
726 976
575 1010
1135 1140
1008 1210
781 812
441 1087
849 853
965 999
766 1039
774 807
1031 1099
475 1178
1150 1240
666 932
910 1174
708 1147
1182 1232
1160 1206
570 639
459 478
615 1158
865 1075
808 1185
1044 1180
761 860
832 984
594 854
674 798
649 1092
1216 1245
557 839
748 789
785 954
1181 1234
666 974
1048 1255
1239 1255
1202 1255
1248 1260
706 1181
954 1220
1006 1133
625 1019
1130 1170
671 897
558 656
1186 1218
1195 1212
500 1244
1034 1047
585 1252
1179 1233
696 861
1099 1244
705 951
943 1147
1018 1159
633 635
777 814
1102 1170
734 1117
595 866
1222 1237
533 949
477 1227
855 1085
491 699
640 1081
605 1013
460 1036
466 1235
1090 1205
993 1148
940 957
1129 1175
881 999
1091 1153
574 1165
573 831
713 1119
1236 1252
741 1145
550 884
1165 1221
908 1207
570 1247
840 1016
1079 1178
1166 1215
973 1135
855 1092
1189 1247
942 1034
473 747
701 1010
1103 1177
617 962
912 947
804 1206
699 806
1066 1246
654 1038
517 641
507 1022
1162 1190
904 1192
1045 1201
1103 1210
792 923
542 889
879 891
669 773
871 1258
1153 1217
883 906
1227 1232
817 856
835 892
981 1217
614 845
607 621
461 730
1071 1097
682 869
751 1027
805 1045
997 1100
838 844
928 1038
1062 1255
829 1099
582 1004
740 1201
1166 1184
778 964
1064 1098
974 1150
880 1082
1011 1149
479 1191
783 919
723 840
831 1150
872 920
1156 1211
819 938
603 1162
1016 1022
1031 1259
669 1229
1075 1151
586 881
970 1126
582 727
1207 1217
794 1219
1253 1258
568 702
469 838
1023 1152
438 444
1012 1028
603 1202
922 941
840 1176
697 773
565 1095
673 1142
1009 1217
537 1186
944 1007
906 1219
468 788
1181 1226
707 919
730 750
806 948
917 1104
774 1188
786 1189
771 1130
424 681
1078 1208
1017 1037
862 941
1075 1120
959 1156
548 935
582 1250
711 1149
1205 1220
562 879
660 827
1101 1231
987 1238
779 851
990 1098
611 626
993 1012
593 698
616 859
854 1093
682 1072
807 983
623 940
1180 1231
502 827
640 833
1208 1249
1091 1195
1091 1180
571 967
1019 1116
1244 1258
466 978
719 1063
971 1107
862 1143
1174 1207
433 888
543 851
435 914
612 927
430 1244
926 1072
626 662
950 1191
724 895
1006 1214
1029 1118
1119 1152
432 1045
559 878
1069 1103
646 1206
798 977
834 910
645 1133
1076 1112
992 1220
528 943
1159 1184
461 1190
1167 1260
807 850
1010 1126
1121 1130
865 1119
479 1039
468 568
434 684
926 1144
1103 1182
682 1069
886 977
1008 1140
992 1034
701 799
727 1195
842 1048
1154 1207
784 1184
546 915
827 940
881 1224
1101 1125
1191 1219
901 975
554 606
1124 1202
1249 1256
819 853
1127 1130
749 1099
764 1191
726 1211
862 1018
649 1195
973 1232
1006 1257
875 944
727 778
772 973
789 855
573 893
844 1095
1188 1256
765 1216
904 1252
874 943
968 1191
639 831
1123 1186
488 815
1104 1260
1216 1237
1028 1243
1073 1260
855 986
856 1241
924 929
900 939
1193 1260
779 929
521 832
915 1059
597 1188
867 1256
636 990
487 568
528 659
593 753
644 1102
1065 1220
1135 1235
1039 1173
1167 1226
991 1007
1159 1247
883 1102
798 1120
1030 1191
1233 1238
614 719
451 888
1090 1174
463 544
997 1009
1166 1198
580 768
638 998
581 698
895 936
529 867
1256 1259
760 1234
428 461
600 1188
1035 1222
567 689
604 1172
1105 1113
644 721
1242 1256
826 1112
1098 1151
804 1058
687 871
547 712
1076 1173
1257 1258
804 1019
705 898
553 1111
1171 1217
810 1177
836 1095
1230 1234
1212 1256
760 1182
869 900
646 1162
705 1159
963 1097
758 956
521 724
510 1059
1178 1189
531 655
1259 1260
1151 1179
1144 1210
1043 1239
1249 1257
859 1213
433 972
1009 1026
952 1199
1014 1030
726 823
941 1219
761 979
594 1230
1259 1260
650 1225
986 1237
1191 1199
834 1180
605 1081
1031 1057
835 1144
567 1033
503 807
724 1139
521 1064
426 600
916 1035
1150 1156
870 1209
581 977
1184 1220
513 896
1164 1255
526 773
669 749
1144 1147
921 1181
1081 1152
963 1223
1099 1181
542 833
826 880
1111 1255
441 559
520 993
585 637
1153 1183
774 1109
624 713
439 629
1168 1245
591 1230
681 1051
1068 1216
1025 1167
1068 1070
575 849
902 1007
1129 1255
881 1134
653 1223
879 1160
1076 1190
774 839
951 1251
1108 1162
765 983
836 1026
448 528
499 1027
858 1209
594 1090
1091 1245
596 992
1025 1035
1155 1240
696 817
838 864
1066 1196
637 970
985 1149
1069 1239
809 1240
880 1195
1226 1250
1103 1215
1002 1135
1063 1248
802 1088
1171 1238
826 1124
1015 1139
537 644
611 762
859 929
999 1048
723 1139
832 1204
1239 1254
971 1146
1162 1253
420 1046
869 1077
735 1202
1222 1258
1138 1148
431 490
552 948
604 1058
650 1130
864 954
630 967
1026 1155
1011 1224
1141 1208
734 754
729 1017
598 1025
1120 1136
1177 1185
1159 1213
743 894
856 1087
954 1004
609 1040
756 912
984 1102
719 845
589 832
853 1130
498 801
601 691
552 588
784 1164
1259 1260
869 937
973 1166
656 732
799 1146
1097 1225
688 772
746 903
1131 1180
797 820
838 961
651 676
478 875
829 893
613 941
849 1228
670 1034
811 1101
757 1142
1216 1231
902 1253
940 1063
755 1260
887 1071
584 1193
1011 1229
786 814
762 1227
512 812
660 872
1199 1226
795 830
1166 1235
737 1184
1113 1246
1080 1095
522 1184
937 1106
1101 1252
1046 1133
1180 1196
546 616
974 1129
632 895
997 1230
1248 1257
1062 1122
564 922
1246 1249
622 1212
974 1039
708 1231
1076 1221
884 1248
479 1034
552 898
961 1044
536 865
431 1207
1197 1260
765 1196
1135 1236
997 1258
622 820
442 967
970 1255
533 1126
1151 1172
677 781
893 1107
499 954
1233 1253
1162 1251
1061 1115
1009 1231
808 934
788 999
629 1010
941 1162
1183 1218
653 892
507 619
1199 1224
913 1197
1187 1202
1144 1149
673 1236
841 872
1240 1252
491 921
425 658
981 1203
1111 1176
696 1258
531 824
510 972
850 1123
736 1193
1067 1199
1212 1242
1061 1179
624 1244
1200 1209
1187 1240
443 521
688 845
604 854
1254 1257
736 1010
1230 1242
1256 1257
943 1116
535 1246
980 1043
629 984
696 1009
861 871
548 566
1057 1107
742 993
823 1217
1253 1260
964 1215
832 924
956 1217
1232 1245
425 662
956 989
811 1116
807 963
739 1018
1185 1206
763 806
760 907
868 1170
1047 1156
1221 1222
1053 1091
617 1206
1225 1243
1222 1237
522 894
710 723
1000 1245
835 914
832 1211
1194 1244
552 1246
524 699
994 1171
751 1189
707 1234
443 1134
865 1093
927 1226
550 944
640 668
491 684
1002 1228
1165 1203
837 1223
450 968
813 892
601 825
1003 1054
619 1135
541 636
524 825
463 1211
1087 1205
589 1244
1041 1184
1196 1235
896 1238
805 1036
1160 1190
788 1082
960 1117
858 1163
1247 1258
426 435
730 1199
926 1223
997 1104
1040 1196
432 718
1244 1260
1037 1039
525 1258
935 1251
1113 1217
1076 1121
528 1162
661 1066
1195 1248
945 1086
561 1237
709 829
779 1158
1162 1206
648 1194
712 1205
994 1166
869 963
1089 1211
580 671
613 845
471 931
486 845
603 1210
1115 1148
862 901
764 845
444 1171
1123 1220
1140 1151
925 1021
504 858
1185 1214
1022 1203
564 1253
852 1008
879 1167
958 1079
1178 1206
434 528
1112 1141
975 1014
633 933
778 1207
819 893
686 754
865 967
804 928
421 845
711 971
790 925
435 1175
1214 1259
1174 1188
554 967
443 1058
805 860
795 992
736 883
569 888
967 983
459 991
694 821
933 1001
436 1201
713 984
422 935
792 1225
1146 1188
946 1136
1160 1199
483 1132
677 742
819 822
1067 1117
1165 1251
1086 1147
980 1144
811 869
862 904
672 915
797 965
1042 1110
658 934
692 846
1052 1084
641 1121
1172 1198
995 1123
1072 1076
1255 1260
1017 1159
429 1219
995 1045
1096 1106
994 1039
928 942
529 977
577 621
1014 1059
975 1059
672 1020
581 869
570 671
1090 1124
444 608
476 924
1231 1260
1235 1249
1027 1221
874 1132
893 1120
522 1115
581 687
910 1107
1150 1201
1206 1251
1229 1235
775 892
1233 1243
546 786
426 549
540 1075
443 765
1194 1254
1021 1143
794 1046
810 984
973 1000
703 1145
558 860
887 1096
487 680
1166 1219
430 589
948 1074
1185 1221
1152 1156
648 723
1111 1244
855 1178
1192 1198
536 1250
1224 1232
447 831
530 830
999 1132
792 835
1210 1252
698 1040
1150 1248
438 1154
751 1191
482 1202
1252 1256
857 1036
538 546
860 1000
655 812
551 645
669 684
1048 1070
848 1040
1043 1157
593 1016
706 1237
1093 1106
1132 1151
1094 1133
476 836
545 896
989 1080
502 559
490 611
448 850
1196 1238
1081 1132
805 1197
1244 1255
537 745
807 1113
922 983
558 660
890 995
993 1222
643 657
1189 1233
668 1148
997 1203
1210 1250
1047 1177
631 963
996 1057
1191 1244
1105 1202
1171 1254
980 1207
712 835
625 890
1135 1152
477 654
827 978
849 1107
443 1143
996 1259
440 1160
1106 1217
465 1166
458 626
1160 1235
1001 1134
439 1147
481 549
1005 1053
834 929
1148 1241
661 1038
1162 1225
1190 1209
1217 1238
745 1176
460 533
459 1044
798 859
542 1102
774 859
680 1046
633 1130
1043 1087
673 736
978 1223
981 991
993 1140
983 1254
670 813
1114 1166
451 970
509 870
784 957
1009 1147
877 1157
539 797
1171 1187
1120 1196
1089 1205
1212 1248
544 912
1011 1260
707 1145
1255 1260
1202 1227
1031 1079
571 830
1098 1173
1176 1210
1225 1229
671 691
645 702
1098 1200
941 948
644 1221
548 1252
677 682
516 540
710 1099
1201 1243
769 977
600 1206
1022 1077
1199 1224
464 1147
697 881
877 1159
1028 1040
849 1239
649 856
728 741
1020 1240
631 662
923 1210
1097 1205
706 1043
910 916
546 660
822 905
1080 1096
1138 1183
602 623
568 1064
499 1171
1236 1253
1242 1260
593 1236
1139 1235
1094 1150
1060 1165
1162 1230
795 1031
613 760
823 893
1165 1167
1054 1110
927 1220
502 585
914 1233
927 1049
585 989
880 1060
785 1143
1007 1143
1259 1260
783 992
612 1217
776 1260
1077 1178
627 1163
647 900
669 1230
925 1072
485 918
1127 1199
1252 1257
451 1254
588 978
680 837
852 1166
585 1029
900 940
472 1203
648 875
498 765
1097 1138
667 1131
797 1028
635 822
632 935
612 679
1179 1215
807 1065
696 800
1250 1258
1082 1100
862 922
879 909
1079 1188
952 1212
812 872
605 1034
1088 1158
697 1195
909 961
878 1008
686 1260
555 929
722 900
565 1020
453 947
716 1221
566 655
1029 1066
546 873
1079 1210
1131 1246
924 1119
920 1024
1089 1170
462 789
1070 1083
1143 1178
603 656
878 1077
497 1007
1052 1103
723 1252
1196 1211
1171 1182
422 790
808 931
467 1147
440 544
1007 1181
972 1204
548 971
1187 1235
768 1153
882 1008
937 1142
1053 1179
811 941
904 907
1195 1260
1235 1259
917 1152
530 611
855 1106
505 583
879 1053
1176 1188
502 935
523 775
1198 1238
539 583
767 1078
876 1057
713 1136
1012 1108
1198 1227
884 1115
914 1101
1244 1245
679 815
582 931
1164 1181
886 1238
717 1154
1229 1243
642 938
549 647
1242 1249
1206 1218
1184 1209
523 983
772 1199
1208 1215
458 1013
702 768
1058 1199
561 1254
1064 1108
660 777
1209 1236
729 833
1170 1199
617 1241
950 986
616 1072
540 966
986 1114
706 1069
991 1003
1026 1061
952 1068
552 764
1056 1078
1238 1239
565 838
536 1135
1164 1241
457 740
1052 1249
748 813
519 1184
1118 1145
985 1188
696 924
846 1055
971 1106
487 492
1065 1186
1170 1235
1238 1257
1168 1221
889 1043
1125 1175
547 1255
848 1242
679 1012
905 1089
459 983
951 1002
920 1157
1202 1233
508 684
1090 1187
883 1225
1025 1091
786 1088
942 1142
776 1209
423 924
708 1187
1206 1258
937 1060
759 1014
1027 1048
862 883
1258 1260
676 1126
436 853
452 483
1006 1137
765 1166
518 1240
1088 1257
1036 1120
596 924
524 1200
773 864
589 1165
576 620
1168 1232
1115 1230
870 941
898 1260
876 1155
706 781
713 1174
913 1214
771 1087
1041 1042
1126 1169
1089 1229
833 1152
1040 1100
1063 1232
842 1002
897 1213
514 837
814 1189
785 1156
1257 1259
883 899
1223 1238
980 1005
1008 1009
730 1022
549 941
935 989
607 921
439 1172
425 1133
799 1085
1109 1177
1235 1246
738 924
519 589
810 1029
1186 1211
1101 1138
1200 1202
903 1062
964 974
500 1210
763 773
754 781
1201 1238
923 963
559 581
770 831
703 1168
1209 1210
686 951
681 1093
974 993
853 1214
1130 1149
1128 1134
727 1225
858 944
713 1197
529 670
627 725
742 1056
539 1211
1043 1209
1132 1225
702 1098
1133 1144
876 1012
1014 1114
743 938
619 924
616 934
551 985
1186 1251
1181 1246
795 1042
695 1161
621 1118
1109 1169
710 876
555 702
968 1079
1160 1226
834 961
895 1214
1132 1185
728 1031
877 1101
1014 1191
889 1130
848 934
512 1200
441 862
1119 1132
1195 1210
590 610
564 1121
1178 1237
1217 1234
1117 1186
694 1246
812 1015
1028 1198
745 805
591 1140
800 1215
719 1242
1154 1211
687 1094
963 1097
541 600
858 1098
529 1112
1041 1089
1136 1137
1059 1183
441 1065
1033 1091
1133 1166
1141 1175
1041 1247
1094 1239
1235 1255
809 1223
1167 1220
853 1028
790 886
839 1065
581 846
1143 1257
691 1093
704 886
569 656
446 634
1160 1196
968 1255
791 1127
995 1106
686 1016
1073 1133
474 1143
611 1234
542 770
951 1256
1142 1214
596 711
1228 1250
1172 1184
1193 1235
474 875
451 858
1176 1213
1233 1249
1213 1245
609 1246
1205 1243
1115 1220
1176 1224
954 1154
842 889
866 1126
1178 1224
433 1243
929 1217
997 1115
1141 1198
1211 1243
534 643
1136 1162
1232 1242
635 883
1192 1224
746 1120
585 684
1212 1216
1070 1143
553 1110
724 1098
767 1256
1030 1240
507 976
998 1152
935 1140
471 1122
533 628
922 965
782 1006
1109 1133
1000 1208
839 895
719 884
575 859
1049 1106
629 678
688 743
707 1121
815 1090
519 1109
857 1130
1247 1254
485 562
857 1126
853 1244
1250 1254
610 753
433 1202
821 1229
1191 1199
622 670
766 789
686 718
1065 1225
786 1114
611 1156
1080 1089
569 1101
955 1230
535 783
489 874
682 799
902 1249
441 450
665 1059
1158 1247
653 676
1130 1156
1069 1125
1195 1253
778 926
612 863
777 792
427 650
1122 1233
680 1033
953 1238
963 1218
659 1090
730 1175
762 1091
819 969
958 1020
1181 1250
602 801
1025 1214
993 1107
486 628
667 751
491 1225
848 919
441 856
828 971
871 1113
730 1117
1190 1226
551 791
654 1091
425 834
501 958
953 1033
555 868
1007 1238
578 787
443 953
1096 1234
864 1257
992 1042
933 1219
1039 1147
592 878
1047 1086
715 959
1158 1203
1050 1116
1258 1259
918 1234
529 1030
696 795
1242 1258
794 1217
1027 1146
1029 1171
859 1034
450 790
983 1144
850 1187
1212 1216
1086 1192
661 703
823 1064
434 1232
765 791
1231 1241
648 1142
976 1241
1004 1141
882 938
872 1086
1075 1095
678 1192
735 864
679 989
1005 1203
724 751
793 996
433 926
1161 1222
427 754
824 1204
529 1009
935 969
1251 1257
960 1128
728 1192
908 911
871 985
491 865
806 857
1028 1102
424 760
432 782
601 779
940 1005
938 1130
722 915
1007 1195
1015 1102
765 901
581 1080
1009 1019
507 611
472 602
720 868
645 1077
1191 1209
1136 1244
1069 1125
1125 1235
671 1122
949 1198
642 1163
908 931
854 1170
690 1228
790 1015
616 719
1104 1259
961 1203
425 729
1174 1205
1120 1163
1249 1251
1052 1117
433 734
589 1017
646 1182
970 1043
919 1128
774 858
1239 1247
462 1249
754 824
774 1055
1103 1225
808 813
1142 1168
1226 1245
447 983
1177 1208
1009 1094
491 789
900 1131
813 1100
1133 1156
1251 1255
1139 1188
1192 1196
442 1032
960 1079
757 1108
842 1002
855 1212
1025 1236
708 727
751 1246
911 918
503 565
1072 1244
986 1101
759 1154
897 1188
978 1038
831 1202
822 1079
954 1033
889 958
1184 1258
1168 1241
963 1043
861 908
1259 1260
889 1098
461 1181
764 784
1079 1123
691 1138
526 838
947 1231
949 971
1121 1217
1251 1255
440 1151
581 1036
936 1163
599 1023
752 1196
449 1122
1063 1247
885 936
667 787
1256 1260
1004 1176
977 1240
1151 1258
774 1230
1030 1035
803 940
880 1086
577 800
1259 1260
958 1210
837 1050
902 938
510 579
946 1199
1184 1241
526 929
701 1056
454 1178
1040 1110
751 753
727 1016
1034 1053
1178 1228
495 1115
707 1217
869 1084
825 1063
791 1202
1195 1213
1101 1174
1240 1246
717 1084
1137 1194
1074 1246
1025 1097
483 1202
538 987
609 754
1249 1256
864 1031
797 896
557 1091
639 842
1167 1249
546 1143
1129 1197
438 1204
901 1240
1109 1153
915 1060
1227 1254
458 740
666 877
1045 1108
429 665
461 625
498 699
951 1151
552 1138
945 1175
972 1253
455 569
912 1160
908 1111
1024 1091
838 944
809 888
474 982
1187 1227
1098 1211
1059 1102
454 776
919 1065
1179 1245
796 1083
543 1137
435 614
681 1065
907 995
1175 1258
1058 1108
813 821
913 1194
1155 1245
545 1081
796 1104
992 1104
1094 1137
1147 1256
544 790
517 979
736 876
1118 1250
997 1065
610 718
945 1094
684 1152
981 1115
506 538
708 1257
549 798
983 1026
679 1101
693 1230
832 1154
759 1100
567 1030
869 1038
1249 1250
572 1061
733 1241
1180 1249
807 1121
591 726
650 753
854 1206
1125 1252
420 1199
1247 1258
618 851
576 713
1222 1229
778 1176
657 857
864 905
778 1186
565 622
1169 1258
435 629
565 581
456 1039
615 1091
991 1231
1133 1157
530 671
434 624
1221 1248
486 987
521 693
966 972
828 883
937 993
554 1097
637 1233
1081 1235
947 1127
429 598
673 705
446 743
1117 1257
642 972
637 1222
1169 1216
1246 1260
600 938
1159 1251
718 924
933 969
818 1229
992 1069
862 1247
492 926
1227 1244
578 1002
1034 1254
838 1051
886 933
456 751
622 713
810 1048
1106 1114
624 749
779 1048
438 1224
1075 1187
1011 1084
681 1026
1065 1090
440 527
879 1236
997 1111
766 1123
953 1093
909 1061
571 630
997 1222
946 1202
913 914
1106 1184
781 1204
1032 1215
663 836
1096 1213
657 1068
816 1255
1237 1248
863 1018
777 932
994 1095
648 988
679 1035
1223 1240
910 1199
519 889
719 889
1212 1252
1016 1105
848 1155
1034 1119
1059 1248
817 911
967 1071
633 1226
840 1063
497 506
547 1199
544 839
646 750
858 1149
1141 1246
724 1154
881 1256
1049 1140
509 529
1037 1112
1132 1227
899 994
901 951
987 1039
1044 1106
977 1039
962 998
977 1163
815 831
1089 1193
518 889
619 1179
776 883
1129 1229
972 999
1142 1178
775 1244
447 456
1129 1195
1128 1150
490 1102
1183 1229
1009 1200
753 1180
621 764
841 929
902 1212
792 1112
1216 1248
1061 1161
1048 1175
1089 1095
1212 1215
1060 1124
859 1080
997 1047
1235 1255
808 1243
1063 1128
1168 1258
540 1064
633 1232
898 1201
775 1126
730 789
1143 1231
1207 1212
1008 1116
473 493
546 818
859 1019
732 759
961 976
841 991
714 965
1184 1204
443 719
1132 1198
1033 1169
1224 1240
650 1103
999 1174
567 714
1154 1202
888 1106
796 1052
562 830
805 806
1050 1167
1227 1241
1136 1194
598 1258
540 951
541 697
567 1018
696 939
564 703
631 790
1214 1244
968 994
1241 1253
430 710
921 1219
1065 1216
868 1067
726 987
625 849
656 755
810 1024
648 836
571 665
718 752
807 1180
844 848
1023 1078
702 739
1181 1194
1209 1259
782 944
1020 1108
623 680
880 1084
436 898
1219 1255
902 991
1257 1258
1233 1239
983 1102
823 1217
834 1051
658 1010
616 1220
1112 1121
1055 1121
574 994
1002 1087
1080 1102
862 955
906 1180
1152 1241
423 553
583 1152
823 1192
967 1157
494 751
950 1071
461 638
913 971
831 986
1135 1149
662 1044
924 1019
962 995
1164 1230
1068 1152
798 898
853 930
676 971
1162 1192
952 1142
690 863
766 929
1056 1111
999 1089
676 680
604 780
1227 1248
1015 1135
1119 1151
552 796
512 743
803 1132
989 1239
1070 1127
647 778
1016 1036
722 926
692 1225
832 1018
480 613
712 1201
462 793
1129 1169
1201 1205
1177 1194
1143 1219
893 972
718 825
893 1057
980 1145
958 1084
623 984
564 941
1028 1115
782 885
820 1030
822 1209
599 764
649 661
681 998
942 1063
818 1008
613 710
1219 1257
1180 1225
667 976
492 910
1199 1200
427 740
617 1169
518 1107
834 989
1190 1223
1125 1167
1082 1247
650 997
1081 1138
776 852
721 728
967 1159
490 647
875 1091
1086 1241
457 530
784 1073
611 855
666 799
447 1190
731 792
1167 1253
1212 1256
1158 1191
688 1224
1018 1235
1054 1215
596 1111
980 1197
725 1199
798 842
1218 1220
1051 1248
1068 1158
542 1071
1072 1212
1108 1192
1066 1138
1140 1234
1021 1207
1058 1064
725 967
804 872
999 1235
524 1126
1101 1199
982 1222
589 895
976 1006
957 1070
1125 1243
900 1220
1247 1254
844 1170
965 1174
1068 1096
841 981
1191 1260
1013 1030
435 1021
1220 1258
1104 1177
490 675
1158 1227
1069 1216
569 1222
1141 1207
557 1204
1145 1256
1253 1255
633 1080
449 824
661 663
447 489
1143 1241
522 1206
969 1258
517 833
598 994
497 543
477 1043
525 610
463 769
680 1199
515 565
868 913
1214 1245
422 706
525 1238
785 911
861 946
742 1061
661 1213
732 1060
1032 1213
933 1236
766 960
1043 1100
522 1023
602 818
736 1006
1211 1232
1233 1243
939 1243
543 1037
1188 1207
783 981
1157 1183
703 869
602 1196
1050 1206
934 1015
619 1106
960 989
1168 1244
823 911
1137 1170
878 1164
1123 1133
652 748
955 997
774 776
492 681
495 868
871 930
1049 1138
583 953
568 733
1252 1256
1141 1189
682 1156
453 716
641 774
831 947
826 1141
1177 1254
1103 1123
1168 1180
1208 1213
1057 1111
626 1053
802 1031
665 971
885 1013
568 680
1036 1078
482 1218
604 666
706 1023
1113 1194
454 597
490 621
1195 1249
490 698
496 1164
1226 1255
906 1172
586 1186
759 1182
623 1041
818 861
1129 1219
1258 1259
475 858
930 1192
1236 1258
848 1254
771 822
1063 1255
655 665
826 1123
592 789
586 1182
1194 1246
1156 1159
1244 1259
539 1151
1116 1136
514 909
727 884
784 1210
803 1132
446 619
1258 1259
1257 1260
484 975
869 933
1084 1117
912 1147
1082 1112
847 861
802 1061
874 1045
1055 1127
1217 1259
968 1095
1014 1197
626 1165
1159 1221
774 1035
774 1159
998 1167
947 951
991 1138
1229 1238
1104 1258
983 1224
950 1198
451 805
1136 1170
692 1237
967 1092
792 1011
1083 1235
1185 1250
889 1091
939 1199
1181 1237
614 907
789 817
548 685
600 986
1123 1196
963 1041
1118 1260
470 923
742 1258
496 674
1169 1221
988 1031
950 1015
814 1260
1241 1258
1022 1181
1124 1134
618 1055
587 758
671 715
832 1158
926 1189
632 1093
896 921
1250 1251
811 1146
838 893
561 1119
624 780
1039 1258
918 1191
805 1228
478 1210
702 922
1061 1141
543 967
644 1231
980 1178
1136 1177
1108 1123
1186 1259
551 853
885 1105
505 719
1011 1034
960 1071
528 964
652 931
1035 1219
702 868
920 1134
689 734
1142 1184
998 1182
859 925
1223 1228
446 566
1029 1046
1008 1152
967 1230
606 742
826 868
759 924
504 785
1073 1177
1062 1174
713 774
706 834
1068 1253
1055 1228
1082 1170
606 777
1144 1167
1071 1121
692 950
768 1002
737 914
734 975
1002 1096
837 1249
667 958
1100 1213
1175 1204
1197 1229
1125 1242
858 1027
624 1158
479 720
431 463
726 958
517 1200
665 1123
1148 1209
1072 1089
1229 1238
1072 1118
483 761
605 1190
955 1032
1078 1221
461 532
686 854
519 1052
1124 1153
574 1254
711 879
1151 1203
690 1094
976 1225
852 1218
686 830
934 1120
1066 1201
424 932
1136 1229
1156 1185
597 1248
494 506
1119 1149
812 976
1001 1009
961 1191
636 954
760 856
565 944
915 979
1055 1202
712 716
1233 1244
1065 1069
665 1211
548 716
1003 1051
684 1020
621 1120
480 715
868 949
1046 1124
783 1057
725 971
776 1252
1187 1193
1073 1148
1100 1199
611 759
1022 1059
530 910
829 873
504 583
841 962
600 1224
1007 1067
882 944
872 1087
590 760
1111 1257
937 1141
1036 1116
1010 1198
707 1236
1154 1250
977 1237
511 706
505 873
459 901
462 502
856 989
875 956
1027 1249
790 1020
1138 1242
1234 1248
1100 1174
527 996
926 969
1239 1244
523 1167
1237 1247
884 977
1207 1220
619 838
820 1038
989 1078
1079 1152
1020 1087
970 1233
450 928
991 1068
1021 1059
941 993
1140 1156
962 1136
1187 1206
818 1180
963 992
896 929
1163 1223
968 997
722 795
592 631
736 1082
451 770
1095 1249
886 1165
698 706
548 1166
965 987
1024 1150
909 1101
1025 1136
1139 1180
720 1026
1228 1249
723 1093
834 1257
783 1216
661 1152
1218 1257
523 841
560 796
734 1136
902 920
674 895
807 1068
478 1158
952 1186
844 1076
838 881
769 857
1046 1235
558 1156
914 1235
569 620
1153 1247
638 958
1117 1169
1167 1178
1192 1194
752 812
863 875
1095 1183
792 1215
461 816
1024 1043
756 1216
982 1063
871 1212
1205 1207
836 1188
1139 1155
833 958
966 967
954 1091
1119 1164
509 685
932 1012
1102 1219
842 1181
1185 1254
594 917
669 1227
691 1191
922 1182
547 1191
1005 1214
1031 1187
687 899
614 936
1145 1203
490 1170
1147 1172
647 1105
676 941
978 1072
1145 1220
1063 1123
558 883
822 833
914 1165
1157 1194
770 933
1124 1197
619 1137
859 916
1186 1221
921 1137
634 974
992 1007
1153 1197
961 987
656 726
998 1241
1206 1234
1160 1217
768 984
1152 1207
746 969
825 921
1135 1167
566 1032
433 754
635 636
713 1064
1194 1233
651 1044
1148 1160
790 1138
1259 1260
909 995
614 669
1210 1233
1215 1229
883 1242
490 1213
421 834
1225 1228
913 1091
939 1147
533 1218
1248 1251
841 1185
712 1141
614 1035
632 1100
1106 1156
905 1152
993 1124
1049 1237
998 1176
604 1165
475 909
1023 1040
1068 1098
1071 1147
605 1084
778 1237
599 717
958 1235
1132 1156
1071 1116
710 825
1085 1105
1015 1248
990 1240
1157 1176
597 940
992 1253
866 1127
1178 1229
757 870
1206 1244
664 729
841 1233
441 558
983 1231
1175 1256
869 1071
1003 1246
1002 1231
1039 1067
622 690
726 1233
1220 1222
1253 1260
1080 1165
1145 1255
570 711
499 1155
1190 1245
1003 1052
596 676
774 925
833 851
1097 1125
934 972
1151 1205
672 1219
444 732
565 1162
1033 1143
849 902
674 1070
441 1108
862 863
1001 1155
823 1025
1230 1243
605 984
815 1103
1118 1197
642 1052
495 892
1084 1112
606 706
783 1091
590 1093
1138 1200
817 1094
553 635
571 658
427 691
1139 1196
887 1253
941 1186
899 1062
1192 1235
1255 1258
663 856
630 1051
1153 1175
965 1126
641 679
621 866
1060 1067
451 1214
957 1002
1207 1249
1113 1219
843 919
897 1113
753 1103
511 559
454 881
1032 1131
643 1244
612 882
1258 1259
993 1075
660 848
654 845
609 982
720 779
670 1126
1025 1145
971 1062
421 927
746 929
665 888
1088 1195
1204 1236
657 1050
865 1124
1179 1242
708 852
1134 1212
423 650
628 908
441 862
1176 1246
751 1033
838 1059
1207 1210
900 1185
938 1187
946 1071
1121 1176
1206 1229
912 1238
1025 1088
540 942
496 532
814 1086
1052 1206
666 865
607 919
729 1210
622 1108
945 955
527 619
1194 1230
624 1172
475 769
1255 1256
586 646
989 1120
426 1099
1093 1250
1243 1253
490 681
646 1060
879 1042
962 1228
1211 1226
957 1054
1235 1236
468 1101
1135 1256
980 1074
894 1075
488 957
970 1207
1036 1188
869 981
494 795
1087 1091
558 1191
775 1089
589 946
458 816
731 984
1117 1128
869 1069
679 802
1045 1174
735 1151
1057 1221
530 608
1085 1239
922 951
575 935
434 1226
914 931
531 681
617 1016
611 1218
815 1005
1069 1172
1201 1209
827 935
724 1085
794 988
1016 1030
1015 1207
658 726
878 1213
836 1102
651 985
735 970
1132 1256
1094 1220
831 898
840 1082
705 831
1250 1251
754 1149
1084 1112
1213 1231
565 791
551 1186
593 1136
784 938
905 1092
697 1203
1132 1208
781 797
739 916
645 794
1242 1256
1159 1214
775 1101
452 1081
934 1000
1062 1121
541 1192
570 968
1190 1248
1016 1034
1254 1256
1116 1133
615 713
1090 1245
1151 1209
625 901
728 809
955 1201
620 656
1135 1165
650 827
703 1146
1201 1206
905 938
1001 1166
445 893
760 841
863 1150
654 1058
1181 1194
633 1198
1129 1181
1179 1204
887 1023
434 1247
497 1007
855 1103
685 1062
487 594
602 1081
801 862
969 1057
629 874
683 879
1137 1184
995 1074
1210 1224
507 993
731 992
459 546
795 1204
781 929
910 1015
640 1024
1106 1139
1025 1128
985 1157
628 1098
589 864
495 654
872 1174
909 920
727 1008
825 1067
927 1143
785 1236
1146 1200
689 1207
480 1065
688 796
679 962
1017 1186
455 528
939 1035
803 1143
1218 1242
646 1096
928 955
601 962
1195 1243
1031 1236
914 990
506 1234
839 1133
616 1038
797 951
935 1149
621 776
556 1126
994 1087
686 1090
759 850
489 528
518 1198
453 699
807 820
796 1116
1238 1242
916 1044
525 745
646 1089
1082 1088
443 598
786 832
786 847
774 804
672 1184
776 1129
610 1184
760 843
610 1100
807 858
455 776
521 860
1172 1244
632 1170
729 846
646 670
671 895
1210 1249
971 1194
1252 1259
577 1253
792 959
928 939
443 1031
495 679
1110 1219
654 1120
743 851
586 1040
1000 1209
747 1219
547 1166
1035 1121
1068 1102
692 869
796 1200
613 927
1046 1231
467 671
650 695
440 517
838 1128
582 799
481 798
892 1109
548 956
902 1234
749 1020
1069 1101
1100 1212
575 667
999 1120
922 1256
568 616
1012 1044
442 965
1081 1179
581 941
846 948
882 1040
757 942
714 1069
594 1074
907 961
484 806
427 791
941 1256
462 735
936 1210
603 1231
978 1142
1058 1099
756 1090
894 1174
927 983
663 1142
1179 1204
755 1201
1089 1100
851 1028
619 845
672 1036
1240 1257
1258 1259
705 1037
970 1085
519 713
978 1227
909 1254
1183 1255
1164 1191
873 973
691 941
440 644
861 996
645 1045
681 886
601 790
1145 1241
634 1027
710 925
963 1097
943 956
1128 1214
1202 1242
594 650
1016 1211
1218 1228
527 828
577 1078
961 1229
1153 1170
716 1048
480 801
1017 1065
1064 1217
1218 1255
804 897
865 958
904 1085
491 733
1168 1223
890 1076
647 1060
1244 1246
1210 1228
930 982
798 981
1042 1140
850 974
841 971
689 1128
598 895
1106 1217
699 1016
792 1124
426 770
1209 1213
1239 1242
1169 1238
703 1195
1236 1237
562 825
724 919
1132 1231
545 924
1178 1245
445 571
508 860
1134 1177
996 1218
1235 1246
902 1188
614 1039
973 1115
617 990
956 1066
698 1256
688 862
1030 1100
502 995
929 1255
1223 1242
1016 1030
629 991
451 478
1053 1225
983 1134
1024 1248
1014 1085
1243 1260
836 1170
457 1235
871 1182
1139 1236
552 886
976 1250
987 1121
800 1011
839 1029
842 1231
1146 1260
460 892
588 754
1141 1152
586 993
1162 1233
729 844
1175 1260
1150 1173
885 943
1182 1204
1088 1206
1071 1128
969 985
433 494
1132 1226
1146 1236
817 1124
513 529
901 1165
1195 1244
1205 1244
935 986
438 807
789 832
459 644
679 927
622 1053
542 752
1227 1243
1183 1197
571 999
1170 1248
1234 1257
1108 1233
480 734
1023 1231
719 859
857 1198
936 1212
895 1235
766 890
854 1153
857 1035
1216 1229
702 1082
1217 1241
990 1095
567 991
729 918
1119 1180
1170 1190
741 926
767 886
706 877
900 1145
650 1014
895 937
795 1033
1224 1250
724 1130
1051 1160
660 1136
879 949
462 972
768 991
551 850
425 851
952 970
857 925
889 1026
458 1037
974 999
748 1130
782 1202
434 1122
421 422
626 1041
1156 1186
1174 1258
882 909
879 1010
666 989
1187 1250
969 1086
793 1221
1053 1259
1226 1229
1078 1199
616 950
1157 1217
562 673
908 1180
1250 1251
609 647
1218 1221
829 1149
438 543
1257 1260
502 956
1006 1100
463 1147
1186 1205
665 900
892 1215
1222 1229
572 679
877 1182
853 1211
1018 1253
857 1039
518 824
451 1195
551 1140
1252 1253
1253 1260
792 1236
1189 1191
1170 1232
589 856
620 682
712 1175
629 1238
483 988
648 1090
1246 1247
1103 1170
917 1150
851 1109
684 1176
729 814
515 826
1124 1185
585 1025
769 1180
1093 1094
733 973
1181 1224
675 1041
617 802
566 749
839 892
776 1255
1042 1170
1105 1191
838 1125
1165 1256
513 869
572 1067
1183 1241
1131 1198
936 1046
1218 1243
584 961
971 1101
686 1020
857 1094
426 617
1158 1202
545 812
1070 1120
1104 1171
885 1015
921 1205
711 1008
1186 1249
1120 1206
1109 1139
1189 1224
431 792
457 1059
611 1213
838 841
487 787
543 1086
661 1257
1071 1143
567 1203
788 1130
1092 1258
1201 1255
945 1120
477 1001
1034 1071
453 906
467 1052
618 918
1218 1226
509 564
721 1259
1243 1249
430 917
732 1104
862 895
925 985
804 893
863 1056
590 601
1163 1208
786 1131
949 1150
951 973
683 796
454 1153
1029 1109
562 888
943 1052
792 1163
1250 1251
1218 1255
470 847
492 522
985 1136
851 1052
845 1191
1153 1230
837 1193
704 809
520 1006
683 715
1246 1260
580 854
794 827
994 1133
546 705
741 905
1208 1216
523 1163
483 1241
457 1052
440 907
733 905
1201 1244
1171 1257
1111 1248
587 990
905 1000
806 1070
684 1074
459 641
588 762
924 1157
1010 1110
534 1185
1029 1084
564 1058
783 1141
593 831
698 816
822 1136
554 1096
1036 1058
849 1218
555 1123
959 1014
1150 1168
953 1186
428 830
681 913
937 1260
879 1246
528 1119
632 644
751 924
1114 1126
944 1025
739 898
1252 1257
674 799
945 1147
591 1254
1165 1238
605 897
1096 1210
445 918
648 1182
891 1202
921 1229
528 562
698 909
886 1141
1212 1245
684 1243
499 1217
1081 1122
803 832
859 951
458 1162
1101 1174
768 780
1067 1083
1051 1134
475 1017
976 1097
1170 1248
447 807
1211 1250
1220 1245
815 1238
440 592
905 1256
452 715
957 1078
570 963
569 687
867 1122
912 1041
1234 1252
658 1066
684 866
1078 1225
1167 1186
793 1032
577 939
1176 1224
995 1230
451 812
668 1176
628 641
749 1023
432 464
915 1006
1205 1247
1224 1225
1181 1215
559 839
961 1062
969 1012
717 1096
527 1019
531 901
1150 1251
1183 1215
1200 1214
470 998
709 908
676 1064
760 862
805 953
838 861
1121 1161
1026 1048
708 761
1024 1140
968 1084
875 1210
1045 1175
476 743
738 1218
511 1153
1061 1206
559 739
821 1102
733 874
487 894
1067 1068
639 659
511 861
871 975
444 1123
819 1125
795 807
918 1213
443 968
909 1089
963 965
1017 1124
1060 1213
697 1178
605 1258
1116 1178
1209 1252
1252 1254
648 1182
710 1028
759 1215
1038 1192
551 721
916 1007
938 1050
602 1002
456 773
1050 1224
1224 1231
1206 1217
730 1056
603 1011
468 736
1063 1206
854 1225
521 901
530 638
983 1245
1015 1145
1118 1214
510 729
593 1178
1129 1180
673 997
1048 1230
907 924
1245 1255
1201 1206
1052 1190
631 697
1250 1258
1121 1142
663 914
1094 1109
1249 1254
445 1215
439 877
488 734
663 762
776 1085
763 897
1033 1161
1130 1164
1222 1237
661 763
1137 1246
1118 1212
687 1138
716 728
1180 1205
1222 1240
485 651
1244 1248
1097 1225
827 911
1200 1235
629 1030
1200 1247
1027 1066
1002 1108
1042 1083
1106 1202
920 1015
1215 1238
440 1143
435 943
841 884
758 902
626 1186
1203 1226
790 898
1086 1210
1109 1133
794 1258
816 1092
612 1043
671 1064
1045 1194
856 1049
904 1109
742 1127
869 944
1181 1250
631 923
1215 1216
492 834
876 891
457 555
1190 1259
588 738
843 849
797 1050
826 985
902 1180
994 1135
773 1110
1143 1212
497 565
1219 1239
567 770
710 988
665 941
558 914
1063 1145
1019 1161
1004 1115
1126 1169
1167 1222
797 1192
759 979
1011 1041
1014 1180
542 870
560 863
576 1199
933 1173
507 1219
1127 1233
890 993
635 780
678 1061
488 750
576 1184
931 962
1057 1229
930 1107
451 567
622 953
1119 1229
1102 1169
1256 1259
589 744
1104 1194
808 921
1226 1253
711 817
1135 1139
1200 1252
628 940
891 1084
1130 1134
1125 1185
665 1228
1125 1217
1203 1246
924 991
716 1112
1174 1256
935 992
919 941
687 688
1196 1197
960 1057
559 907
1185 1250
849 1119
941 1108
705 856
579 672
590 1005
1002 1260
481 736
466 957
547 826
475 886
439 1081
888 891
667 918
1113 1225
1088 1125
1220 1243
1071 1204
907 1259
696 1125
570 1190
706 1003
519 668
917 1012
1113 1207
761 809
1014 1090
1008 1038
1226 1241
464 1110
624 660
930 1108
539 1040
528 774
1062 1172
613 1223
906 1121
482 1108
661 698
431 725
748 1149
588 1022
543 838
1130 1212
1013 1084
871 1013
500 1090
857 971
528 1068
486 1114
1120 1188
830 1148
1087 1165
827 1012
1082 1098
938 1073
642 939
761 805
854 964
596 871
945 1079
604 852
439 515
509 741
761 1209
1032 1228
877 912
1228 1236
926 1163
481 1121
621 840
826 838
1112 1236
1245 1249
1195 1235
1100 1245
997 1037
967 1139
960 1108
939 1059
1037 1131
1209 1224
481 858
1095 1197
856 1091
961 996
425 1192
983 1244
453 817
737 1054
600 727
536 582
818 872
1089 1257
1224 1227
1100 1154
729 925
659 981
1151 1217
426 820
1147 1249
755 990
1077 1155
784 812
575 1000
1248 1259
686 894
1099 1179
526 569
592 823
862 1183
439 1150
571 670
1138 1139
624 1079
1118 1173
478 969
894 1113
896 939
762 1181
459 619
472 906
511 779
1053 1193
940 1126
1227 1240
570 1151
1219 1244
720 891
1242 1243
907 1164
423 503
787 1179
573 871
1096 1118
598 1110
867 1070
1206 1243
1112 1170
930 1174
1214 1254
1035 1224
908 937
1214 1227
897 959
445 1061
868 1259
499 1147
457 1102
710 908
734 1156
950 1106
424 1076
1016 1112
1072 1195
934 1079
715 832
723 1117
781 1135
843 1090
999 1097
824 974
1231 1243
1138 1226
1234 1256
1118 1131
1038 1121
718 1158
943 1082
439 1088
687 1169
1152 1173
988 1136
651 782
1018 1242
1204 1247
779 940
789 1152
757 820
628 737
955 1138
430 1004
1155 1225
875 1229
818 1182
697 1191
500 909
559 788
560 936
1014 1079
528 869
1043 1125
1169 1179
841 1170
749 1036
1103 1207
420 431
836 1109
1223 1229
920 1130
853 901
1252 1260
507 1235
771 910
986 1021
445 785
637 648
902 1257
527 633
676 811
1223 1243
663 679
542 1147
1101 1126
1055 1222
761 1209
572 1128
907 949
544 548
874 937
1186 1246
909 960
1207 1228
1177 1182
1104 1258
822 958
560 714
428 999
452 1158
1225 1252
606 1156
685 1043
761 1187
476 1226
940 1182
696 1108
804 999
1236 1251
965 1052
1100 1136
555 878
765 817
535 1075
436 967
898 1100
559 690
948 1199
971 1046
916 1095
514 1011
1183 1212
438 848
643 1190
1169 1197
951 1208
626 752
1097 1223
1135 1239
1062 1094
869 1173
660 803
1009 1183
1119 1212
744 1162
1082 1217
1149 1169
491 1018
426 892
1125 1127
1043 1235
865 969
1119 1233
1089 1255
1168 1180
894 1145
486 894
861 952
623 760
1230 1259
828 914
712 1167
1167 1180
447 968
1143 1154
957 1068
564 1065
561 1012
1199 1219
934 1169
606 609
442 664
502 522
1014 1182
981 1210
691 1152
1186 1218
475 848
975 1087
815 1260
825 1222
848 1195
1060 1256
843 948
650 939
685 902
577 916
1137 1232
1137 1202
1188 1204
475 991
696 1255
1014 1051
921 995
570 870
900 1039
1213 1227
783 1193
1230 1260
463 871
556 999
607 719
651 1147
1253 1255
798 1131
701 1048
524 722
812 953
1237 1248
1152 1221
774 921
689 965
1156 1183
989 1157
749 1191
1083 1123
806 989
859 1015
671 1226
670 1205
1255 1259
996 1249
984 1054
1095 1159
1033 1174
628 940
497 674
689 923
1228 1251
494 1165
598 1215
649 1175
675 1112
1177 1187
451 460
1236 1250
1115 1260
931 1253
481 771
903 1051
708 1051
791 970
605 760
929 1167
927 1110
823 949
650 953
1024 1047
871 1179
751 1066
1247 1250
998 1165
787 940
1103 1124
980 1130
491 1232
659 904
430 1160
561 946
1166 1182
715 1130
535 1117
894 1130
673 1192
602 1163
667 679
811 1111
482 996
443 722
1034 1169
520 958
654 666
567 688
1052 1164
441 654
1117 1124
767 1260
1023 1222
776 1036
1174 1204
1076 1109
565 1009
1205 1255
452 1220
1019 1220
803 866
722 1098
794 872
521 694
882 1256
574 805
559 1190
1210 1223
1168 1194
522 1089
960 1109
617 1154
910 922
915 939
718 745
661 1111
473 1106
659 944
1001 1038
569 779
457 571
766 1026
735 1015
1182 1253
429 1037
848 1013
491 1179
1230 1245
1168 1223
1183 1218
1160 1188
861 920
740 796
739 1137
508 1221
443 880
696 1125
1162 1201
1158 1254
860 1175
761 1090
845 1050
802 930
915 1177
1079 1124
453 601
830 1207
835 969
451 959
1088 1118
931 952
883 1035
1021 1060
925 1074
705 1208
685 1064
542 622
757 790
724 1253
977 1011
747 1251
889 1173
666 888
1165 1208
648 1144
677 691
622 745
580 917
449 626
796 1044
884 1014
1000 1155
1035 1089
1061 1202
663 820
587 743
989 1227
987 1166
1168 1228
633 916
784 1078
1093 1221
568 961
1131 1178
470 680
1109 1235
1079 1212
541 1087
542 633
1195 1200
886 1231
1065 1129
646 1007
882 1251
587 930
657 759
698 891
835 1258
1051 1082
1160 1205
429 989
438 1102
682 757
1162 1195
750 883
959 1198
1177 1227
799 833
751 1208
1124 1176
1232 1259
816 935
942 967
1180 1258
1162 1168
1133 1214
725 852
991 1019
1144 1168
772 1075
517 1026
943 1085
1092 1185
1136 1211
992 1203
643 841
1026 1057
908 1033
989 1016
745 1066
1123 1172
1208 1216
1129 1154
591 1050
675 801
1036 1079
1259 1260
472 1117
1091 1240
716 990
1053 1065
1183 1230
729 1194
1168 1239
1072 1118
1028 1254
563 1030
524 718
456 649
448 1011
465 677
661 1052
738 983
727 1137
612 1171
841 973
816 1199
771 1053
1231 1234
896 998
921 1233
662 1074
1130 1220
805 887
1045 1208
470 767
737 1162
738 936
1234 1235
482 649
1130 1150
1018 1187
611 675
1216 1253
741 1238
1052 1228
915 1222
1157 1185
744 756
1139 1165
787 959
735 986
541 667
1147 1243
1089 1222
828 892
1092 1093
430 1189
951 1020
946 1026
767 914
834 989
930 1019
1201 1213
655 852
730 955
1180 1207
857 1006
760 1108
886 1258
475 1040
840 942
752 983
610 831
981 1140
827 1003
1113 1168
423 674
565 805
1118 1221
883 1061
1030 1131
820 1036
793 907
809 1015
959 1048
732 786
973 1129
1160 1258
884 1100
926 1180
882 1151
681 836
1210 1246
1197 1213
764 1229
740 873
1194 1254
659 751
822 1143
621 951
793 821
788 905
752 1042
1008 1221
698 850
977 1151
1235 1257
922 1249
1069 1181
1086 1216
723 1105
557 947
874 932
643 827
1243 1256
463 747
838 1050
638 1057
1131 1141
540 1145
834 871
619 830
728 878
1051 1227
912 1177
972 1107
987 1166
661 1128
1026 1080
495 936
726 1152
815 1250
1212 1244
1143 1188
1169 1216
491 1226
442 925
1022 1253
684 1121
1079 1097
727 946
890 1128
971 1221
947 1250
773 1030
943 1237
1118 1227
910 943
1001 1075
918 1209
467 1067
1225 1249
474 720
492 980
640 847
444 865
1080 1115
1215 1238
752 815
975 1257
515 819
924 1034
1014 1153
752 888
487 1051
691 1188
752 944
562 609
1119 1216
694 1008
1020 1142
420 486
857 917
1183 1225
1098 1179
566 1027
1168 1258
906 1055
815 885
570 1215
886 1209
826 979
422 769
736 879
1078 1188
909 1158
752 987
876 1031
1103 1207
881 1090
907 1182
1107 1185
581 1070
1211 1218
734 1078
973 1163
427 787
894 938
591 1171
496 652
680 1225
1071 1234
1075 1223
570 761
727 807
714 1094
1072 1153
955 1067
582 770
454 1104
772 862
1026 1158
617 715
947 994
876 1232
619 1003
1165 1259
1205 1239
612 1118
863 1248
815 968
1005 1247
519 767
879 951
578 597
647 690
742 1217
1054 1245
669 753
494 993
1016 1238
444 457
1105 1188
444 838
1258 1260
1068 1199
1007 1252
759 965
775 1197
1207 1257
573 576
451 503
945 1051
1078 1090
984 1254
951 1009
941 1113
507 1043
1098 1100
1177 1229
1211 1221
774 853
968 1081
1052 1113
608 1102
702 1199
1107 1202
439 593
449 959
501 1165
728 856
481 653
935 1084
1075 1083
1110 1243
552 1078
1194 1241
1196 1242
936 1250
500 764
762 1111
797 1060
1235 1237
669 930
985 1079
450 549
1123 1253
1032 1201
867 1130
691 1069
1088 1174
457 567
495 637
757 995
934 1157
1135 1152
857 943
479 872
1210 1238
625 1087
935 1179
422 552
566 828
1238 1257
1099 1101
768 847
943 1181
1001 1140
809 1064
614 782
1171 1200
481 1199
466 1159
555 885
623 771
1223 1243
641 1182
480 535
625 976
601 967
985 1044
943 1065
1041 1108
421 621
1221 1224
1148 1202
747 895
1124 1186
740 1239
993 1083
637 942
1056 1082
667 1017
611 1116
1057 1131
739 1260
1234 1247
899 1057
1104 1224
570 1023
636 1247
972 1219
619 1035
1031 1101
540 897
1221 1227
1162 1213
597 1061
1246 1249
1049 1095
567 954
1017 1049
1146 1154
463 1033
1211 1233
1088 1145
566 947
980 1024
633 1148
1222 1224
735 1232
592 758
1259 1260
865 1073
539 879
835 913
1054 1119
854 866
420 1200
1177 1223
714 739
1195 1209
1085 1222
590 732
464 598
1058 1139
980 1241
944 1189
669 774
426 732
584 979
1084 1120
615 776
680 858
1106 1246
787 1032
1025 1032
972 1015
718 955
490 898
1196 1239
586 621
1225 1257
1180 1258
479 747
726 1212
592 1174
423 900
988 1242
1220 1245
630 1138
962 1173
695 1061
1023 1075
956 984
1246 1260
904 1099
935 939
527 1033
1147 1177
872 977
523 931
1221 1228
719 1059
587 1048
665 900
1012 1071
758 972
1148 1165
721 755
1009 1165
748 1176
1225 1258
1057 1138
558 810
992 1177
970 1235
1115 1144
1045 1102
1186 1242
1062 1213
516 1128
864 1115
1195 1223
1040 1250
902 1118
634 793
915 1092
703 1005
717 869
1100 1193
482 1084
1138 1152
1016 1107
662 1218
1209 1234
424 1073
1021 1091
1167 1194
561 729
701 817
956 1125
1086 1147
899 973
600 941
1097 1250
925 964
979 1209
995 1031
1255 1259
469 762
1151 1252
1124 1240
652 963
735 809
566 1062
516 971
688 900
1204 1259
678 911
1099 1240
1065 1194
1196 1228
624 665
1072 1144
596 1036
1131 1164
569 675
1083 1135
613 710
709 1136
911 983
571 1258
560 989
886 1022
584 890
827 1097
542 1204
461 1133
447 1086
439 477
1128 1175
1205 1239
944 954
1152 1254
843 1091
1234 1240
635 880
1228 1230
578 862
1016 1020
429 703
464 595
676 785
1118 1168
1155 1193
723 1007
674 1101
1102 1256
681 967
1014 1160
1003 1224
888 913
865 921
1036 1061
778 1045
800 961
695 1169
939 1087
1011 1129
448 549
991 1106
821 1052
495 1057
940 1171
741 1025
495 1259
812 972
1164 1206
505 750
492 923
1086 1226
527 954
674 1099
594 721
639 1032
655 895
1060 1094
595 1107
657 942
1095 1219
610 802
805 1075
1005 1218
1236 1260
577 601
1166 1250
679 781
431 1152
437 637
1103 1131
728 1164
428 934
795 896
458 930
880 1065
661 768
482 1144
626 903
1005 1144
582 800
464 766
880 1188
930 1045
807 1004
1127 1194
864 992
1206 1243
1143 1188
686 1032
995 1159
846 898
1161 1231
1031 1045
531 657
773 915
1029 1139
1081 1115
797 1060
1073 1237
792 950
464 748
609 1038
976 1025
1071 1249
555 788
949 1009
918 1187
765 1192
773 1137
605 864
1025 1127
490 640
724 1215
591 954
1182 1257
923 1169
1014 1255
1215 1240
639 826
1198 1209
964 984
812 880
938 1045
925 1225
742 1191
760 928
515 557
926 1010
999 1059
990 1137
882 902
1037 1090
914 1190
1111 1257
867 940
578 1208
1212 1242
750 1153
521 1121
845 1154
811 1033
816 1198
1051 1235
1140 1151
1156 1181
493 854
537 887
699 1085
738 1039
1138 1144
532 694
1213 1246
1158 1213
1188 1244
1115 1150
985 1066
1197 1198
1182 1201
903 943
517 977
1177 1206
968 993
819 1139
559 1145
842 1006
474 527
1109 1146
836 1069
942 997
936 1017
594 1050
905 973
665 862
1251 1260
1149 1166
1162 1193
583 1219
1259 1260
887 1183
1094 1129
554 860
1203 1235
1235 1252
1168 1196
615 1226
1253 1259
782 1035
816 1222
1123 1250
547 985
860 1243
433 665
794 848
731 1156
1207 1253
1236 1258
775 937
825 1069
822 934
745 856
488 1080
800 1047
601 698
537 699
786 1259
827 1257
1224 1246
689 1073
903 1124
845 931
716 1164
961 1182
646 726
617 791
468 845
433 1245
1130 1244
486 1172
771 873
671 1024
503 780
1212 1235
470 619
1223 1231
902 1240
1135 1156
427 827
849 1013
1175 1197
912 1091
780 1003
787 791
1016 1201
946 977
547 678
981 1105
638 1046
441 739
622 938
842 1115
1213 1242
954 1183
544 549
602 737
563 1171
1030 1193
459 1233
1063 1099
1205 1242
771 996
607 628
960 1088
1208 1236
743 1150
892 940
848 1122
802 857
720 732
795 1003
1065 1175
856 1242
611 997
1251 1256
850 888
1028 1149
494 1238
937 1224
1155 1158
1107 1215
1084 1194
1225 1226
1099 1138
1219 1220
932 937
864 1125
857 925
439 795
935 1240
1241 1246
531 860
453 1029
682 1167
1243 1258
505 1079
468 909
940 950
896 1214
1017 1177
727 753
726 785
424 700
993 1004
575 861
590 791
820 876
444 1214
509 1090
809 820
616 1186
760 999
614 1010
839 966
1019 1028
882 1015
1237 1259
1243 1259
1209 1238
1095 1238
906 960
862 1200
1187 1236
1015 1123
1099 1156
671 1174
1123 1198
679 843
519 1198
1115 1128
435 456
829 1126
557 1004
513 1091
930 1218
936 1056
1113 1196
1081 1189
897 975
517 1212
1098 1181
615 976
521 1028
904 1074
874 1220
673 1019
737 889
471 699
842 934
590 1235
441 899
1122 1183
1079 1252
811 1050
1253 1257
566 1063
645 745
1084 1229
682 953
1063 1176
1239 1260
511 928
1137 1146
616 680
730 1156
1009 1079
721 757
869 887
1195 1218
1025 1210
749 1107
1158 1215
651 800
1012 1024
991 1226
778 1157
1028 1078
783 1136
1028 1051
848 1107
482 763
781 1160
625 1157
893 1109
1205 1210
1055 1148
1005 1223
1066 1200
947 1114
961 998
1067 1234
670 1045
955 969
561 1033
893 1201
814 870
520 1253
960 1217
928 930
987 1166
722 967
500 1120
610 1183
923 988
848 1162
846 1169
1168 1242
683 1193
617 1232
894 954
670 958
449 592
1210 1239
918 1146
669 1032
764 972
995 997
426 1252
636 1046
760 795
790 1020
638 1207
1213 1226
452 743
1028 1174
1234 1251
637 664
796 937
421 498
610 1221
1237 1244
570 773
600 1032
1238 1255
738 937
487 745
1015 1188
547 818
925 1151
740 762
520 940
834 931
634 755
1202 1260
776 832
1256 1258
1194 1212
1160 1183
762 799
935 1180
897 907
865 1228
526 538
734 777
685 1233
498 734
546 1169
858 1040
717 1054
826 945
732 1139
472 1048
692 953
1224 1254
1190 1230
1101 1218
651 989
1115 1249
631 1257
513 1122
890 1185
1211 1235
869 893
475 1114
912 989
679 873
650 1118
484 784
927 1061
1172 1222
957 1035
514 803
1228 1240
1233 1234
865 953
452 1088
1122 1229
633 1253
439 1121
799 1117
496 949
506 1052
1019 1156
899 1134
1101 1231
929 1082
819 908
1025 1230
1235 1255
856 1054
1214 1221
1146 1159
730 959
479 743
827 1215
770 1151
947 1025
530 681
1046 1187
1045 1195
822 1242
1046 1126
1211 1252
958 1199
726 905
484 987
1240 1248
717 761
1022 1100
1006 1120
924 940
1199 1257
515 568
527 744
1199 1233
423 451
882 1242
817 1140
687 799
608 633
980 1228
1014 1121
1219 1230
429 550
1066 1191
595 921
748 1197
1191 1204
796 1111
616 870
1175 1241
1007 1046
1208 1260
1149 1155
492 1046
1022 1112
782 1077
445 990
527 1212
783 866
1244 1259
1147 1183
718 1221
528 881
1200 1243
969 1119
1107 1239
1082 1226
787 999
741 767
1237 1239
1227 1246
1162 1238
876 1163
1039 1082
845 1035
805 1056
680 896
1185 1205
926 1029
645 1198
1009 1256
1139 1192
652 1225
683 776
844 1218
1039 1097
1091 1214
841 1039
679 874
1179 1221
482 519
509 656
952 962
1185 1206
513 1157
502 916
1080 1179
872 914
661 830
825 855
967 988
573 627
638 682
822 836
747 1161
1035 1170
572 909
427 1033
1093 1188
787 908
638 1074
1161 1209
989 1189
738 1149
838 976
642 983
625 1172
497 1222
881 1069
1059 1175
648 719
814 1175
1219 1258
814 922
1254 1259
740 884
575 1120
866 1218
819 955
889 1229
486 797
641 966
1103 1154
825 938
474 821
1079 1204
781 911
801 1161
909 1217
1109 1193
1052 1245
610 1167
1169 1233
799 1234
1201 1257
586 766
1055 1199
1110 1249
1053 1073
658 668
705 1019
1071 1190
1105 1212
442 1032
1072 1143
737 1226
933 1126
598 1196
1042 1204
1158 1238
438 1100
834 1128
466 867
983 1115
998 1101
909 1148
858 888
787 973
491 758
712 908
698 797
1009 1086
886 992
944 963
1039 1139
498 820
629 1040
980 983
718 1103
1222 1243
632 811
1101 1237
1110 1247
713 824
690 960
982 1207
840 858
1056 1200
501 1087
874 1108
1008 1191
1040 1095
1031 1069
947 951
481 883
475 1179
1006 1123
1152 1177
798 1202
491 943
994 1051
1209 1252
512 1257
830 831
463 1168
944 1003
797 877
991 1105
1027 1172
975 1197
890 1078
637 1074
1104 1165
956 1148
1216 1256
462 1071
433 565
764 1232
1073 1185
597 756
484 806
441 726
1080 1235
712 1021
998 1192
498 551
444 1067
719 1039
840 1152
977 992
999 1190
978 1086
713 996
818 1051
591 689
494 521
933 980
910 1150
1224 1251
940 1140
902 1005
877 1157
876 915
971 1180
894 1145
1107 1154
744 759
534 1065
944 1097
534 1176
427 463
473 1044
625 1025
1027 1193
582 1199
693 721
841 1085
580 923
697 816
464 760
876 907
659 1037
1016 1113
772 1089
971 1111
900 1194
1221 1244
707 1053
988 1019
773 990
542 915
522 670
863 1004
533 794
611 920
1258 1260
1145 1154
481 621
604 742
939 962
748 837
537 752
632 1131
889 1174
506 770
812 1119
782 1200
747 788
1015 1174
1109 1176
1163 1239
1111 1219
430 805
1200 1244
1204 1259
569 1059
436 565
1229 1248
1160 1207
507 557
507 1228
987 1217
782 1135
802 1220
1022 1090
1101 1173
635 1169
447 607
983 1257
474 942
863 1127
744 951
903 1165
1159 1166
455 549
622 901
672 744
440 944
1184 1223
728 1010
965 1240
431 1162
982 1116
541 781
585 983
1054 1064
713 1192
920 1212
653 1191
857 1257
911 1185
1230 1256
812 1025
925 1169
1167 1228
1136 1141
641 969
1199 1210
580 1091
748 1110
865 1205
1162 1241
1083 1218
833 957
820 917
1007 1098
1092 1180
759 1113
856 957
1050 1233
547 607
434 462
621 892
536 939
703 799
957 1229
434 837
882 1179
821 1070
1099 1258
1068 1094
733 1187
852 989
1191 1221
1131 1159
1221 1241
571 917
584 1207
1032 1217
1219 1256
848 900
710 925
829 1238
754 1003
435 1200
509 1015
604 1222
1013 1187
1052 1108
985 1081
771 1215
472 645
549 620
644 1001
975 1055
572 997
1000 1178
1044 1202
566 732
1140 1170
1008 1099
838 1021
606 910
744 879
615 889
786 997
1006 1191
661 942
834 1165
816 1210
1115 1188
504 568
953 1247
423 872
1026 1062
612 892
704 912
1029 1194
1142 1252
884 916
995 1080
491 1100
1087 1243
740 820
1074 1238
977 1181
1193 1225
890 1081
1255 1258
1109 1169
1199 1232
1105 1123
999 1045
553 1027
1119 1170
574 1079
760 945
455 566
651 758
624 993
1188 1201
685 1150
766 1178
780 1185
1237 1258
745 1192
423 482
1249 1251
636 855
719 1005
539 871
955 971
802 837
456 1153
830 850
1252 1256
590 594
730 838
717 880
1045 1061
1111 1150
939 1118
969 1098
777 856
462 792
1078 1118
523 685
494 1232
1234 1235
746 1080
718 847
723 887
526 646
893 1171
825 1150
558 560
435 933
662 886
440 501
1143 1229
727 1059
498 893
982 1153
637 821
1105 1205
1082 1097
1099 1231
658 660
778 857
913 1000
1222 1231
1147 1247
672 1127
481 938
709 806
825 1139
654 1017
952 1118
1034 1249
684 835
957 1031
626 777
967 992
594 1218
944 992
1046 1136
450 567
829 1211
826 1155
751 1055
859 878
937 1080
865 1064
799 1002
480 879
503 849
845 912
526 614
1050 1132
1051 1185
761 991
853 926
540 855
1246 1253
562 627
992 1081
1019 1109
1054 1218
1203 1218
888 1004
1209 1210
836 1020
1131 1234
1065 1071
783 1222
559 1252
1101 1200
558 1147
547 953
968 1201
598 1159
1090 1112
477 566
1137 1165
630 810
1083 1201
702 821
1121 1183
1141 1220
914 1034
451 846
869 1100
1241 1248
1129 1165
833 1027
703 925
650 1076
636 1087
1159 1238
800 1107
889 984
457 639
493 642
709 965
732 907
1093 1106
929 1031
1169 1237
447 480
497 587
666 964
505 842
1192 1228
615 701
917 1198
623 745
750 926
457 1244
562 841
776 913
507 1086
1036 1237
1129 1237
861 1079
823 872
965 986
937 979
569 880
1192 1254
929 978
426 814
599 724
1102 1143
923 1025
883 942
794 1041
445 1206
1186 1238
762 1215
436 1198
906 1182
1170 1259
899 1235
1079 1235
980 1174
769 894
1121 1251
1050 1096
707 955
621 1064
840 1117
580 583
1157 1184
438 607
798 1029
1227 1246
608 613
451 597
525 1244
764 1078
677 971
630 947
469 529
871 1052
508 1185
433 815
798 950
483 801
1241 1247
898 955
1052 1192
1201 1221
454 1153
639 686
887 1224
827 974
765 1258
660 811
881 1232
443 545
732 950
984 1191
1132 1177
847 914
699 987
913 1013
469 1232
436 944
1228 1253
961 1240
861 942
455 1184
618 833
508 820
621 775
1134 1184
477 514
508 1132
1000 1017
630 1039
768 884
1068 1090
1227 1250
1196 1248
476 723
594 1051
1173 1195
818 883
1079 1159
435 468
486 914
509 727
1073 1199
685 827
475 1019
731 1158
876 966
615 1150
480 955
542 915
1128 1192
987 1113
815 865
561 1150
927 1201
474 1184
450 998
435 694
1229 1233
702 875
489 892
1133 1136
1104 1134
527 582
978 983
771 963
1041 1239
536 1081
1057 1231
477 1051
451 663
1018 1188
783 817
477 1097
1158 1176
1169 1185
486 792
694 1243
1188 1200
937 958
450 491
484 1247
631 891
427 843
1200 1254
680 1064
1223 1244
452 691
876 917
1029 1250
1099 1214
518 826
629 1093
833 1040
1127 1146
428 907
705 945
653 1041
1122 1175
427 1008
688 1170
852 1236
684 1243
692 916
545 598
1147 1190
529 852
1101 1195
909 1239
1154 1157
607 1128
1213 1233
858 1002
1010 1219
591 1053
1182 1225
682 1140
746 1190
1230 1242
1164 1180
493 1053
666 1206
1247 1257
927 1226
710 1090
1157 1176
597 831
1237 1240
971 1253
490 1241
929 937
427 1054
956 964
778 836
443 795
1253 1259
877 1089
898 1190
646 1074
592 942
664 1223
734 1084
544 1226
827 969
641 819
1062 1210
883 1223
1236 1258
843 963
848 1135
1081 1150
1184 1195
1094 1259
1256 1257
429 1240
506 1076
462 1013
714 1092
565 918
736 1023
486 556
529 1247
482 710
791 1134
427 1221
744 976
485 1069
570 822
836 930
420 1009
479 695
502 685
1022 1254
479 648
666 844
671 784
645 1257
868 1015
993 1163
805 1165
787 852
798 1067
1212 1241
659 821
654 1083
667 911
1256 1257
1244 1249
494 1224
566 709
569 1215
1112 1242
468 945
1105 1252
764 870
509 530
759 1034
1154 1197
939 1128
514 583
954 988
1053 1201
869 1093
546 668
1104 1177
792 831
507 1016
1240 1244
1070 1136
1228 1238
921 1064
769 1097
762 1189
961 1048
806 912
705 914
631 1225
663 1260
601 813
553 713
724 874
1064 1085
731 927
492 757
974 1132
587 1257
791 1035
1035 1062
1171 1209
1008 1052
874 1136
527 1226
595 1131
833 1040
446 1226
488 967
704 808
636 734
1139 1185
961 1239
1100 1167
958 1221
1028 1084
1157 1197
1050 1115
626 1240
775 1191
782 977
677 1193
533 560
968 993
1107 1136
529 966
896 1040
802 1157
1139 1168
874 875
821 987
794 931
727 825
1062 1196
1133 1181
499 519
459 512
929 1195
1145 1192
893 1231
576 885
1215 1228
690 886
1077 1107
809 1080
581 1144
1103 1166
1131 1255
735 930
654 1234
442 897
467 925
921 1217
1034 1230
1122 1164
705 773
1073 1115
1141 1154
797 907
893 927
979 1182
1067 1133
616 739
928 1054
733 976
1163 1251
1091 1175
1138 1244
614 1092
1129 1140
1211 1231
1175 1250
544 806
1044 1125
1250 1259
834 939
944 1152
1115 1127
1057 1126
542 937
558 1100
553 1062
698 712
1245 1252
956 1149
1104 1181
1190 1243
576 618
1095 1111
713 985
562 1148
692 720
480 1080
495 1128
810 1226
1129 1224
1167 1245
1041 1170
508 982
725 899
843 939
1073 1234
791 1189
1187 1202
977 1132
1102 1160
1130 1205
844 1060
649 849
1175 1235
754 904
706 970
642 665
1231 1235
609 842
1147 1241
1057 1156
742 976
882 1083
739 1109
878 970
485 1166
1150 1199
1074 1094
568 1223
631 730
1252 1254
531 791
453 1128
493 996
986 1132
626 674
696 1216
847 908
1184 1195
1230 1246
1208 1259
1101 1134
1073 1246
1105 1204
480 516
1024 1090
1072 1240
1255 1257
827 896
1116 1226
1116 1211
926 1260
831 842
630 1073
1177 1241
981 1155
1257 1258
769 1088
596 877
639 807
1041 1252
1012 1066
448 453
1181 1208
584 617
964 976
1010 1258
971 1157
945 1245
827 1247
1080 1131
851 1099
1064 1198
806 1173
543 1227
905 1251
728 1089
699 1104
512 1070
1105 1129
582 961
501 938
1220 1260
951 1044
843 1137
1010 1011
533 670
896 986
740 860
1250 1259
575 855
1153 1235
1091 1208
1155 1174
435 899
600 914
607 1240
859 912
437 1230
1085 1240
980 999
531 716
1097 1208
1259 1260
1115 1158
1218 1233
1041 1170
521 548
981 1224
647 1045
660 792
1165 1254
1086 1143
438 1126
980 1022
873 1230
992 1141
589 930
995 1203
509 999
1101 1228
1081 1183
564 635
937 1150
769 778
1010 1109
754 883
930 995
1186 1246
1234 1256
994 1174
920 1232
431 1145
498 1212
468 1000
532 544
622 870
688 906
1117 1198
744 809
526 966
1007 1243
1163 1241
972 1224
580 1068
1089 1257
705 1128
772 889
977 1006
580 1035
686 760
469 1151
885 897
507 1242
503 1110
1028 1077
1052 1188
895 1001
559 1241
463 971
575 1096
488 1086
812 1144
658 984
1021 1024
563 1233
588 824
720 1116
649 1033
1001 1042
1037 1245
464 1134
821 1159
1152 1158
711 891
731 998
658 1080
968 1178
537 983
525 605
1076 1152
800 918
819 1222
687 1168
530 1180
628 789
1023 1086
426 857
1255 1257
746 1133
767 860
711 1211
1200 1211
612 714
1012 1191
521 1185
628 1028
872 975
738 1120
779 1133
717 875
622 984
1057 1247
802 1243
481 676
501 883
597 949
1122 1123
898 1210
429 435
489 840
864 1047
1140 1158
643 761
1095 1233
1196 1241
1202 1226
550 876
1106 1133
846 1175
1039 1159
1023 1074
894 1136
1089 1199
744 1032
1153 1185
650 783
459 494
1183 1214
1089 1096
501 1014
529 921
689 1137
568 696
426 1052
1024 1098
1040 1254
440 996
509 1102
1066 1218
628 1164
626 864
715 1030
1079 1204
781 1134
865 1170
818 1094
736 1041
848 1191
1016 1111
428 1085
514 748
847 1147
1195 1205
1008 1136
998 1234
1106 1235
1072 1193
1238 1258
497 510
777 1150
928 1008
601 812
753 1127
955 1123
894 994
1183 1243
1088 1218
698 927
804 1144
552 901
830 1072
629 834
1141 1169
1131 1198
879 924
1057 1098
1167 1181
477 552
939 1217
975 1144
941 960
741 1220
630 916
609 687
993 1154
548 879
977 1227
553 724
1185 1220
1233 1252
1080 1098
1024 1231
659 916
1160 1179
709 799
1034 1139
502 1033
1048 1171
1038 1240
1206 1226
995 1047
1105 1173
851 1006
721 1227
1091 1234
1001 1246
949 1157
705 777
1029 1229
487 523
421 799
682 1074
1022 1078
1254 1260
1226 1235
1030 1123
963 1243
881 885
496 1228
1099 1197
1074 1167
1037 1041
641 701
642 693
1132 1195
536 651
1190 1215
784 842
949 1109
630 754
764 838
492 644
851 1037
561 1048
1221 1259
1079 1205
905 1166
1033 1065
957 1255
593 1253
653 934
710 1070
578 793
1231 1259
928 1153
479 977
1001 1145
432 602
921 1016
731 924
893 899
770 1006
570 597
427 1009
1134 1160
572 853
607 1029
1017 1174
1085 1110
637 755
559 857
453 701
1152 1246
1159 1177
558 662
1122 1126
439 611
504 811
560 897
936 1148
654 966
667 1135
985 1089
820 941
657 1221
1031 1183
687 1179
424 982
1244 1253
680 862
555 1239
1128 1253
1005 1186
1165 1230
900 915
1122 1219
582 1139
1049 1116
728 922
1010 1048
421 467
455 918
972 1222
1001 1227
639 1119
1239 1252
548 780
1053 1129
1137 1250
1075 1238
804 897
1056 1227
1207 1224
442 770
691 1111
912 952
506 1061
1003 1257
1040 1099
897 1120
1119 1228
884 939
553 1117
1075 1143
702 1002
911 1060
505 586
910 1240
762 873
557 616
520 1033
629 830
781 1158
454 493
443 870
1073 1235
718 1116
975 990
1032 1107
554 812
426 1088
560 1083
1018 1173
1015 1143
448 839
434 1205
1211 1219
585 993
727 808
437 716
881 1245
654 1167
569 581
488 1057
920 1009
894 1158
1140 1151
566 1155
932 1173
941 1160
1102 1242
806 834
628 1202
921 1107
1153 1235
1225 1228
1189 1214
858 1075
1030 1048
432 862
617 838
1026 1083
854 956
863 975
1155 1247
593 927
616 693
863 1062
938 1116
1218 1256
568 1006
797 906
996 1221
724 1056
995 1148
662 1087
1032 1222
836 1174
480 1172
951 989
452 1061
637 1108
899 1026
963 1068
1076 1148
1160 1206
600 1116
1249 1254
916 1205
617 1010
684 1207
560 995
1184 1203
522 1094
740 923
535 1051
940 1035
723 859
921 922
652 691
1241 1258
695 753
618 786
802 1094
772 790
897 1061
801 1177
1152 1218
1109 1143
815 996
747 991
455 1065
957 1087
563 1247
1078 1103
783 887
755 931
546 915
1218 1239
867 1025
756 1128
466 1241
1031 1172
726 923
460 615
602 1194
765 1065
1082 1220
759 1028
724 1090
883 1125
520 698
438 588
1254 1259
1230 1232
966 1157
485 661
831 951
929 1146
924 1078
1097 1137
1107 1127
664 1004
925 1065
1199 1223
1178 1226
947 1247
856 943
655 779
1124 1203
570 793
1125 1192
1039 1210
783 1004
770 853
915 954
1199 1225
1075 1100
1126 1211
434 1197
1034 1103
1224 1226
1100 1235
766 1218
1082 1210
524 1090
1112 1171
1223 1235
698 789
763 1234
830 1241
900 1225
539 884
1249 1254
860 1100
529 934
1245 1247
572 1135
1110 1161
942 1054
568 965
788 1059
767 813
674 834
824 878
1090 1180
1123 1129
991 1232
660 890
444 1160
1179 1238
630 701
935 1024
801 902
959 1212
1108 1234
768 792
751 1250
1010 1088
1013 1204
943 1184
907 1259
747 1137
1231 1239
422 584
909 940
