238
10
2 9 4
3 5 3
4 5 3
7 5 2
9 4 2
11 6 1
12 4 1
13 5 3
14 9 4
15 9 4
16 5 1
17 5 2
19 8 1
20 6 5
21 6 4
23 9 1
24 7 3
25 7 1
27 8 2
28 6 1
30 6 5
31 8 2
32 4 1
34 8 3
35 10 5
36 10 4
37 4 1
38 10 4
39 4 1
40 4 1
41 8 4
42 5 2
43 9 5
44 5 2
45 10 4
46 5 2
48 8 2
49 4 4
50 5 5
51 9 1
52 9 1
53 10 3
54 8 2
55 4 5
56 5 5
57 5 1
58 10 2
59 10 4
60 5 5
61 9 3
62 9 2
63 5 2
64 5 1
65 5 4
66 7 3
67 7 1
69 10 4
71 8 1
72 9 2
73 7 4
74 9 4
75 5 3
76 7 3
77 6 4
79 8 2
80 10 4
81 9 4
82 7 4
83 6 3
85 4 5
86 9 5
87 9 3
88 8 3
89 10 3
90 7 1
91 4 4
92 4 4
93 10 3
95 7 5
96 5 5
98 7 3
100 5 5
103 7 3
104 10 3
107 9 1
108 4 2
109 9 4
111 4 5
112 9 4
115 6 5
117 6 2
118 4 2
119 8 2
121 9 2
122 4 1
123 10 1
124 5 3
125 4 4
126 8 5
127 6 1
129 9 5
130 6 3
131 7 3
132 4 4
133 9 3
134 5 5
135 10 4
136 5 1
137 10 1
138 4 4
139 5 4
140 10 4
141 9 3
143 8 4
145 10 3
146 7 4
148 4 2
149 5 2
150 10 2
151 4 4
153 9 2
154 6 1
155 7 1
156 6 2
157 8 2
159 5 4
160 10 2
161 8 4
162 4 1
163 7 1
164 6 3
165 7 4
166 6 5
168 4 3
169 9 5
170 6 4
171 5 1
172 7 2
173 10 5
174 8 1
175 10 1
176 6 4
178 4 1
179 9 2
180 5 2
181 5 1
182 10 2
183 4 3
186 6 5
188 10 2
189 6 5
191 8 1
192 8 1
193 10 5
195 7 1
196 5 3
197 4 2
198 8 4
199 6 3
201 9 2
202 10 3
203 7 3
204 6 2
205 6 2
206 4 5
209 4 2
210 6 2
212 9 5
213 10 3
214 7 4
215 4 5
217 8 2
219 5 2
220 6 3
222 8 1
223 4 4
224 6 5
225 4 1
226 7 2
227 10 3
228 10 2
231 8 2
232 8 4
233 10 3
234 7 3
236 7 3
237 10 3
238 10 2
239 10 4
240 7 5
241 6 4
242 8 2
243 6 1
245 7 5
247 10 2
248 10 2
249 5 3
250 9 2
251 9 5
253 7 2
254 5 3
255 5 4
256 10 4
258 10 4
259 10 4
261 6 1
264 6 2
265 6 3
266 10 1
267 6 4
268 8 1
270 4 4
271 5 3
272 5 3
273 10 2
274 8 3
275 7 4
277 9 4
278 5 4
279 10 3
280 5 5
281 8 3
282 5 5
283 7 3
284 9 2
286 5 4
287 10 1
288 6 1
289 5 2
290 8 3
292 7 2
293 4 3
294 10 4
296 10 1
297 8 2
298 4 1
299 10 3
300 6 5
