100
277 411
49 300
420 437
338 152
122 27
10 222
238 34
460 163
12 454
126 496
107 194
254 130
212 291
384 113
367 342
307 204
429 18
396 449
226 417
273 69
44 188
28 223
304 474
456 137
316 338
370 284
142 346
342 413
401 123
275 103
85 119
495 423
388 120
335 185
139 35
445 445
42 401
179 402
346 426
303 302
157 457
131 270
98 254
425 483
209 326
410 266
471 299
490 175
143 20
56 403
261 62
228 91
290 483
227 413
140 411
428 422
247 377
361 280
335 146
336 167
73 81
383 365
22 344
42 334
223 100
346 224
181 417
459 378
282 66
253 466
216 316
449 433
284 168
311 352
78 56
162 119
249 305
156 408
271 425
484 124
401 476
174 346
369 278
500 285
88 376
313 341
450 305
24 351
29 180
397 338
60 251
68 426
204 56
148 425
362 44
160 489
386 264
209 36
294 198
469 130
