1810
202 127
185 248
122 60
161 9
170 496
15 27
318 185
378 137
22 205
376 445
180 492
215 57
62 232
433 307
392 24
456 155
32 284
204 8
394 73
77 451
395 156
407 159
403 301
141 237
332 238
195 377
71 94
491 84
341 155
214 166
451 150
467 167
264 237
180 286
158 322
270 335
121 403
399 230
167 417
340 419
148 492
268 197
444 255
126 129
440 206
35 80
437 7
456 11
285 326
329 381
104 450
65 311
30 25
277 497
21 271
447 186
368 373
75 483
117 6
446 440
427 137
363 343
10 29
394 424
95 310
318 252
40 12
222 309
78 259
291 348
185 13
246 456
198 219
323 282
173 351
267 299
328 441
347 46
348 153
305 311
242 242
345 136
86 385
445 408
144 204
132 285
300 359
425 494
140 90
327 30
316 22
353 406
124 392
32 267
231 384
465 225
370 236
154 163
31 56
78 389
157 164
177 350
9 184
465 151
46 274
288 56
277 424
244 11
495 242
137 176
389 299
363 208
232 387
492 111
2 210
448 235
321 229
438 148
496 183
312 31
392 58
375 172
119 214
453 376
441 430
449 119
90 462
312 306
337 108
290 192
343 273
214 30
121 340
479 428
274 132
348 80
127 31
86 94
368 255
224 279
156 438
21 223
240 450
46 265
162 127
293 71
341 74
210 446
402 7
459 386
353 284
458 500
480 118
19 393
352 288
400 85
379 201
194 412
215 269
84 39
471 305
6 92
155 80
71 236
357 31
117 350
329 285
130 63
49 282
220 305
338 334
261 376
288 303
77 115
261 487
293 233
408 95
174 133
207 318
239 256
463 462
134 128
481 372
354 111
342 174
427 197
335 451
154 186
238 217
296 333
20 229
351 62
170 55
496 369
117 223
71 217
397 253
304 186
407 169
132 5
491 89
118 166
88 166
68 198
168 406
111 1
442 398
187 338
12 496
286 209
410 314
124 150
406 252
399 130
473 308
429 110
10 76
26 296
179 155
187 435
494 151
144 10
435 235
247 339
246 202
111 493
269 350
419 126
106 351
391 330
281 401
184 149
450 267
296 462
400 280
74 75
456 494
385 15
205 38
454 198
74 174
152 439
258 392
306 130
334 15
116 322
353 473
337 14
240 126
45 386
339 395
298 280
276 339
102 281
390 396
376 160
474 157
191 117
478 130
472 30
91 456
457 246
309 335
2 63
4 354
310 492
13 83
49 371
364 367
442 37
275 322
156 214
414 491
242 84
34 440
65 288
430 279
455 489
227 415
261 246
138 270
255 468
81 105
236 46
418 210
458 355
17 265
159 345
397 69
116 162
226 97
247 294
376 265
484 27
372 304
160 186
268 210
338 67
369 474
36 434
281 406
185 95
231 471
51 79
434 121
359 162
3 59
179 423
473 235
156 268
431 206
333 165
206 426
174 140
494 316
268 393
392 81
146 285
268 64
425 122
84 331
466 460
153 390
434 498
404 309
6 407
110 340
460 324
285 74
263 136
12 76
166 35
424 51
200 248
366 234
389 71
68 456
437 499
5 297
298 77
39 423
402 183
270 46
283 155
274 416
96 348
492 30
70 78
364 439
110 452
166 261
309 206
161 44
296 99
25 100
122 460
480 55
348 256
404 154
198 386
357 161
131 22
297 375
163 481
380 396
422 420
371 66
16 359
323 296
471 475
335 204
391 446
136 228
368 430
260 18
171 412
51 12
446 152
5 492
77 191
262 197
67 4
147 113
469 364
114 404
316 48
436 374
181 212
294 107
485 243
26 141
51 41
33 3
311 230
371 398
448 7
197 157
462 289
216 399
350 335
128 180
21 416
222 233
33 355
261 208
156 173
135 93
303 333
407 117
128 309
293 326
122 270
79 382
6 339
328 376
315 136
30 83
144 130
196 109
202 165
481 428
157 114
142 186
58 406
335 420
251 122
408 479
244 163
322 40
233 200
407 389
478 83
267 380
450 136
27 289
449 485
124 304
395 345
235 180
367 193
210 293
65 225
177 23
466 50
401 21
445 37
48 270
249 373
440 431
407 441
46 127
367 498
104 26
22 340
23 83
453 221
446 438
304 266
61 83
283 457
460 348
332 423
295 120
246 146
315 171
311 482
326 94
291 416
289 458
28 408
153 228
127 172
474 310
125 52
468 440
327 217
391 230
416 409
79 39
69 388
95 143
320 77
444 381
289 308
254 366
38 126
28 458
95 42
173 275
365 370
442 470
260 277
233 422
276 468
84 495
262 433
261 451
157 22
207 76
166 42
65 350
419 8
179 259
218 348
317 293
158 286
347 75
314 341
360 195
262 301
433 188
117 306
424 248
33 299
334 26
492 77
156 332
123 1
293 284
226 295
236 286
191 365
46 70
219 75
344 133
96 106
91 122
257 64
81 122
275 409
131 221
124 263
122 368
361 11
268 306
223 449
403 52
98 415
122 413
25 308
474 134
99 461
170 302
216 429
409 231
408 108
173 270
478 415
186 493
42 207
486 293
462 40
485 18
285 251
378 461
320 318
479 167
320 489
77 327
5 353
459 374
86 30
11 192
213 258
326 420
418 167
37 299
58 62
173 471
296 31
324 72
121 354
260 38
298 338
402 75
69 421
473 58
317 144
95 176
299 202
104 294
323 258
129 343
9 119
97 380
71 72
379 321
444 451
481 464
437 26
38 376
311 480
95 330
380 243
191 76
414 180
1 191
225 295
136 249
342 86
395 468
148 207
124 408
484 54
201 96
459 56
461 391
340 407
40 82
29 45
256 463
3 400
65 283
264 499
377 288
41 83
124 194
300 74
98 490
482 32
68 266
435 183
226 87
138 344
282 45
316 158
218 213
204 61
400 142
475 426
72 219
45 485
124 367
158 314
431 360
154 105
291 243
232 143
447 416
288 202
6 410
367 132
217 68
11 238
464 478
277 90
302 353
259 400
302 227
39 241
121 111
142 300
328 452
416 421
435 472
151 105
213 313
32 417
247 292
392 213
480 235
137 66
155 432
483 296
94 251
27 219
315 5
200 116
323 292
462 499
256 207
341 128
447 145
309 79
335 229
48 315
74 212
291 475
49 223
436 419
7 270
305 210
348 234
75 179
196 163
483 453
481 320
317 226
331 6
352 242
254 86
415 181
111 235
239 8
24 412
470 213
75 220
410 301
27 335
423 283
374 168
212 352
431 73
432 470
473 10
411 353
265 133
335 420
372 178
239 106
379 219
495 330
400 128
408 45
81 488
278 328
472 96
393 24
436 492
210 158
467 102
333 271
401 30
241 86
155 364
442 21
418 60
420 196
487 184
197 27
242 364
361 46
398 104
265 144
283 101
92 227
453 413
476 147
365 169
243 422
36 72
153 73
137 432
324 164
280 23
480 370
395 25
208 389
181 177
29 204
391 76
169 183
104 278
207 484
393 348
122 199
411 300
107 186
190 130
171 117
87 320
48 479
18 413
182 174
394 32
79 167
452 306
379 81
203 66
302 363
114 232
358 180
322 13
48 110
17 175
26 387
287 135
497 140
315 29
156 43
235 262
386 252
128 162
168 472
190 459
298 228
415 337
456 339
252 219
384 240
79 261
259 46
192 449
396 478
134 232
53 306
435 206
319 49
135 165
156 498
280 384
274 97
476 77
379 111
327 183
263 363
454 63
456 37
272 47
239 426
133 458
443 350
442 206
383 406
433 427
137 491
77 63
159 400
173 323
219 104
481 330
72 453
399 462
304 454
216 468
389 96
453 109
496 13
103 370
278 308
463 35
450 83
490 496
140 489
458 417
465 415
53 96
329 406
67 191
129 207
229 425
361 306
424 446
341 225
426 450
193 461
204 43
351 226
49 101
340 191
451 118
477 205
145 207
359 170
424 456
137 301
500 326
324 46
160 26
331 61
260 33
218 449
474 57
435 432
464 408
155 30
147 94
103 472
339 394
468 3
121 349
361 122
73 181
321 292
72 101
108 149
55 332
442 249
233 327
60 250
251 169
9 116
193 377
175 473
56 351
63 486
71 246
15 17
44 108
25 495
412 138
341 219
288 469
454 61
146 276
377 256
307 310
149 47
149 381
423 209
297 408
137 193
115 427
291 289
253 289
111 158
493 392
289 447
418 326
258 324
449 38
255 479
288 175
315 487
339 285
317 407
193 250
348 457
190 32
332 208
69 125
136 65
242 483
366 303
273 227
278 197
321 448
136 141
411 458
9 408
489 141
215 469
64 315
409 289
442 179
273 17
111 207
29 143
225 256
468 128
9 400
181 397
5 253
140 272
369 401
261 417
175 52
40 270
1 200
418 455
370 7
472 91
61 143
68 466
170 75
430 157
371 367
219 480
457 245
181 464
252 17
233 287
478 80
486 54
127 242
402 294
373 63
108 188
87 56
102 416
78 297
195 205
161 318
387 245
196 233
50 66
383 361
282 389
209 286
213 161
155 313
162 115
181 129
88 370
261 69
42 129
90 30
296 336
469 392
106 60
434 365
394 86
235 383
436 266
443 181
252 456
322 380
355 472
233 394
41 460
326 162
435 143
409 62
336 317
82 193
455 69
57 488
38 15
113 398
359 147
489 444
42 35
306 252
4 342
198 251
376 191
236 384
246 118
263 252
334 224
154 38
187 213
312 62
480 248
117 253
443 419
372 423
96 17
296 214
444 367
498 277
276 363
250 114
91 357
195 267
469 193
371 264
81 318
108 174
332 193
27 195
133 499
420 249
328 331
496 18
147 398
476 465
106 458
469 437
347 41
136 173
4 282
470 260
153 30
193 464
329 61
453 456
330 90
244 364
294 399
362 120
322 97
31 164
406 376
58 379
139 419
375 469
480 54
44 232
104 294
500 132
94 263
398 338
241 487
66 53
363 438
407 317
480 289
292 274
53 460
166 230
283 81
452 132
368 443
116 188
300 220
162 388
17 116
489 478
495 452
408 98
307 434
244 299
113 21
131 80
364 131
285 301
425 6
311 435
88 72
88 111
355 214
346 277
337 191
224 68
320 380
414 316
410 181
182 3
216 322
119 266
55 192
184 250
149 64
447 437
213 143
384 447
488 499
294 183
21 313
284 74
103 206
64 457
395 377
317 466
244 235
412 172
391 81
226 91
344 205
116 305
246 167
30 41
26 220
500 432
71 69
25 374
465 435
305 317
358 333
44 320
432 496
135 270
66 452
326 127
325 468
237 306
7 246
219 321
279 302
367 405
372 42
417 365
448 297
11 311
115 364
65 462
381 141
106 13
146 137
170 164
450 359
349 440
53 436
216 483
301 134
21 100
498 197
26 69
48 52
119 406
313 73
331 492
427 271
103 346
71 25
10 329
263 443
173 349
148 351
166 401
428 70
46 482
359 297
306 106
100 131
87 78
3 323
377 287
483 115
357 307
438 227
413 481
445 404
15 128
256 95
63 284
353 96
125 145
306 214
451 100
6 412
29 125
434 390
136 219
111 143
351 338
280 334
190 349
51 263
238 264
412 453
53 354
356 433
499 63
366 173
489 219
402 231
338 50
340 133
274 343
36 63
176 243
479 321
343 26
467 443
283 250
429 130
243 308
138 433
56 456
411 196
343 128
22 208
499 231
34 157
73 393
128 486
116 61
369 375
35 319
306 459
58 10
74 173
108 462
200 128
168 160
94 195
188 443
481 390
193 67
300 197
276 238
112 296
146 156
179 224
425 303
34 231
489 147
22 166
212 205
26 401
476 45
196 423
143 32
49 104
172 174
358 2
159 442
390 107
476 378
320 423
55 368
142 183
372 265
99 340
303 91
124 123
160 111
99 203
3 251
312 177
296 342
361 160
179 262
270 313
369 448
106 382
56 349
130 85
350 162
400 498
307 230
3 175
232 22
296 203
463 88
137 305
299 345
171 168
251 226
375 462
382 452
192 299
189 372
381 287
60 197
20 85
450 372
250 180
419 263
360 304
116 178
151 461
96 62
395 16
63 216
265 263
493 274
144 244
457 382
227 354
229 175
202 393
465 290
303 186
313 470
285 336
418 463
481 177
84 317
219 359
33 77
31 246
195 103
474 191
446 266
196 62
237 201
356 160
117 474
411 195
418 148
169 126
466 356
333 269
280 13
460 83
327 378
157 139
338 26
390 197
185 298
177 15
464 73
208 9
18 8
167 16
228 261
267 153
401 117
422 483
19 227
412 408
221 52
140 437
275 338
264 399
376 470
427 375
281 123
140 28
485 73
407 383
64 380
365 347
27 211
62 174
3 45
380 230
493 478
282 105
156 165
197 338
38 167
395 482
373 63
147 202
442 79
88 68
370 455
494 34
9 51
433 293
208 471
154 322
190 418
478 364
273 480
324 133
4 11
361 82
89 8
183 101
165 52
355 155
215 361
246 70
279 253
102 376
162 179
463 448
420 37
284 29
468 270
212 497
151 437
124 474
305 95
316 204
386 282
111 348
66 241
187 455
74 248
355 334
466 22
470 137
112 58
342 444
59 46
91 4
55 83
159 435
432 76
254 58
306 267
307 83
33 193
131 486
419 26
341 430
50 163
321 420
3 199
437 335
323 133
85 400
491 147
211 265
68 106
138 240
364 444
324 142
162 42
439 56
130 302
377 64
289 170
137 150
397 393
174 379
218 279
110 372
290 92
348 218
363 237
408 393
277 5
62 79
473 495
207 254
192 100
299 255
249 368
171 472
218 111
361 492
276 450
1 96
140 5
329 61
195 111
403 52
11 457
134 191
157 311
255 164
487 421
170 305
305 117
25 220
447 96
192 341
60 69
307 420
482 70
392 121
18 496
113 317
254 343
330 476
139 225
160 457
174 236
90 271
339 72
270 190
8 30
79 452
375 356
384 468
486 192
120 412
202 279
72 279
173 39
488 320
181 26
226 381
197 476
372 286
10 268
221 326
218 479
246 24
99 85
213 237
80 347
473 7
172 129
387 381
13 58
62 136
59 472
100 456
480 321
406 197
236 191
235 448
42 30
60 277
250 133
351 386
340 396
158 268
192 246
265 337
203 397
373 192
255 324
288 430
231 181
173 197
137 479
96 290
426 479
296 53
409 122
5 343
492 232
9 67
249 304
122 137
122 206
208 332
500 64
194 53
374 343
141 330
256 384
397 71
129 39
54 196
213 357
415 424
73 108
418 410
234 231
85 323
483 280
159 260
195 3
351 439
229 87
460 48
304 92
100 393
4 454
472 470
131 466
456 35
350 295
224 133
56 322
137 164
270 257
206 466
193 108
160 458
110 320
451 9
220 125
411 486
394 106
108 58
305 234
295 476
10 323
246 444
186 259
289 423
460 269
491 336
459 263
112 468
245 133
185 475
498 333
263 186
481 443
423 356
326 263
97 54
91 293
68 265
484 381
368 371
378 296
114 311
153 332
302 12
318 141
29 234
69 78
42 54
302 440
15 491
465 105
411 392
313 126
364 313
9 483
244 199
440 216
266 165
70 417
168 31
332 257
377 87
190 71
277 376
197 93
244 85
105 457
472 7
412 324
102 115
482 139
369 135
272 419
488 160
312 424
75 220
264 262
330 5
457 214
369 59
110 199
387 450
116 62
61 396
13 142
349 259
55 500
347 446
151 330
437 276
198 296
203 240
440 261
440 186
244 44
50 349
121 326
226 366
264 98
489 459
269 38
398 296
314 430
55 206
219 396
476 393
263 421
75 333
346 5
264 38
453 9
472 195
274 195
412 260
341 210
325 88
272 402
113 424
21 425
334 188
242 236
447 151
237 467
207 84
470 243
178 331
69 272
260 270
497 139
277 248
115 173
12 328
368 476
14 99
9 88
109 405
284 107
37 425
222 404
468 138
120 474
405 20
199 448
97 41
82 344
498 104
272 120
187 262
478 101
84 152
337 357
142 127
24 92
411 126
461 174
220 487
142 129
390 94
370 302
44 175
451 351
484 492
164 193
42 263
361 332
375 425
28 42
261 22
465 303
346 160
92 366
180 79
418 380
352 423
81 211
379 304
349 235
37 67
268 2
264 327
236 390
495 18
405 375
483 90
124 94
312 47
342 231
184 102
250 483
40 124
306 105
363 239
49 38
263 93
454 174
279 486
213 235
251 399
137 36
59 327
284 450
112 106
233 399
89 15
211 387
157 477
61 164
369 437
445 296
77 293
337 215
448 89
330 247
439 350
401 217
464 493
275 307
399 346
414 205
190 409
125 191
175 410