9278
7223
5506
8032
956
1382
4478
1327
3758
4340
1994
8773
7761
670
1438
4605
6225
6011
2353
7822
8075
6374
8520
227
3331
2596
8868
6352
9300
3820
320
7491
9082
408
8499
4295
2374
2878
4122
5001
3360
6951
6145
9552
3245
7152
6334
4303
6252
6660
1871
6282
5087
7085
4485
4030
3684
9819
9572
5390
2702
1582
4718
5250
8351
3359
6717
3309
1884
1445
1929
91
9363
8043
5820
9802
8215
3675
7110
3138
601
4982
9814
5924
5478
714
445
9868
8636
6287
6301
4566
3685
7095
9323
3945
234
1646
6773
144
8717
1505
1512
612
1002
5277
3418
2066
8077
2440
1245
9695
489
3347
1734
8880
8811
536
4068
7983
2784
1824
8481
3410
4427
5311
2312
9253
5915
4894
2981
3006
5293
5272
7855
335
847
6211
8885
7867
6700
5551
8610
9294
9303
7154
8817
1701
8268
7541
6922
9499
5667
8244
9737
6029
1859
3634
8662
6358
9736
1243
5318
87
8689
5903
2907
4381
3457
8264
1478
295
1583
4959
2602
1439
3329
4901
5019
9852
7701
3363
589
4867
139
4623
2785
2305
2048
3140
7024
4892
1978
3314
695
5382
3610
9285
2579
8969
2385
948
5809
6043
759
7390
3421
947
4421
5696
8847
261
3647
3355
1577
9993
6009
8295
1517
7169
5333
2955
5933
9814
4798
9838
8342
1142
6828
7664
4978
7273
3769
6060
3655
5410
3619
3696
2132
7763
7482
4750
4757
5404
1532
4518
171
3621
3167
7431
867
7519
9456
3805
3180
328
1659
6922
5331
4765
9269
5136
2412
6714
2724
4574
4166
4797
7543
549
7889
7214
519
3165
5009
4118
9149
4079
255
8879
9022
7559
7055
1166
800
5001
8759
5509
3570
4760
4407
1074
849
4496
5964
2106
7757
6040
3529
5278
2197
8859
7260
1551
2381
5116
1043
8913
4972
358
9790
5887
3085
8591
1011
6597
872
7003
8255
5916
6237
6646
8434
1110
6635
9354
902
6915
994
427
3323
6711
4814
2193
2460
8898
5163
9181
570
6113
2370
7472
1683
8209
4902
4278
2259
2310
2964
2329
8759
7052
244
7438
4238
2034
4608
2819
6344
3552
4578
1929
3645
4324
5172
3450
1841
8926
8640
2578
7558
8256
6640
6792
7486
4936
4841
5919
4018
1133
1486
6316
2741
2546
5619
6256
2984
5608
2291
2074
9945
6164
4121
4253
8353
6589
6045
299
1906
1078
4906
5104
1375
753
7478
7382
7248
2235
156
9885
1244
4551
5248
6510
3070
1850
7715
295
4217
1719
1858
2347
7820
5592
1461
847
3858
7393
9974
2559
7627
516
8302
4862
3624
1597
5123
5673
9193
567
6811
3750
6614
6830
4692
6399
8926
9309
8313
7161
208
7250
6184
3404
208
8264
3916
6058
8223
8918
1816
7166
6117
558
6568
7670
1093
5956
3853
221
7333
5607
8083
4675
2964
7693
73
9420
9607
2942
7994
90
5481
5925
3759
7610
5663
7043
1489
7230
1091
6411
4793
860
1579
2076
772
398
4980
518
9562
9695
3811
2970
7444
3567
7610
8808
5321
8175
8400
2484
312
160
1806
3844
8423
9696
207
8966
5690
7133
6343
975
6936
402
2163
7448
396
3522
3799
8268
3378
8622
1671
9773
4973
8183
1211
5170
6769
4650
8026
3263
9224
9887
7435
2905
1681
4962
3139
6123
5610
4913
341
5836
1062
1796
9968
3634
8926
7431
6027
7312
6929
2243
9555
2348
5138
4584
4934
552
3068
2926
1751
9560
5285
6243
7884
6392
3626
6349
9131
271
5837
9320
3160
7482
9713
1281
1383
5902
5754
4735
8257
95
1673
4365
8661
2146
8538
3616
2372
2124
5494
8036
2462
282
1157
7598
3064
4310
7662
7241
8153
6446
3643
632
861
1501
6987
8033
4364
3138
9913
2663
6401
1371
1311
666
5223
1787
4713
4104
9051
8929
6587
7508
5170
4294
2425
7334
4236
1945
6886
5481
5959
9221
5775
3599
5881
3274
93
3170
1899
8156
6600
8850
9106
4223
1970
7574
5432
4540
517
9435
4354
8392
6216
4606
1279
6801
1059
4095
2510
4599
9450
306
9550
6006
4544
8248
3863
7547
2897
24
2508
6287
8615
7011
8764
5317
3092
2826
9037
8818
2406
7482
3288
6920
6521
654
6272
8364
3649
9696
6795
9639
6294
614
5495
8137
4244
548
9152
3460
6503
5405
194
9049
8699
8122
4725
1447
660
1654
7653
7710
6001
2928
3697
999
4630
4065
181
8960
4904
8417
2958
840
6304
6622
6310
4250
1266
970
7468
4673
7959
9625
1303
5092
2732
9707
4317
4485
3432
121
9535
4945
1054
7366
4284
4241
2093
516
274
7132
6859
3259
3014
8691
344
8332
1142
3460
3091
3810
5130
7611
2250
7804
1959
6850
5337
8830
2698
7100
1476
6156
9154
5292
460
4815
4854
990
4695
7482
9712
3641
2316
6812
983
6626
8937
5305
1716
4332
8138
3978
7475
525
1637
5482
7502
1441
3445
2963
8141
8295
6039
789
1817
8084
7548
5004
4936
317
9288
3379
6009
3165
3688
2340
2467
8282
9679
2234
2194
9827
9848
5165
8299
3601
1741
1201
2897
2247
9942
2756
8010
5900
6855
5906
7155
8256
8874
5848
3270
8890
6632
9956
6636
1547
3096
6915
9821
314
1251
5965
7132
7216
7259
4874
6337
7148
3481
4819
7587
4490
3268
7492
4068
3305
9971
8272
1372
6080
167
9342
9322
257
488
4283
7688
5189
9656
5466
669
79
9244
34
173
9117
3932
3794
6894
8303
687
8471
5966
8941
184
5371
6272
4022
308
9730
4306
5940
5865
7014
9395
8008
1258
1655
9578
5990
6323
1060
3489
3147
1865
9497
9353
1720
4407
3567
5539
9068
3852
6014
3729
5284
6938
5511
581
9157
530
623
7187
7075
76
8622
6573
1727
8744
1593
3590
9358
9354
5376
5321
6298
2653
915
3628
3693
2506
200
9995
3919
2350
6071
9731
3995
5292
1503
5308
5512
1059
4841
9432
157
3571
4571
1763
5661
119
1483
4055
3758
6748
8177
462
5759
1533
1090
201
927
4181
6861
5347
370
7090
2354
7842
2583
6045
4621
5992
3859
5205
6724
5753
7627
4334
2129
2049
1927
4670
4917
433
22
790
7001
4736
5555
3428
955
2380
8524
1045
4776
2920
2457
4922
7445
3449
2704
9668
6187
5522
3147
1250
4989
8256
6068
7333
2068
6170
6029
8146
2749
1513
6979
46
2367
3762
5714
330
3940
4021
9408
9020
9091
8367
5162
7561
9672
3745
6924
8694
7692
2248
4400
9310
2534
2297
6393
9156
2282
9999
9906
8800
9702
9490
8641
8739
5302
7568
1827
5442
3097
4972
3548
5211
9033
5402
3845
6275
9734
6402
4129
5167
5837
8492
1774
5732
6749
504
9564
7286
7252
8048
7156
9425
2100
7417
8603
8651
3222
2506
5707
5121
6309
669
5776
5059
1173
4737
6598
5589
831
399
1701
9217
2795
6689
6397
7563
6547
541
392
4871
5884
919
2803
4767
2713
9378
2788
7301
2720
8652
5972
8514
2589
6297
8607
2154
3839
4987
5169
6699
337
9048
8481
8185
670
8192
6328
8795
2099
7761
980
667
7411
1891
4122
8788
9276
6923
636
504
7778
6280
3588
304
4977
5924
7226
3886
9419
7150
6243
1621
7658
8805
5727
627
5471
9194
4671
398
643
4149
4674
3272
3157
2827
857
9862
7862
7910
2805
9438
371
7992
4511
3668
1129
856
5770
8711
3867
3946
4840
1603
8904
45
9445
291
4428
9976
6238
2417
7212
256
4678
795
3493
8800
1659
729
3240
8100
9210
4203
7643
6110
5849
742
356
1891
6981
1025
323
9776
542
11
4126
7432
9984
4193
7792
418
6375
9811
6453
6273
4202
8501
5741
7536
1692
8708
4517
6906
2073
1049
2045
8682
6333
8130
8811
2163
9317
8052
860
281
6423
840
9274
1395
6536
8391
6712
4007
513
4102
3261
5704
4745
1410
7691
9159
2044
3881
6593
4324
7578
3735
2625
8696
4369
3907
1737
4933
7229
9732
4964
288
8411
1002
8768
2910
8597
240
2130
9200
2224
6364
4897
4571
2038
597
9057
4198
345
9384
7448
8183
2878
7731
3714
8958
5016
3269
167
9275
3929
8903
4840
372
43
5728
2854
5642
8505
2040
4510
2432
6678
2458
7527
4005
446
7830
2187
9129
5803
8327
322
3712
4539
540
7984
1184
7600
1563
8937
4973
2526
549
925
3058
5444
4704
9201
1779
5583
2143
7571
207
9155
4286
7010
3663
6686
4663
9974
9276
5486
8818
8411
4985
5811
1411
5781
9621
3623
9127
949
5561
5060
2790
8244
1647
4224
1522
779
2787
5276
4117
6722
1407
4636
7629
9222
1351
8581
6597
8661
1772
2011
6980
1950
8325
3905
5528
5428
3069
9708
7181
9821
5581
7779
3740
292
9425
5134
6567
6058
2234
2939
8477
7621
5623
3799
4162
9662
1627
5114
2711
3947
8831
3439
3277
3295
3142
9882
7287
7134
700
4462
5821
4163
9561
6960
4166
2020
8311
5197
3850
5828
4934
1614
9000
7965
5360
7292
5275
4474
6922
882
7414
7057
9566
474
2141
747
6946
8163
9011
3595
4902
1127
4463
6203
5255
8175
5155
9958
3985
1958
7625
5460
5850
3744
6799
9967
5765
1129
2314
1620
1226
4422
6439
207
5294
1102
4192
4625
7803
3894
3640
1425
9550
867
7735
3865
528
9313
1469
3152
9941
1206
8875
6699
7387
3226
3342
2716
6492
3396
9424
3438
9301
830
7339
5191
5635
8901
5849
5821
7785
1328
5512
1089
5494
4301
9884
7380
3350
859
8121
1163
2424
9024
6502
824
9175
3052
6562
8706
837
2705
8216
8117
974
8235
3241
9985
7853
5948
6853
6340
4423
9079
6196
658
9938
6409
367
9314
4133
4831
2389
1981
4940
9596
3829
4001
6230
8051
8274
7370
5622
6369
1391
4216
6527
6417
8512
163
321
1357
6500
6462
2247
6380
2407
3790
8987
3604
2577
9620
8246
9218
682
5386
459
6048
9254
3581
9324
3656
9560
9390
4357
6024
4205
7852
7460
5798
1162
1085
1690
7290
4065
2549
6346
8008
5983
5097
8295
3705
4274
2962
1365
442
3303
7404
3889
7874
5379
7154
6438
8960
2459
8234
8788
4424
6512
7755
4532
4305
7294
5831
5624
4326
8856
3093
3957
6205
1191
7962
3313
7921
1977
4411
517
5397
5575
4905
9051
7526
2739
3962
6631
4774
8058
6524
724
4777
8958
9354
8249
9208
1429
7587
9103
3772
1817
30
7562
9281
1264
8516
7561
5005
2084
9565
1347
5210
8018
9798
7837
8893
3138
6087
6354
3133
1025
610
7647
648
5420
331
5357
7067
5388
775
6073
1985
6424
9011
1802
7561
4089
7899
4369
974
7965
2744
3857
5882
4372
5007
498
3635
2055
3167
9020
5019
2592
6678
498
2049
8225
1061
6298
6775
6661
6869
8545
122
9585
7897
5669
143
1321
305
2257
8628
819
7960
1861
3036
7128
5032
4334
4907
132
2910
3110
7192
6238
160
2321
1254
115
9852
7789
7312
2865
5375
4276
4311
5555
3839
203
4218
3873
2921
4229
7398
2069
9892
9468
7595
354
3553
9472
8908
3269
2254
2011
7960
4038
140
8775
1999
3839
5027
6759
3651
6443
7770
56
7489
2742
1248
2848
8262
2523
742
8266
4201
4518
5375
1630
4238
9899
5029
3123
7620
908
2486
3195
857
3240
7512
7634
1202
5783
6817
5799
4870
9454
3403
8591
5692
6645
3976
7044
4662
5380
2040
2164
4396
6189
795
4351
8029
4983
9616
970
973
1900
6437
4359
4582
9598
613
6163
4915
5683
9551
3128
951
7194
7180
2957
8502
1919
9447
5731
2184
8784
1679
570
8830
8777
7747
7265
4490
8745
1434
3942
7541
652
5538
2345
4472
92
6355
6658
8660
3755
6312
2089
9612
3209
882
3281
4883
4284
274
4366
1675
8149
3716
313
284
7476
4190
8623
2106
4634
1288
3198
1359
5438
2223
3607
592
5449
1111
7437
1864
895
7303
3251
9943
8296
847
2591
4244
7027
8148
6284
9717
7342
6272
463
7208
9337
8546
2288
7452
5422
7887
4811
295
453
5842
7247
3346
1741
5311
1669
242
4356
1948
7656
7917
2720
3304
3045
6299
5450
6628
6793
7243
4283
3407
1262
6199
7627
6008
4476
6152
2883
6857
6208
8489
1029
6258
3428
3811
4485
6813
5102
4763
1040
458
3996
3713
4681
927
2920
4053
1613
5294
9320
2861
3013
2375
6177
9202
9575
3276
3311
3046
9460
3337
3183
6038
2334
4327
5310
9914
3592
3181
8917
364
3573
2751
9677
6882
2322
8316
6849
7507
1249
9156
9741
1299
5199
2011
2416
8485
3044
7695
6073
3903
5432
1149
35
8940
8705
5440
1694
948
3430
33
5236
15
9758
1691
2339
871
8220
325
7192
1451
8579
9664
8841
6707
28
8548
2131
3475
7629
3526
1770
4858
3753
3495
7869
7381
9874
4617
9320
6424
2581
8957
6271
7372
8776
1602
5020
7466
4207
4545
6567
8090
7374
5582
8770
3202
7259
688
1674
4169
8390
2940
9886
7874
9863
1950
1260
9732
659
6659
2522
2877
521
607
5102
6428
5134
7179
3418
8404
842
1769
9263
5330
1298
3388
7089
4945
7085
6266
422
642
8996
5243
8087
1912
4107
2772
3989
8150
7151
486
5336
6761
6876
7988
9935
1479
8051
8602
1726
6411
4037
7934
1869
5016
4382
7733
8636
4379
4861
4021
1477
1765
5870
6737
2004
1489
9114
4643
2770
3285
5069
7798
9715
4416
7730
1338
2300
8031
3669
7300
5228
8325
9763
8676
3284
5491
3280
964
9685
2514
4544
6497
9498
6471
1674
2282
5069
9872
3077
8455
3854
3103
3177
7055
9071
2381
1453
3317
3058
928
667
281
8083
9950
971
1609
9993
7748
6620
9825
9453
1103
7295
2103
3395
6354
8623
9181
2413
1597
9448
5138
6663
5787
4327
3556
6809
8147
3684
2509
957
9948
4999
1745
324
9175
4034
2337
6631
7313
9096
903
5009
238
9460
3670
6722
9629
7646
4698
4883
3258
6258
6451
7290
7755
6557
3886
6388
2961
2867
860
9674
7433
847
5426
2085
2422
907
6438
1278
8204
7194
1211
9980
9494
9607
3048
3135
8580
9892
5250
5077
6816
8346
2631
6002
1210
4726
9548
9311
6147
4197
4835
9292
4698
1147
610
7851
744
5189
5290
4993
7517
5788
6875
2500
921
4102
8536
7116
4461
6566
6647
4916
9274
5382
169
4483
853
4011
1227
3876
7054
5439
9061
8830
8253
7959
4353
3150
4476
5721
6579
5201
4539
691
7585
403
4622
462
8020
4941
9317
9559
6895
6862
6321
7820
5803
6814
4914
7443
2748
7218
8830
4450
2480
805
4513
3060
8668
9229
1477
315
1090
6309
7548
2670
7583
2374
9987
1616
1020
568
4084
9550
8146
6673
8805
4227
7437
9983
3186
5231
7308
3006
6738
5274
7443
5885
652
1946
7004
9012
3011
3729
7289
4837
3810
79
8443
3635
5355
5444
8882
8483
123
5486
5512
970
2249
438
3548
6695
9035
1229
6899
8038
6334
8421
84
7296
4859
7490
391
2878
5928
4515
9493
3874
9731
9199
9991
9248
8670
7806
9460
1123
9541
355
8231
3108
1563
5891
3746
9735
7932
7911
9877
7894
6744
2573
8507
881
2846
5973
1663
7135
6065
5381
5252
4613
373
6139
4285
2084
5949
7724
1520
8483
1231
3104
8040
9433
2880
312
6724
4829
6924
4776
3897
3171
9800
9966
5268
836
9129
6729
548
6386
9218
3123
8488
3972
1599
122
4342
8392
9044
8800
6238
2339
4417
7182
4458
6600
9587
2349
4331
6990
7476
8694
572
7148
3972
5113
7068
7935
284
4178
6092
9078
5703
3808
9232
1841
5350
8399
968
3815
1120
8822
5620
562
9346
3349
5484
8103
2331
9646
8246
8761
7181
9085
8447
4086
5405
4237
5480
9699
2405
437
1891
3169
1870
3342
7532
8222
4356
3393
6864
6637
9402
9317
6825
8232
5586
2484
5239
5866
6102
7345
7940
2077
4067
4821
5384
4622
772
8424
1352
258
120
2881
2534
881
8372
428
7105
7616
6131
4659
3900
7895
4339
2380
3953
6991
2843
2538
5467
8353
9052
5434
2799
6248
1862
2501
3951
1709
5696
4280
3933
9438
1914
5659
8248
2015
38
1097
9218
3575
7463
7786
249
4693
46
141
4924
2935
9115
1184
7939
9931
6053
8587
3314
9730
404
2841
2660
3554
2755
4606
8743
5475
3471
8879
1503
4224
1874
2592
9558
4948
9017
5284
8487
2893
8145
7596
8617
9174
8335
3751
378
9101
6197
2872
9859
3507
1517
1224
3779
3761
4517
7069
2567
9693
526
1891
6178
3271
2806
8253
7298
9237
6316
8643
8024
3598
68
1609
2218
8555
8218
7462
7316
7414
6557
8344
1826
3959
2070
7901
7161
1186
1531
8026
8697
4172
8512
5809
7680
3679
5462
2092
1312
6871
12
3798
311
2598
8057
6590
9341
250
528
2166
1447
2733
6050
58
5998
5911
1896
9483
6291
7376
9811
5271
2519
3783
8536
5157
4360
606
89
607
526
7429
6617
1523
7505
4887
1627
7479
917
9026
1777
6438
1013
8704
1011
7104
7092
4549
8955
5299
2363
9125
6244
9386
1793
2510
7784
9641
1661
2015
2477
6252
3926
4383
9872
5876
5692
9623
9902
1417
2753
9235
3510
9333
8061
1082
9537
2627
1973
7585
8066
8107
9892
6343
5407
9521
8094
3003
5419
1246
4116
3750
1209
5280
5294
1863
2873
5836
3063
5692
2155
9779
2217
7132
7030
9313
9287
3995
5927
6728
2338
4135
4307
7248
146
4546
3395
326
7734
4798
3573
4465
9960
3069
5053
904
6357
911
5029
3361
8568
1253
6541
9823
941
7430
817
5817
143
2285
4300
7112
959
3162
5266
4677
8747
8842
7020
2067
9881
5301
4009
4312
5912
6090
6822
7966
1028
3318
7606
7350
5051
3302
9603
9142
7067
7107
8622
3756
189
7748
4863
4311
3073
3972
9040
9029
5371
431
4285
8551
3783
7199
1496
8012
5335
7979
7496
2219
1196
3472
5963
446
655
6421
189
6864
3802
4486
4927
3918
9606
8236
2034
382
8122
7610
3226
1376
9943
8300
7872
6760
5789
2959
5268
9321
4181
9980
2587
1099
4339
3627
1267
6439
6965
8115
8568
6851
4247
3977
2254
5187
7767
7708
1924
1217
4049
4346
7523
8389
246
2065
5380
1898
1411
530
7970
7351
4768
6367
2859
4341
9877
695
2752
5149
4756
6391
6957
1704
9467
7682
1618
932
3381
6846
3356
3475
3147
6011
285
9937
1671
5362
6481
252
6150
8245
1193
2096
8236
4729
4196
3386
4312
1139
5474
9095
2418
7408
5785
2153
2629
4254
7923
4507
5009
4124
6546
2536
5942
7485
4091
5433
619
9711
1569
9764
742
3587
4334
6880
868
8200
6670
4256
5117
6396
2481
4213
1461
4916
9068
9643
8739
1777
9206
5139
4619
6712
4007
1782
7784
3079
6210
5075
592
7782
549
2842
6129
9430
3069
8651
9169
7521
7861
3333
5484
1765
9585
5727
7805
1345
7213
6719
7
5981
7540
8214
7260
6331
2481
9929
482
3851
5935
4058
8627
2390
7645
5985
5623
6675
6883
4809
5116
4842
994
7156
8077
5030
9472
6824
8200
7793
1198
7136
5295
350
2161
7793
9681
9362
519
6671
2752
4988
656
1968
4082
7442
3519
1592
2682
7824
8182
7196
1809
3002
5610
6062
8093
7785
998
5168
5368
4296
4523
8925
5325
2236
4258
1721
8051
5270
995
9228
2195
2284
9724
6819
3771
2975
1119
2292
8140
1059
6980
8857
1741
9361
5244
8566
4685
6049
9520
2085
3840
2467
3037
2405
7590
5167
1152
1909
9329
3919
2869
5928
8581
3554
8378
8836
8779
6665
1681
4881
7337
6936
6509
9340
2108
7555
3475
876
8792
7023
507
4950
7314
4181
121
3508
6054
3500
7805
8082
2478
2282
8766
6747
5906
4037
8227
1921
1372
2081
3753
7387
9726
8029
4691
4652
7267
6002
9199
5535
3865
7495
8210
1390
3232
7870
6171
6580
5089
1057
8354
5598
5718
2433
9986
6706
3819
282
3722
2317
6522
5012
2443
7282
498
6158
6247
2234
7465
7574
2643
9127
7732
3397
1184
6542
3457
4925
1109
4187
922
5448
9711
5181
2523
5884
4754
9014
5896
889
4362
2791
9279
6275
8599
3547
2719
91
3856
9114
7463
7974
4933
9636
7973
3439
6326
7810
6712
1304
9309
45
4529
9048
119
2038
8080
5057
912
252
2521
1577
7468
3766
5801
6805
970
4886
778
5002
208
4669
4609
4007
2564
2430
5667
1020
9228
5534
5809
3239
9114
3469
4863
2867
5914
1995
9554
4388
1352
480
4157
5415
9925
9088
674
4503
9796
5330
4659
7818
5261
7592
4248
4208
1605
7234
243
1027
1792
2435
489
5204
7796
2184
1920
1732
9735
8454
2784
5641
1176
8470
7011
8940
6191
389
3061
6250
7560
2148
9403
2781
2163
3882
520
8032
9328
27
970
1077
4349
5524
2700
8297
6699
7016
4238
6021
1886
9374
4180
8369
2902
6938
4488
2973
7719
6974
1521
4882
1075
2298
414
5761
465
2292
9482
9542
9470
7326
9055
1995
8744
7365
677
2532
537
2040
5565
4878
9063
2030
7626
1617
1142
1659
8456
10
3773
3234
2266
2921
4833
572
3879
9682
6094
8330
9915
3452
8188
3747
2775
149
9512
9376
1357
8837
6913
1580
2069
3693
9126
6426
8777
791
2448
1555
4366
7028
4767
4034
1545
7922
6615
5863
5423
1310
3128
6352
7852
6128
3475
102
8684
5265
8123
1033
8102
6323
1822
5819
8377
4962
4109
6818
9653
5891
9670
2269
3266
5687
5800
9784
9512
9831
4512
2789
6767
1808
3943
4408
3648
4140
6117
3287
609
4764
9243
1391
5594
8334
5916
8863
7573
9684
4286
9666
3096
1683
9358
1096
4256
1400
4096
440
8458
5349
5423
8192
5171
3588
4288
4077
3540
4923
4251
6746
4333
9775
200
3803
8670
4620
7958
6154
4366
3806
8932
1370
7416
2356
1384
4447
4946
5860
1660
6746
1301
1066
8209
3043
3405
2301
5676
8126
3576
1805
4343
3926
7201
2392
2441
8558
435
8898
9489
1695
9330
8887
922
7520
5295
1831
3248
6669
7976
4863
2297
5658
5224
784
7529
4782
3258
2119
9609
393
6474
1926
639
4637
3375
1163
9039
8771
7748
6322
6193
4640
1747
4831
1552
7243
448
4852
3670
435
5373
7930
2982
729
2066
6899
664
3757
4152
218
1204
9115
3663
8382
4219
6451
7816
1373
3334
9145
8029
5939
2937
8098
6281
4163
527
606
3175
2488
4899
2660
3888
8038
6683
1375
3059
2503
9897
362
6542
4152
9841
2296
2636
8550
2128
2090
3610
9410
9180
4353
2107
2820
4931
9573
1499
2859
5542
7122
9523
6145
9356
1931
424
4791
4955
7686
2916
2696
8524
2809
9545
688
5344
2357
8490
3344
2239
2008
916
4998
6001
4269
2580
4488
1084
6385
6877
2599
1281
3381
8543
4405
455
6702
2342
6136
4907
864
2959
7855
157
9928
323
2487
3643
3216
6680
4759
2093
7161
2434
3761
708
2921
5969
4306
3563
9141
8139
602
2655
9386
7302
5960
2818
3947
1943
7042
4368
1683
3144
8536
7685
1135
9969
8572
2748
4681
9738
9785
7500
8997
7925
5925
9947
1734
9476
1245
8461
9867
6897
9378
6814
8846
6088
4779
5598
479
7236
4970
5250
318
9355
7161
5181
8109
1770
3020
5092
2359
3770
3773
3523
6347
3755
5939
2152
2130
7566
9632
5242
3369
6260
4159
8356
895
2801
8181
4361
6975
3049
8784
2168
5553
4173
2492
3923
7029
6942
8353
2247
9545
4893
213
6650
9768
9839
9241
8
1515
7714
7055
1407
3142
1227
5017
6325
1516
2058
4015
1502
1652
9857
8638
2579
2035
9369
728
8212
8068
4680
9976
675
9657
5053
5594
751
1824
1629
6268
9488
5960
9900
5078
9548
1847
1861
1413
2704
2170
5514
4824
3453
1434
4751
6312
3914
9785
9100
6572
1303
9110
6679
8883
2821
1988
7928
8799
4902
9713
1705
662
1709
940
1529
8917
8674
2519
538
3180
9608
4250
2041
2448
3262
3825
5800
4152
987
2747
9269
8351
5740
6869
8577
895
3485
3641
5717
3602
1513
98
7120
7709
5396
402
4073
6106
1831
5073
7229
25
5050
8948
8308
4711
9062
1769
4416
6320
1557
7289
6685
1232
2927
893
77
1943
9164
4363
9158
2521
5562
7202
9190
1430
9886
7340
6087
5918
6186
9187
6965
6597
2264
6103
4432
2019
8804
7660
685
2342
2796
6246
3402
4964
8825
8516
2345
3872
4025
9062
7675
8426
8208
2288
8266
9223
5525
4455
9384
7952
5787
7580
2753
6195
6358
2367
3398
3725
5934
4029
7454
5627
5059
4454
8760
2761
6779
5547
9184
7542
6960
3582
553
8084
2840
2813
5363
3767
6935
8737
6195
5639
4098
7599
5668
5012
7514
5947
7330
6843
3812
6183
6038
2567
4431
8742
7024
9791
7822
897
8681
2057
8404
9313
7053
8081
3910
4924
2567
4742
6573
5259
7889
5012
3317
2987
7399
4726
6272
2569
3148
4065
985
2119
4280
3615
7314
4190
4887
8554
1163
7429
9572
8432
389
7776
2228
1515
985
4367
2807
9158
1048
1741
3987
7611
5879
957
9480
9663
1956
9506
7039
8210
3717
5252
1960
4348
9571
9938
6549
1693
9723
470
3543
9639
2043
4012
4233
6324
319
5529
1069
7177
4089
3625
8697
8891
9589
843
164
5186
4745
144
3946
9311
7602
2232
8960
4977
2443
4568
5725
5162
3366
6419
6695
5217
9646
1284
268
8560
7081
9025
934
5253
5248
7028
193
329
9294
5881
3200
7060
1163
7386
8122
3025
2649
3289
2268
9317
700
8670
4062
4657
4876
835
2021
5254
6013
3792
5603
4620
7526
8839
6184
2619
4748
6744
2249
2895
5387
211
6430
70
6719
9272
9469
4476
499
9760
8895
6863
5504
1792
3258
3256
4752
1813
5522
1233
4406
547
5346
5265
4894
4107
7940
2587
6159
8810
9804
7526
6623
7721
5198
599
7616
6068
4810
7795
6898
423
2018
5012
5453
3205
1914
3872
736
4070
1573
3999
2562
1687
5242
8403
3354
3401
6491
3231
652
1316
5076
7794
3572
3956
5778
2121
2773
4976
9942
3063
5691
4905
5125
2486
3555
1080
6743
3281
3723
4684
4455
6878
4797
8648
4559
8701
7153
5137
2434
9086
9795
1328
7006
6599
3626
9829
4278
6175
6736
58
8890
7875
3820
5448
4638
1579
8614
4945
5226
993
3078
8171
2425
4933
3488
5229
2307
1941
6503
3305
9038
8015
5809
1694
9434
8725
1539
3053
8152
885
6797
6683
3214
6512
4620
8255
4342
2203
4450
8246
6089
7861
4111
4873
8054
9534
2757
8674
3778
623
4816
6749
464
8608
5790
7950
6931
9149
2841
152
6544
4490
7961
9984
6115
5417
6681
3533
267
6220
1772
3785
5462
167
486
5202
138
2286
7544
7552
7993
2467
4579
974
4538
8963
3466
7713
7717
6091
182
4714
7884
1585
7061
7206
2089
5631
6828
287
99
5458
4595
8886
2441
7023
7804
9211
1474
6787
6319
8216
378
2912
430
8079
1440
2473
5982
5554
6709
3821
4871
4043
3903
9586
9984
6567
8945
9360
8090
5318
5444
6557
5582
7621
2455
9566
4755
8403
400
9097
486
3481
3049
2432
9229
4870
3692
511
2389
4090
7478
7231
2977
1432
5710
3993
4606
5676
6005
3113
1450
7489
1244
1823
399
500
4477
711
6782
3508
3386
3202
809
8327
1028
1896
2196
8055
9553
89
1162
7210
4774
4489
7077
2083
2525
7318
5139
4354
6999
4369
744
253
2422
5287
3645
2134
4763
4351
7470
2454
9737
2648
4812
575
9123
1669
8452
9531
6251
7498
4247
4036
3063
951
6743
8720
5323
7877
3379
4740
340
9562
1840
5586
3686
7710
3514
9261
9217
3531
9625
4198
5145
9575
7907
1024
3527
9476
5355
8823
821
8308
8187
7753
6708
6642
6774
7978
8301
3830
4666
8991
3098
1407
599
1634
8692
2940
7603
4223
4113
2588
1203
6556
4550
7895
230
7144
12
7249
3394
9052
182
4310
5121
557
7438
2100
404
387
6403
8131
9909
6712
1094
5933
407
309
5401
9376
878
9638
5004
2358
1075
4461
8861
5214
4977
8006
978
8665
6905
7188
793
1493
2943
8121
2128
3481
9305
4185
7898
1893
8901
8478
2118
3275
1540
8277
7841
4705
2820
8694
3673
4209
1324
9808
1768
8967
8055
9823
5626
2682
5108
606
4645
5127
3310
5556
4357
6463
54
9325
5679
4781
1204
5202
7745
3459
5395
6992
5736
5132
8227
8630
3261
5744
9767
5634
4560
227
7580
332
9038
4433
9986
4517
9571
4600
1186
5088
2105
4193
5704
3460
9489
9564
6949
5671
9051
4764
1586
880
7041
1897
900
2945
6624
2159
7789
8781
633
172
1262
5108
609
825
1437
4339
3162
9267
1992
1332
4072
6864
9754
2103
1334
3336
7400
3039
5153
3214
1345
4063
2963
2880
7046
1954
7004
9301
187
6022
5185
5800
9956
8166
1504
7052
2922
8513
5152
294
4243
1622
7288
9815
4747
6047
2691
5861
1877
282
4424
5453
3586
852
8026
3501
3182
9009
5522
6095
6261
4120
5679
3508
3032
4688
5328
6699
1116
9122
6316
331
5114
6691
829
5012
6273
279
4618
4716
8419
8132
5587
6198
4865
6790
7614
8707
7050
9670
8993
3125
2880
4607
2704
1702
6320
6157
8503
7631
1839
9825
4853
1868
946
5146
2323
1875
3336
463
2533
8510
1885
1819
5595
3267
3978
9663
8211
1515
5646
8090
2470
3537
447
429
3780
8361
3983
4012
53
1314
5873
2306
3740
6119
8749
3727
7196
5421
76
4429
6827
2151
4414
9687
5487
6132
298
4668
3383
749
186
6779
3483
7852
8813
3962
9081
3644
4694
1481
3538
3434
7672
9806
1870
7578
8039
2375
9611
4531
9411
5024
2671
3502
2008
1106
2655
6010
7453
2530
1390
2976
4877
2521
6963
9753
1113
67
2349
5254
5204
1305
4871
7379
2943
5050
8151
83
2599
7110
3233
4059
6047
3668
1841
1564
347
5424
8854
2994
415
9135
2920
8862
2238
6775
5183
3186
8748
4109
1059
2168
58
1592
8060
3439
403
9650
733
7165
9922
2888
2887
4151
1240
3928
7857
2106
2703
9641
9115
9018
8378
3246
6458
1721
2478
4837
6822
3829
6110
7407
6871
9684
7257
302
3056
7396
9752
4179
8856
7114
9223
5747
1546
6248
226
8238
7704
2092
1385
4030
9266
7961
3325
3013
9411
257
9619
2089
9666
7461
2890
6774
3141
1695
4357
4893
5097
4918
5284
5522
3270
5567
2394
6174
6514
4333
5114
4050
7658
8588
9666
4457
3030
2455
6388
8645
9803
6808
845
8014
4328
7468
2866
439
2880
8596
1752
3616
8852
5561
6675
4410
3344
8072
949
1097
7791
1205
1300
6644
9866
4937
7305
3739
7015
6766
9025
9002
17
1284
2803
6102
4542
8590
4655
5468
2294
7409
2228
369
2082
9731
6108
7308
8565
8924
5372
5518
8515
8176
5017
9672
9109
3614
9736
4855
4623
5871
4778
1570
8667
4825
5567
3919
5858
4585
3354
2263
434
9414
8731
7696
6869
1134
2874
9509
8579
682
5685
3166
7060
4256
6487
3783
2219
5433
8131
2445
5373
4318
6705
8723
3302
8090
7064
9029
4127
9200
8032
7215
8801
6
4459
6334
9531
4847
5781
3504
2162
421
275
2058
3369
1976
4906
7810
4159
7188
2576
4537
228
2946
9207
2075
9857
1407
1171
6705
7605
3984
6021
3695
5441
5283
5443
8071
8292
7468
2628
3578
1414
9201
6148
5967
3426
4909
2889
951
2166
7307
3000
3993
370
6506
9146
4660
5223
8820
8962
198
3862
2481
6376
9798
7438
1355
2311
5669
1462
4577
2103
6829
7212
7656
760
9858
5597
8676
9214
9498
6884
9328
2029
4099
5960
4118
2238
9880
3506
4920
8617
6057
8566
6042
3369
7330
4457
7174
1326
8619
4357
419
9719
8593
3505
4913
3041
6293
4572
2161
7028
8349
5753
2979
5943
3208
4029
513
8969
536
8166
8705
1060
3846
5211
6289
7371
9025
8085
3496
4670
264
296
7381
3333
5538
2957
5276
9465
1368
6921
8014
6409
9771
6003
333
7616
1469
3810
5808
5291
5368
1968
5630
4995
2524
3482
8953
4177
6695
3037
8883
3203
489
4665
5235
7637
9420
1476
6751
1760
3820
6269
9599
849
1735
2853
7181
7721
565
6085
8227
2308
4601
5451
973
9672
3308
9541
2260
3834
6180
9077
7550
301
2431
1577
3938
6345
3935
2170
4254
9874
6027
3044
2965
236
2676
8149
2046
8427
6322
4911
1268
9490
1449
9534
789
6285
2533
192
4814
8427
9678
6622
5720
9906
4989
9951
1141
7070
3886
8760
9084
8214
8754
9883
6513
9322
3569
1567
463
5120
8823
4493
4963
3673
2214
6526
8754
3322
8446
2704
5827
5026
9731
9390
6475
5301
6029
9513
7808
7345
3368
1959
6264
9722
519
4165
6207
8484
1700
9112
7202
547
8882
5660
8854
5052
2538
2235
994
1449
4001
4813
8357
7831
1361
4882
1538
9722
5773
4680
5144
8243
7853
2001
2150
1942
566
1412
7459
1397
4193
2315
9775
6334
8308
1703
316
5566
2473
7018
7880
9421
226
2981
2387
504
9132
9014
897
9196
1017
465
1480
2690
1558
7242
3537
8522
9784
9321
4004
1244
1609
6797
8839
4790
748
7770
1659
5401
7171
9730
6324
1852
639
5752
1609
2976
6027
5240
5434
6708
3553
6411
2231
3526
2544
112
3306
2491
4599
5863
126
374
4944
5446
5935
8090
1222
6014
7814
5896
7415
6267
2607
1546
8430
2185
7391
7692
6622
9556
9890
1473
3618
1388
3035
4346
9093
1497
433
3101
9994
2835
7890
5997
4520
7560
5591
304
3498
9361
4872
4350
9368
8962
3132
7824
1718
1155
1330
9835
8148
1168
4863
5902
7353
6263
7703
2533
2189
3462
469
971
717
6438
5098
3541
7833
7491
7272
8054
3557
5337
9165
1788
2392
7901
4998
5658
4694
3611
4078
7025
237
6533
5188
8376
2983
519
2202
1287
9188
3022
7702
8483
2936
2999
8788
978
9450
3626
2891
509
7757
5795
5193
1788
9341
8917
8723
5274
7088
1099
1857
7260
5453
5550
2468
2301
8886
5792
9197
4930
4950
2908
5933
9164
1737
335
7376
3875
9292
7917
7215
398
5125
8054
5294
1796
7707
9637
24
1241
1197
4771
102
1732
7835
8198
6628
2054
5533
4977
404
4480
7279
2846
6272
683
4728
4525
8065
9461
3562
9113
5123
1376
6997
5915
1189
5313
1219
5506
9894
5744
7930
5479
1617
2334
833
606
9761
6057
1003
1808
8025
9945
3234
8119
8380
5182
2137
507
2208
2211
7548
2113
7128
9450
1724
343
3487
5436
9973
301
6732
5556
9292
899
3577
2367
3640
6496
2674
1645
954
4159
3497
2557
6874
4572
122
7086
907
4011
4477
1564
6904
8280
3943
2178
8515
8151
5429
6295
992
5570
9658
5895
2057
6612
4693
6902
3941
9987
2714
1162
8893
9849
5923
8592
1122
8387
8618
4091
876
2070
2399
9834
1061
1256
441
9655
63
9366
9968
4034
9654
2508
3399
3279
2617
1165
5437
8927
5842
5543
2274
7164
2922
926
6778
7924
8384
7693
5143
237
3880
8986
3864
3904
3446
7826
1803
5785
6845
1834
507
2301
9079
1713
5987
2463
1856
9313
6126
1721
5855
1447
6016
4564
1400
2314
4635
739
4580
9606
3639
4079
757
1830
1936
3417
9707
1224
58
652
9752
4420
1173
8223
8364
6376
6006
2208
7892
6226
1314
6623
434
5179
3477
6165
5350
3709
6000
6300
5352
770
3175
2349
1655
8401
6133
8203
6383
6619
3849
2280
8089
7976
2140
6134
118
5801
9170
3412
7810
1124
3357
939
1313
7206
7689
740
3902
4683
2855
4347
1936
2545
2525
6448
957
8947
3208
8107
3702
2943
7374
1039
8985
4814
5369
6261
6341
8754
2431
6414
98
1443
256
4796
7533
6226
4677
9516
9779
6858
4190
2048
9146
5917
8943
3931
1065
4157
8664
8509
5778
295
9715
6998
2586
6639
9868
2559
6516
3006
775
4091
6833
1227
3652
2854
1314
32
4463
4789
7029
7765
5873
2310
9899
9057
5980
5557
6711
5447
6289
3003
5599
3840
4531
9316
4952
5821
3943
8669
859
5463
2721
2681
7856
5422
3268
2956
2468
200
8345
9717
7084
7979
7549
5952
2418
4553
8923
133
3601
7001
5336
3914
5423
6574
2043
169
3732
4359
9648
1677
2686
9541
8949
4609
4209
7451
2444
8081
7216
6273
8352
4010
7127
1156
7325
6538
4410
2067
7978
3167
7297
707
1481
2136
4772
665
3546
8415
7835
877
3594
8098
4118
8805
5809
4649
8694
6533
3117
4266
608
8945
96
7075
4869
4162
74
2149
439
1599
7156
7854
6583
1546
2637
8163
6217
7510
9653
2427
5405
5256
2237
5279
2060
873
490
9105
6941
7137
9542
3886
6078
4652
2539
9854
298
5405
2109
6710
5453
3220
3881
4372
523
8983
8694
6005
1240
7330
5563
4651
6805
1342
1141
3954
1636
6144
9432
2937
2988
5652
7671
5298
9084
1609
4547
6796
7920
4104
3967
6528
86
773
2893
2530
7710
4431
4026
4116
6445
2621
3241
5994
5607
4948
3300
9636
4890
3000
7517
1324
2566
7645
163
9839
8406
2843
5453
2739
4314
8717
3267
9147
1478
2965
8448
5261
8917
4088
2799
3232
7329
1100
9668
9935
1207
6210
1588
5951
2914
2374
6361
1528
1076
6965
5029
965
9938
7421
8922
7657
1100
3260
1298
8547
8390
4116
45
8065
3338
1279
5335
5666
6773
4026
4413
1382
4919
2597
8351
2390
9346
6402
9113
912
1220
9315
8326
3899
899
4544
9294
3512
4386
1896
5432
5340
4701
1919
781
3522
6272
9485
1004
96
8621
8761
6828
9838
506
839
9564
8311
7623
2947
9100
7289
8632
7168
6649
5397
741
6247
5484
2983
5930
1293
1875
7367
6325
3999
2825
9104
2466
6980
4826
8220
8638
7626
591
9492
3870
7594
339
5288
6391
3104
8902
7230
4611
1768
776
4437
5314
9854
1799
8756
1334
8582
7762
870
5357
6598
7334
43
518
2771
8809
7624
1078
8354
1320
927
4080
9119
4826
3965
8958
7472
5447
4786
8065
2836
9392
5297
8935
8130
3127
5558
520
5353
3444
947
9540
8125
5624
6340
4596
2268
4516
4039
1172
2009
9425
788
9579
5119
7762
1871
1724
2898
8665
6110
3502
6087
5041
4915
5546
5479
2194
7796
9594
9708
7870
4969
3033
6560
8935
8939
8618
20
1637
471
7525
8286
6561
2018
7538
9071
6071
7816
5595
3504
7133
3380
1902
8343
9641
2303
3583
3061
3018
1456
4330
6777
75
6402
864
2295
9913
1476
180
3143
5378
4058
9864
4439
3264
2626
7789
7150
8955
5186
5349
250
4116
9796
5627
6741
1512
6613
4524
2031
367
5587
5123
9669
124
6429
5434
7265
5517
3266
8928
8285
4733
6700
3047
596
8061
4681
1617
445
9259
389
2226
2153
5162
2795
2114
2387
9308
8357
5778
9793
1255
1068
5295
1421
798
6386
9101
1361
2795
1800
8834
4552
4278
7809
9889
816
9964
7643
4511
6539
5384
187
9513
8270
7727
4700
3696
7952
8710
3751
2156
200
5110
2576
6757
7901
5899
1077
8218
3083
7410
5655
7853
8917
1928
8796
1985
2884
9127
3174
3564
3219
5671
4055
547
8859
811
4351
6996
642
5005
8886
5649
5586
1369
7226
1965
8786
6498
6038
2946
2307
9120
7988
9012
9213
2382
545
8414
1103
8253
7999
2257
1025
39
5751
917
872
2215
6640
3040
5297
2152
559
9463
6115
1485
9794
4622
1335
705
4124
1186
1489
4549
7915
5436
6964
2599
9129
9166
2809
4538
3552
2071
2285
709
7580
6640
3144
8691
1142
2890
522
6757
9112
2747
3745
3401
8930
8456
7743
5853
7855
8245
2176
80
8969
6817
2595
7500
9478
8966
3357
9568
544
6196
6330
9020
554
7880
7493
9750
4694
4949
2759
3697
2725
1443
6615
2317
7110
112
7851
5159
5747
7630
7274
3492
4651
8343
1487
2562
1176
3324
7774
1336
4107
1409
4088
9040
2456
7738
1012
8752
1582
7025
9711
5109
7876
7148
2675
2576
4864
2321
1568
5790
7395
1377
9004
9120
8803
694
4443
3258
2963
731
7352
2421
4914
2460
2843
233
9745
1029
4223
3386
1043
280
4943
608
7509
9261
845
2681
2882
6570
3937
3805
2970
8479
4503
7200
3640
8529
9979
9523
2473
1849
8664
3609
5284
9163
1501
4843
2948
8003
2401
187
8488
8196
1358
4954
6412
5041
4693
5961
9883
2351
9949
2194
1508
8092
3807
1875
4092
7304
2654
3060
2189
6639
5972
2561
3403
44
7030
8468
9790
9206
6770
2640
2378
6234
4282
2665
6336
8972
1669
6647
324
9955
6132
7261
400
6408
9511
995
6629
1484
2707
1457
3974
2494
2023
4411
390
144
5319
1007
2393
9242
6596
4656
8936
1202
1874
3778
1706
3617
6008
7793
7912
5712
9258
113
8939
8341
729
3706
1760
3458
2542
9927
314
439
584
1321
6748
1603
9530
6070
5651
9880
3562
9995
5910
939
2059
6719
5832
8562
2597
2216
4107
9177
1027
5504
1841
1800
2119
230
7472
5173
1008
145
4845
7684
3321
8754
8934
7721
9841
6740
4946
4455
8846
8410
3318
847
5264
2823
9080
4877
6449
5962
6215
4680
1898
1249
1609
2771
9912
4773
6073
8908
1108
3559
2432
2259
5179
6340
981
2705
6788
6515
4240
978
1853
4741
5389
6136
9410
3920
3762
7958
7931
3339
1391
7077
1059
5146
504
6300
422
4774
7453
4210
1511
844
2664
2989
2331
1477
4816
1036
2050
9559
201
7094
1542
2848
7241
6960
3304
8339
4473
9333
223
8330
204
4856
3513
8730
2675
2959
2748
2032
2949
2618
8752
8744
2010
7874
2911
1783
4890
5029
9624
5638
9425
8923
6821
9781
4370
5098
1994
4003
5559
5350
1355
2936
946
2384
7542
4283
6658
2201
9793
4620
1903
1241
1794
147
4613
5390
870
9481
3660
7428
1622
7127
2441
697
7275
7067
9935
1966
2920
9501
9433
9289
1987
1993
7780
7388
7459
8643
1255
2701
1858
4775
7364
9530
5765
4521
1714
6052
6857
7778
6443
5824
2350
1827
7054
7068
8108
9103
8429
6177
8438
4518
6386
8108
6026
5548
7835
183
6494
6940
2134
1133
6952
9895
8008
4362
3591
4820
137
8540
3364
3490
9638
5005
9355
6483
8135
9158
1270
3398
913
858
9610
9239
5417
3871
2309
3959
2084
7477
462
7166
1129
6900
7024
9414
8075
8495
2205
8417
2804
9876
4747
4330
5132
9809
567
6533
4196
6177
9232
5400
319
2843
8797
4827
9063
1236
1780
1715
7158
2453
2161
1572
6939
4553
9296
5329
6687
9987
4185
3230
7746
7227
8738
7252
1970
5074
7956
197
4099
6774
9425
3939
1580
3966
8027
1098
6292
7904
9561
6760
4641
1242
4625
7188
531
2444
8735
1130
1401
1042
6185
5135
4853
2184
1068
8711
9070
4523
3433
8949
9735
1688
6003
4734
7650
9005
7763
957
2941
7164
6134
9686
6412
6023
5146
63
1478
5935
1475
8640
6584
756
6416
4719
6062
5664
387
4947
4120
9378
6905
7396
3587
3187
4493
7579
1336
8020
9723
4584
1676
66
1264
6537
3513
9040
7477
6843
3651
4490
8638
3597
8103
9161
1670
445
3135
4047
305
9036
2982
2729
6434
482
3288
845
7288
3999
2630
2873
9248
4255
3309
6187
6391
8394
659
718
5790
3184
282
2188
7369
4520
1341
5334
314
5866
4502
8578
2613
794
173
1297
4944
8958
6066
6849
9899
6995
1732
1385
9043
358
4109
8023
681
2324
4473
8929
5561
3996
7021
1701
2985
1520
8891
6985
6387
9602
5098
3081
1403
9405
4784
1788
7311
6505
9842
5927
7091
8752
6436
9842
1377
3244
6018
7136
5510
4571
7420
861
300
9202
3806
6526
2698
1226
7886
8865
9804
6502
562
2566
3862
1679
1734
7487
1469
3926
7175
7310
7062
1143
825
6820
3118
5739
6393
5788
4944
1929
9587
9659
371
6252
4611
6069
8708
3357
1144
6885
1465
5397
9898
3053
4624
1641
7760
3184
7097
1529
3311
2692
3572
6013
6077
2521
8968
5983
6977
9868
1675
9719
9507
9921
2140
8737
30
817
2872
9133
2328
2506
4944
4230
6625
165
5524
7240
8446
3120
6578
3151
1883
9548
3718
8689
3939
8556
1431
3429
1669
9972
964
6421
9917
8859
4911
5124
5270
8899
6298
1630
988
9885
8099
3757
9877
9434
8383
1772
5279
7182
4259
4287
7038
48
4367
2610
5141
4514
6543
4653
7585
2441
3787
273
1288
3818
3567
3134
6966
3113
2247
6496
1467
5353
5514
9721
4020
1413
1382
1890
6024
763
3536
14
7493
8319
2540
6035
7528
4628
9304
7455
8848
8983
67
5486
8534
5980
4896
626
9512
5315
545
1695
980
2128
8425
8495
4584
6797
8508
5497
9538
7540
6342
5410
9801
8081
5531
9306
8331
3358
8442
7076
826
1376
3652
2423
1483
8037
3505
411
3344
3766
6802
9338
5502
2103
5399
9935
3615
3934
1544
3449
6420
3394
3697
896
7354
6317
687
7830
6031
9833
9915
7799
5703
8469
2090
923
4903
631
7474
281
4339
2282
217
4906
232
4930
9583
9119
4269
4969
5978
7099
9153
8181
7782
9093
9949
5461
6583
675
599
6618
1949
4943
3061
7593
2221
2224
1196
954
2786
2498
5456
9734
9186
2258
2719
9737
6435
4159
286
4128
6011
8575
6466
6534
9761
2304
6488
4653
8596
262
9799
7139
6871
483
3968
1111
5408
9990
8046
7181
3832
9866
3385
717
3125
5945
3330
4682
7121
9565
5975
9578
868
5837
423
6596
8301
8293
948
8344
6377
264
6705
2224
4310
4140
490
4369
9664
5912
1792
1425
9744
6834
4874
2626
9281
9966
7081
2996
4315
5457
7419
5230
5108
7505
9047
3610
4540
8326
5043
3015
5128
5352
5235
7141
2086
7861
1473
7222
3966
6012
5869
6420
1587
7405
9673
6283
4403
5676
4592
2426
6261
7373
8453
1381
1944
9322
7650
7342
5243
3098
5759
8489
9207
5017
7317
2255
4300
9700
1184
1730
9066
1501
5934
3727
1375
7587
8066
9128
4362
7852
7163
2645
373
7085
6621
9805
463
2846
3546
591
6938
9902
3845
6720
7469
9220
553
4757
6486
5195
4287
2161
5024
1756
6821
1542
1867
6946
4313
2038
374
2160
1564
6344
2364
1181
7764
9243
3234
2731
8556
1714
8802
8295
8869
6680
8188
8554
70
1100
6081
5681
20
9344
1094
9657
315
4329
6418
6912
1827
257
1752
9544
5023
8835
2159
1857
4528
6558
4172
3849
2062
5584
2045
6399
3615
9791
8375
5861
4608
4406
7407
3814
3843
4120
5236
5794
9251
91
2480
8140
4457
5324
7540
5809
4612
4387
4916
6825
6960
142
8112
6097
9467
682
1942
7395
645
1504
2862
2667
9735
1269
2114
1228
7762
8762
4953
7186
9584
6861
9705
2061
2702
408
510
7511
2420
8430
2248
9950
4410
8604
8512
9568
826
194
1630
1381
6867
3273
456
7480
9999
5383
4057
4723
1834
5201
3331
4544
7800
1569
1121
9840
624
4192
9018
8763
7664
3788
3801
7975
8341
4613
4353
4004
5300
8641
8194
2084
5696
3757
4649
7782
6938
2306
1370
1898
5873
9257
5956
4106
1036
2288
1481
9742
1305
3707
8627
1887
3380
2791
4438
7013
9091
7305
8392
8206
7568
6646
8827
2329
6079
3817
9104
2135
3892
8416
1220
1477
3762
9424
8785
2757
3447
7972
5129
4221
7609
3208
7427
5510
4098
6527
7379
1127
4673
8907
8080
3026
576
1635
1825
5951
5804
903
2017
3382
7127
9387
7670
8285
9131
6228
3782
9622
9504
9937
2922
5304
5589
6857
1122
5572
9655
6524
695
987
7447
1707
8596
6137
6622
8523
7016
2785
658
9893
3618
3082
888
5560
5377
3919
582
2070
7027
6030
8534
7935
9739
6526
8344
2918
6006
4948
1634
1774
211
5927
336
7925
2131
4879
1016
9110
1850
8988
9379
1148
2767
2820
2197
3744
6794
3516
1036
9995
8559
2821
9760
9466
8843
2319
8742
1327
6280
6250
7459
5544
6729
3595
4746
6242
7487
3481
669
3590
3577
2555
2315
4083
1551
4304
1637
5197
8926
6309
3267
9941
8555
4816
5100
9922
8334
5720
2101
9155
7666
889
6890
4199
9702
4740
1703
7715
3874
9092
7708
2396
209
7893
2266
5703
6171
4557
4124
2414
3168
6279
2488
2626
5448
9268
9711
1580
931
2719
9119
4489
4764
8133
238
7872
1288
9812
6912
3517
8012
2124
1908
2652
2029
1859
6948
8557
2629
8939
9887
3150
6208
5598
9343
9010
3199
6478
3739
2326
5668
5191
1423
1741
3971
7608
9350
9455
145
7248
593
6189
955
9622
1690
5419
8174
1200
1165
6516
9703
5468
3085
2733
3373
9235
3810
3747
3066
5888
2302
3399
2558
3568
7602
3777
1255
7178
5880
2273
9795
6496
3116
5615
9340
765
7350
6850
1653
4277
1718
318
9252
7457
5822
9305
4121
1889
9596
7003
8329
8327
8403
3236
2323
2834
2564
8090
860
3960
7597
1858
6328
6484
8631
1733
5051
6962
6322
8901
7217
3780
3992
9513
9334
1470
1366
7107
6426
9796
405
3651
6200
3671
6328
851
1252
5121
3259
867
7773
6201
5700
6358
5052
3574
9480
4562
2397
7476
878
6090
3539
9082
2663
3535
43
316
157
317
4784
5438
1992
1061
7842
9365
8918
7745
7520
5181
9874
123
7331
247
9587
7309
3774
6539
6818
9316
5688
7255
5451
4716
3581
4170
3856
8854
1779
4374
7006
6771
6747
8503
1350
3481
5969
8586
5226
5168
382
5658
2247
2123
7236
7329
1570
4078
6434
6863
719
4951
9955
63
9822
6941
4602
5648
5974
3848
4303
1889
3771
9807
2898
9231
2020
5280
2372
1334
3559
2089
6110
7334
9245
6203
587
5490
7711
4194
9440
9085
6901
5703
5949
5374
1630
6148
6503
4882
2759
7052
3202
36
500
118
8020
1339
6583
5371
1406
9194
7681
3484
4049
1658
58
958
4048
6322
8697
436
141
7542
1053
3303
725
7473
7915
5839
9282
5844
3395
7797
3979
761
5953
9321
9826
3670
8533
5674
2377
2477
2384
827
7013
453
6906
9403
2702
7506
3152
3965
2573
6463
5224
1074
5653
3452
620
222
5376
7082
3291
7811
3715
949
2759
3965
7234
385
3496
5627
2246
3778
9481
7536
8990
6993
5859
1039
8207
9818
2516
2791
1495
9025
7353
9960
3758
4131
67
9066
2126
3322
4142
2631
9000
6203
9834
2020
1036
1112
9123
6921
4872
1607
947
7173
4130
9198
8437
2454
276
8914
9023
297
6478
6322
2207
4957
1939
932
6327
4461
2567
3326
6998
3498
9791
6981
9683
8950
4145
9787
654
5683
123
8104
9144
348
4831
6725
7822
779
1893
807
4282
2248
2543
4436
6259
2363
7386
2099
7367
6859
5348
4116
3899
5417
4994
8043
6404
5020
9664
8040
6532
5232
6338
4914
889
8186
7762
6422
9651
6608
3535
4012
4469
6118
7739
1636
7960
9539
4070
653
7440
376
862
6913
8436
9964
2020
4555
182
6191
6544
2090
6913
2383
3989
7983
3547
6562
6960
3054
5846
9870
2679
5250
5932
8610
3183
461
7311
6965
3480
6092
654
7536
2699
9612
3123
1274
9809
9662
8580
9497
8305
4076
5904
2097
1350
856
89
5666
4382
7379
1103
4599
8909
7826
133
976
5676
8778
8845
7533
2485
5868
9180
2812
2825
538
9314
4291
379
3677
4594
7818
7675
3790
8643
5620
935
7255
1010
50
1737
2694
1382
8248
5148
134
3954
248
7833
1861
1639
265
9386
7757
6480
5771
7716
7787
4637
3247
8159
8506
4120
7721
8458
9073
8813
5992
4801
6863
5276
1122
6510
5999
7738
9729
9676
3803
3599
9664
8021
7790
7825
1917
6880
7214
8028
7033
4864
704
6989
2339
2967
8555
5582
8881
9600
5289
5881
1853
7109
3670
224
8987
1165
9277
8826
1391
9828
4208
9196
84
1724
8223
7167
3227
4768
6274
8020
928
9376
8244
2177
1495
4192
7845
7628
6094
2238
1571
5496
1709
4252
5790
3710
4126
5815
9070
873
2608
1026
8985
4847
9009
1393
6065
9703
8835
4376
598
1748
9927
2333
4591
2703
2173
8661
2594
3806
3674
9175
803
7274
4448
3681
468
4877
6380
8200
2795
6123
5936
1427
7338
1925
2336
2415
5337
3828
4337
4265
1135
7320
9993
2259
1165
4102
9815
802
6530
9952
1548
3712
2945
9072
2422
245
1461
4430
2119
1406
8018
6675
9345
420
110
7949
6888
9832
9095
9541
8519
8433
9922
4353
2526
8287
7526
9648
4472
8975
9347
7911
8031
4141
371
9956
9257
2931
4536
7416
7638
7384
5841
1355
9783
3669
3423
7644
1533
8189
1429
4613
247
5240
6827
8814
1319
5165
2300
1726
9944
6968
6073
7771
5165
6349
1479
6196
5235
3315
6197
6254
8869
2486
7596
4547
7416
4031
8038
4905
5426
9362
8094
7106
4638
7878
4352
3909
7510
5535
5655
1281
7473
6923
9883
2765
3462
9883
6690
2715
9010
8312
6856
4299
1893
5472
6741
3787
7281
7722
2411
4031
7144
5107
7065
6087
8652
2724
646
5319
2451
213
1489
8092
5730
4828
5159
9401
4465
4475
1492
5926
6026
7896
4647
660
4455
9041
68
9023
9971
6799
5395
2904
2912
2567
9703
3464
3183
8477
1390
5723
5499
1557
2827
9158
4743
6331
9488
1668
5975
3433
5527
3592
6892
3175
4978
6783
9112
9212
2616
3536
2490
6175
3407
8241
569
4705
6587
925
8251
5323
2660
1141
1758
3909
5887
5896
3392
9407
8802
5820
5427
742
3548
8608
83
9471
198
8880
113
3235
8898
2370
5738
7746
3472
4569
9690
2908
6739
9990
2104
7380
7176
1938
9683
4286
9238
2672
7028
2562
3690
5722
6802
9014
7665
1434
1624
5426
838
5666
5109
9226
5639
6696
7383
9196
5197
1842
4099
9106
3179
7568
2673
697
5830
3790
4791
775
4398
3975
7905
4586
9536
5216
7328
843
7241
2537
7415
367
5189
3934
4830
64
1634
3584
8233
9720
4677
9161
2464
2076
1472
6837
4259
5190
3298
2371
6701
9356
1909
474
455
1206
7967
4189
7808
5119
4310
6751
5829
3369
7349
4541
7312
205
1387
7106
4807
8253
8530
3552
5552
1453
2923
3721
5732
5945
584
2751
9084
42
6059
4394
7726
1772
4410
8815
5834
6399
2230
101
2956
9184
8689
9209
4100
9578
7623
1186
7132
8773
2243
4993
7278
1699
1148
2673
2425
5296
8639
203
3028
5695
5646
1137
2028
9184
10000
6769
4081
1566
2066
2403
2120
4702
5353
3070
2689
2098
3787
1636
2955
993
1982
7
3216
4787
5838
2775
6531
872
2559
8588
7547
2840
1394
682
9839
3898
8022
3477
2533
4473
7996
7488
4742
2801
8043
6274
4125
6633
2645
8212
3775
8346
4893
4218
3191
2308
2480
4076
6340
2432
9579
7914
2256
5642
1670
8937
4469
1515
6167
4997
5754
6353
5701
7296
7842
6820
7215
1746
3728
6729
5714
2719
2024
3135
2743
7271
6148
897
7735
6701
9441
2293
2068
7714
9782
9358
4307
8760
8900
1237
9383
1076
5990
1920
8163
6832
952
4831
4060
325
209
6700
916
5926
9214
824
3369
5529
69
8918
9716
4568
4882
5104
7778
2841
7495
4917
7236
5085
6741
441
9948
7491
5918
1601
3147
8018
6243
2502
7287
4531
7223
52
8810
2702
9506
2460
8241
8487
3896
632
8548
6880
9017
9222
8678
9783
8692
7265
2075
1015
5470
8426
2273
3385
15
5076
7849
60
4964
2312
6219
6108
3081
8506
8770
1097
8940
8463
3765
4383
517
4827
5986
9691
4119
9383
9236
7644
8944
4042
9080
8784
4560
9332
6537
1917
6438
6641
4455
8455
9083
7857
9636
920
1363
496
1352
5088
5160
7191
1931
2131
2699
2588
7746
2416
535
6880
954
9663
5966
6830
3761
3609
3825
609
3554
6348
6591
9674
1660
993
6162
4586
74
5089
6178
6552
7148
4414
71
5803
6569
2701
1014
966
292
5203
3552
3595
9525
1569
9900
517
5407
9085
5498
5494
8629
4622
5349
1484
3210
8995
9459
5870
7162
9236
3805
351
3057
621
7279
2114
6922
6274
3989
7056
7325
9770
333
3076
597
200
1106
2920
549
3710
279
877
9787
4791
1030
4664
4354
2010
8830
7622
2750
7053
6784
2954
1754
3848
7922
7531
3705
9157
2223
7699
5634
8524
8089
5145
5163
4931
6391
8155
4532
6965
6575
3282
1594
3262
9590
8614
1998
3527
2545
7743
4784
122
4303
3359
8312
6680
7467
4131
607
8127
9312
3451
9366
2458
883
5571
4607
5305
3602
4075
6992
3945
1678
7227
178
2268
5997
6568
3579
914
2846
9683
2044
6651
7485
9801
7986
7
6903
5380
8621
579
1470
6201
8881
6862
5285
7549
3661
6837
6815
6074
8189
1938
1011
8920
6381
6791
7270
2745
1269
3438
7120
4371
6534
4998
2090
1283
7720
2818
6432
7430
3765
6606
1687
8177
7556
5618
7212
3191
6635
4724
6861
9664
7870
8160
5697
8269
6602
6930
7926
4750
4806
5615
2788
868
263
510
1499
5684
7433
5009
1373
1926
393
737
3615
8426
179
185
2300
4878
5060
995
6002
7778
9982
7725
8283
249
4613
7299
2133
5177
4988
5188
5762
9141
6983
1512
6628
4457
5353
3341
1939
7881
1769
2223
4008
9530
6138
2552
4270
3576
6775
7240
4859
5321
622
830
2846
2248
8382
2259
7063
8031
5354
5032
791
877
3780
6694
3549
3673
7810
2972
4902
962
8325
1378
5104
335
6929
1473
2924
2930
3284
1432
3791
3633
5971
1906
8645
9697
7748
352
3977
3977
8297
769
5127
2108
8683
5834
6074
5733
6526
2330
518
9469
2271
5651
8580
6340
3120
7753
3062
1812
310
2466
2991
213
4866
7110
6262
7443
136
2454
3236
9748
2233
7301
4034
5541
6529
2087
4616
9858
2161
7863
8778
505
3575
4202
5512
8070
589
3176
2805
5172
2141
6297
5454
7409
7911
1329
1659
8835
3967
8731
2665
3471
4398
3132
4539
5501
2910
158
382
641
2133
4481
8098
9308
4226
808
5102
8788
761
7138
918
5659
5963
2059
2
6670
1508
5547
6828
3951
9624
427
3613
589
6399
2584
1173
4058
5518
2150
5655
7163
8371
5521
5555
2928
2541
3117
6681
5253
393
2635
9217
2731
8026
196
2173
6510
1943
2891
2076
4538
5947
3582
2749
6786
1348
8581
5026
2334
681
454
4981
5541
1613
7226
7988
6332
5663
4710
7887
387
9183
6777
5865
592
3910
8894
3632
9213
5139
4117
5440
9876
3780
8133
46
5952
3259
3103
9043
104
6289
4928
9178
5551
7904
9177
4302
4486
7085
6881
5909
7119
3265
2122
7162
9934
7605
9925
3829
3963
4043
8961
5504
9800
5800
5119
9204
6894
7722
542
5704
6983
9193
8810
5874
595
8327
8596
4726
8082
224
7158
4650
4975
2833
1680
7658
6120
6047
3381
3259
9031
1461
3431
629
1846
6489
947
6942
2337
7610
5415
1572
2839
2960
9532
370
7015
6803
5370
6748
9081
4319
4163
3055
2019
6056
8920
756
2053
3919
5678
5839
727
4697
1469
7958
5833
5652
2077
9135
9590
9501
5202
8783
3484
8220
1822
2910
3264
599
4849
5489
8992
7029
1521
5768
1096
9630
4119
3564
316
8770
6742
6936
6885
9491
5754
10000
5530
4149
9691
490
6683
4389
7252
6206
5250
4877
4458
7648
578
1821
6218
181
9401
5150
8398
1672
2647
7908
4144
5818
7110
473
3359
2417
7522
6903
5515
5409
9547
6972
2159
7693
8742
2525
8019
5585
5528
5861
35
45
2618
9858
2724
319
7665
1160
8227
3873
4306
7543
7193
642
3963
8117
4152
1494
9286
4623
7109
9250
4478
4173
8597
7789
5773
1648
918
1209
3969
4976
2099
1736
2305
5553
6968
1751
1235
6929
5392
1981
5517
2060
5825
6978
4827
469
2504
431
2641
8932
5181
7967
263
1118
3759
4568
3836
7386
4906
3876
5496
7422
2725
4366
8323
3373
7135
8421
2297
5018
389
5586
6329
7680
8140
5730
5995
7710
7092
8935
3369
4433
952
8954
7759
9668
8568
6308
2578
4196
6816
9937
7871
2511
8043
2099
5724
5314
4226
1073
1415
2456
7543
6727
8736
2595
3008
7328
2132
2387
4847
467
4843
913
50
542
4948
8095
2145
7682
7056
4882
4405