677
4956
7051
4548
2244
2657
2535
7263
8769
3626
2503
4853
2662
8111
1147
9586
6487
9966
28
2493
20
3872
3816
1079
3023
1885
7498
5468
8111
9654
7883
3653
9914
9201
2572
6411
8706
4575
3529
7342
6643
8632
1826
2874
3398
3699
5068
3500
8449
7357
6539
7071
4844
5603
3261
1264
6842
8222
9225
50
2963
5683
9065
6429
1012
2151
8981
2991
3692
8941
8461
5812
8541
7877
8906
5542
7720
9855
3190
2131
8286
5408
9888
6259
7039
3267
1115
9541
7237
705
673
1411
2011
2334
3409
9285
4730
6069
9638
9062
4298
7587
4597
4104
9050
1841
7862
4407
5166
2843
457
4937
1106
2924
1839
8737
7823
5345
9216
5551
6233
140
5599
6740
851
2499
9140
2547
8598
8393
7508
4024
5342
2360
8485
4321
7166
8233
7309
5481
5963
2944
9120
8179
6638
3413
6309
4702
7188
5815
5617
1815
9242
2726
2395
9722
897
7607
3996
38
6059
5362
681
680
7243
708
5334
2117
1003
5538
663
169
4963
6082
1752
2857
6571
5899
675
3663
9006
5849
821
7548
1229
8221
5648
5415
8780
1803
4447
7097
6481
2711
5867
5194
1634
1416
1755
7793
7713
861
8161
9823
4474
4921
1041
72
737
5125
825
4475
7098
8753
3119
3929
4206
6586
2639
2365
4422
4576
790
5728
2227
506
2656
9388
4916
7784
2132
8100
9237
5872
3038
2236
9144
4348
532
8613
6513
5008
1404
1412
8633
2038
5357
7183
4424
6741
6364
3906
5819
5110
6693
7378
8764
4381
9703
2646
2027
8992
666
5723
8142
2764
1494
3327
7371
3594
5162
6910
6763
1944
6159
6406
7091
9721
1994
6010
9174
9827
3242
1061
5377
2232
5416
6987
4820
4664
616
2907
5123
1305
326
5906
1949
9483
9693
5936
3477
1937
3200
6896
4638
9293
1688
9722
7815
4323
3737
5808
336
4373
7530
6948
5279
9264
4882
6707
2227
986
5426
9708
7316
5045
478
9677
9981
1162
3899
1897
5999
5387
1261
9132
6734
7657
7541
2354
9152
2709
6158
1690
9459
6937
5149
9540
4614
5910
6315
2285
336
2664
7004
1923
7759
7797
5977
4490
8471
5676
2470
519
3946
6014
8561
5745
9232
1135
8723
6742
3369
1001
738
3447
2648
7050
6256
2199
8655
8675
1406
8960
214
1314
3923
2130
2964
4367
7698
4704
2851
5188
7369
696
3298
3797
5426
5338
5373
9640
5199
3022
3145
9412
8176
6168
3533
818
1680
6067
8102
5906
2850
3877
6220
1547
4691
3410
310
170
8904
5470
6634
2156
1275
2827
5000
5101
4199
1129
5588
3079
8815
2108
5816
1831
2059
1670
6965
7160
3480
9535
544
448
3124
4666
8619
7323
2464
9201
6015
896
2154
2789
3744
3653
3795
6948
7328
2176
4652
9138
2345
3589
7703
8983
7053
6787
1358
9695
4280
5686
2802
7345
3471
3618
9375
355
569
6893
3083
2438
5238
5075
4333
4280
3306
8708
3700
5990
8920
659
8227
7335
9370
8116
5892
1648
5698
5758
3512
3159
1520
3165
553
5250
3794
7224
3558
3225
58
8623
1353
7269
6157
7243
9218
5473
7965
6309
1477
6728
8159
7852
5741
9668
5508
4937
2664
7999
8197
8044
2143
8790
3409
6563
7847
7230
8018
5876
6369
2158
8271
7767
8821
7421
9153
7589
6368
4599
5901
4073
2289
7234
1439
9563
7983
6777
5351
9700
4010
1480
3904
5575
8557
9459
5279
4306
9807
1900
4170
630
4920
832
7979
7806
6263
3770
3734
2915
6545
3404
1578
7231
6346
6643
3769
3544
5015
1713
8548
2263
1341
4671
5938
2025
5850
489
2152
3603
3469
2591
9736
3424
8297
2307
3548
9705
8090
3614
7625
1607
7002
6469
9331
7717
2324
6709
2812
5027
224
294
1141
229
6565
978
3246
4910
7935
9509
4379
8157
7023
1542
6710
9334
5060
2819
337
1020
8112
2319
5254
3784
2345
4689
7552
1464
9469
9418
19
7311
7619
8632
571
9465
2166
2493
6153
2355
1811
9100
1124
6156
4518
861
2499
298
8460
6928
937
9623
6284
6835
5195
308
4210
7616
5592
9410
7149
8813
9906
1569
8909
5309
1796
9632
6553
8066
2260
5087
9169
6384
2446
3927
2984
4028
2914
4806
9720
6984
447
9766
9557
1339
6811
5653
1733
4147
6897
2716
1926
2895
6082
3031
7449
4012
4606
9871
2462
2598
8194
3109
9955
3835
9590
583
5369
570
1996
2417
9476
8520
9547
6958
8590
7879
4367
5660
6429
6074
8238
1390
1274
236
990
9815
9202
9549
230
5670
4264
6482
1316
2053
9179
2414
9186
1396
7549
425
786
6627
7130
8160
759
975
3817
2560
3041
3573
1599
4557
3670
5129
8325
4910
2494
6302
6179
9150
9586
2309
7856
1742
4686
4554
4391
7774
8171
3915
6226
6896
7423
9896
8877
1888
4261
9441
2986
3215
93
6025
6144
719
4344
2813
1903
2529
9215
761
6904
7149
550
2739
9719
7840
8959
9792
354
6796
7086
9227
9315
1261
1924
1599
2919
5667
181
2618
4525
825
3262
8564
7156
2235
7264
2952
316
1417
4412
2544
9658
1135
9177
5676
9031
9230
2846
1254
1932
864
4458
1497
7666
256
1258
2111
7164
3744
9386
147
3256
1391
8951
4505
1346
8954
8647
3813
4336
5799
4360
9134
979
8777
6839
1550
9556
4399
8192
821
6758
2248
511
695
580
882
4562
8582
3600
9512
2611
5874
4385
7274
4128
878
2968
8665
8404
3788
1322
5752
7935
5915
609
3741
5568
1763
60
3773
5234
5231
2598
6762
5845
7390
4785
8588
4729
107
4339
3692
1490
5229
2388
973
4352
9939
2403
4265
119
3256
7558
9772
4749
1876
8654
6203
2627
4304
9155
6049
2166
4808
1935
5963
8185
6901
1315
8141
1608
3940
9980
3827
1395
5073
1931
399
9907
309
3308
3299
4418
3474
1273
6579
6589
5470
2185
7808
5530
7175
7450
6137
423
6808
3767
8138
5615
6471
3007
5488
364
3580
9060
7235
2709
4537
864
3102
176
1057
1861
6817
9221
5834
8906
9817
25
9835
4816
7020
4782
6806
7581
5745
7819
4392
3630
2819
4342
6759
908
9797
2245
18
5814
1731
8712
3081
496
6284
6216
7720
9841
6428
1560
4248
6313
9017
4110
386
3310
5195
4304
7934
6197
7702
138
740
7377
8742
8979
6646
1184
4645
305
1735
9029
5288
2194
9550
1633
7626
2272
7293
8841
5654
9180
2145
2709
7956
3789
8503
3967
7432
6435
1360
5781
1843
3732
9343
3418
6979
1305
9011
1555
6687
9101
4225
2067
870
1366
4042
5402
7977
8883
2710
6832
5008
2167
8765
2160
4584
7605
3276
3203
8123
7141
9039
4593
1949
3339
375
7311
35
2622
1554
406
998
6481
6450
2760
2513
2084
3842
3462
4093
2308
9158
562
4536
726
1207
5744
3699
2114
5096
2672
2947
8409
849
8991
1473
9849
3876
9041
7641
3864
6315
9249
9214
1132
235
8197
1770
2623
3761
2289
3055
7858
5399
9438
6160
492
8657
3527
6800
776
5928
1487
7706
1095
2445
1091
1172
5241
6015
3226
9301
153
4569
4846
6409
3317
3821
3175
3572
7112
893
7991
2266
4144
7099
9054
6070
934
9846
4865
3169
4605
6203
6887
2546
5962
21
372
9544
1276
4674
927
9551
2968
8970
5663
4879
8230
7122
1431
2340
563
5477
9595
2843
4956
1265
1681
691
4968
5506
606
1025
9810
3307
4387
9074
8159
5887
8776
7116
5073
1391
724
1400
4654
8828
4490
413
9368
5059
7999
8993
4817
3352
2177
5144
2188
1651
4698
8768
2262
3853
8299
5429
9889
9898
3100
2192
7689
4709
514
4653
5019
628
1198
6794
6420
4647
2957
1652
56
9653
2701
9999
106
5788
2119
6931
3417
9501
4139
3270
2951
1553
9909
4735
3779
4620
4429
6892
2216
7483
8993
7904
7620
5509
9991
2762
3702
3822
2699
6260
453
3609
5606
7105
689
3262
7724
1356
5229
8188
7185
7462
9539
4218
400
9899
1811
9868
1663
2139
347
8765
3469
3058
209
9260
9703
1716
7154
9932
4188
684
9422
4222
2364
262
3487
7940
9021
9449
4140
8506
9196
9401
7912
6818
4946
7614
783
4464
5881
5045
8331
8100
2819
4533
7856
1222
1142
9939
7536
3421
8314
5186
1795
8363
4385
5099
75
9918
1121
3861
8400
9566
3430
2384
5165
5430
7472
2294
963
880
2178
443
6028
5444
3783
6889
2744
5657
7062
2947
6310
1045
8071
5908
6882
2781
293
7886
1506
290
7847
7226
3564
4824
5964
4946
2970
3460
3197
1
4618
3376
3552
8469
5737
928
7326
2473
965
5021
459
2356
3344
9058
3039
9561
6783
1547
8772
2184
5520
999
7524
7659
2134
9403
9878
3491
4736
3236
2448
5095
741
8205
9213
6093
147
5715
2107
7079
9389
4350
2645
482
9848
9843
5439
3524
6186
724
5424
7708
6237
5825
8384
4155
8479
5933
1828
876
9860
5754
4451
105
9041
9697
5921
5729
789
5012
800
9117
579
8361
4361
6200
2580
7432
7953
3919
1123
3750
7234
1154
4856
2126
7116
2623
6104
3036
4737
8415
879
3302
8949
3047
7089
771
6604
9488
7963
1107
4469
2687
6684
3940
4313
4390
5152
893
2479
7711
9962
8976
8049
5174
6814
7278
8527
3385
4808
7168
8782
4560
4542
6324
5052
3561
3807
7490
4338
8354
2700
6929
9730
8536
4538
6104
8372
3123
1857
5776
4018
3356
3630
8147
3683
4297
9238
2880
9568
2366
1160
9701
6358
7718
1704
8532
2028
2382
378
7015
1907
9841
7746
5059
7888
9182
512
1590
7467
3257
1830
1397
2597
6068
2311
7715
9787
8562
826
3245
5633
7257
2503
2222
4745
6941
578
77
2314
5963
2697
9759
4160
4760
9467
2050
4973
7861
2051
8602
1591
8301
201
1012
3453
6599
1601
6786
5763
8010
8837
5054
8240
6756
9678
3489
9008
1624
4823
8421
6100
9702
4021
7518
5961
3781
6133
6206
4650
2156
8305
6350
934
834
8335
4236
8912
240
5770
4306
4615
560
1120
7771
1825
7459
4198
2011
393
6233
5410
3171
4883
2577
9211
6727
1645
6752
7659
5282
100
3110
4118
1858
528
7354
2641
4722
1604
5560
9324
78
7396
3134
1713
8406
6988
6861
23
5422
8505
6
1354
8857
4838
6152
729
9890
8900
2206
9928
4275
8925
8371
6803
4684
8566
7607
9773
2526
9408
2608
9061
3944
4869
4139
7901
7621
4676
6262
4168
3552
5266
8402
8387
2148
2977
8650
7037
7321
2241
1201
4718
2810
9732
5583
246
5276
424
9000
6594
586
7999
9858
8802
6235
7741
9466
1657
6252
8468
5644
3702
1308
1426
4599
6555
6516
4345
5800
6596
4067
4830
5908
48
1360
8938
8972
9688
7904
2220
809
6902
9067
8141
5267
5094
6511
1574
1712
1028
6967
9947
7900
7355
652
3402
2091
3388
3696
4373
5950
2641
7904
1800
4757
6168
1340
7773
6566
2120
6368
216
3959
7858
3138
369
6422
4714
6493
5611
5039
7768
4236
6064
7007
4801
732
7636
3115
3470
8267
4771
3989
793
6233
2699
7531
170
7190
3122
6970
1374
536
831
4639
7744
3390
365
7071
4605
831
3184
300
4100
9463
2565
4402
6689
6377
9064
5741
1037
788
6301
5748
6944
1159
533
4503
4010
6946
7060
6828
652
1860
9144
7158
9199
1356
7644
9834
6961
3494
770
7241
780
955
1258
1709
6691
1128
2153
1487
2994
3609
3758
5529
5499
2012
6348
7737
9535
7658
6627
67
4872
8511
1265
8844
2817
4160
7108
9157
9159
9836
2133
4856
7174
1745
6646
4054
7445
5276
3810
3323
9658
3122
4768
9909
7002
4075
4470
8762
2009
2604
1358
1452
9170
3224
6182
5076
1454
4390
4054
7618
1409
4726
6818
1908
6501
155
5175
4894
4138
7345
8881
6696
300
7790
792
639
9160
2880
3593
4242
6362
3372
88
6192
903
4277
1083
1124
4688
1322
7504
5834
8580
2009
9638
3823
7795
1085
605
328
9761
4576
6827
9160
3019
4222
8194
6538
1648
7841
2854
7645
5863
8264
3727
9212
9820
2294
5449
8530
8112
8817
5464
3629
4150
262
550
2818
74
8168
4506
9790
1159
8743
6344
1678
3899
9074
8703
6383
1157
6723
1339
7919
1466
8835
669
4712
5136
1389
2771
9577
3870
3752
3133
2115
572
4363
3806
6382
6138
86
6161
8710
1947
8822
9721
2987
9998
3128
3430
3746
6994
8666
7631
3640
5698
6422
9327
9362
1487
5379
5039
4192
8590
7532
7008
9053
540
2812
1706
8721
7573
2790
1290
873
2892
943
3211
5784
691
6234
4130
2779
6140
1212
2262
5793
522
4245
3904
8617
3218
3686
4794
8631
1487
5195
3392
4185
2923
4744
4577
232
48
5108
1466
5244
691
1134
9005
6036
6623
9953
4542
2514
9245
599
34
4336
4618
522
1520
9076
3932
1209
4104
3984
1841
3516
8412
1469
4031
9089
6869
617
2387
1700
9541
4922
5870
3503
1040
5100
5592
2400
5181
6048
5966
2109
3264
6732
2419
1132
819
7967
2765
728
6021
1054
9768
1548
2838
7663
9469
4710
5193
1040
459
8444
4789
9598
9798
3903
5152
8187
431
9653
6866
6588
6135
8873
4273
4329
9187
1538
746
117
2659
8673
2130
3549
5752
965
3705
3457
4460
8355
5584
2632
6648
9971
928
6943
7210
7152
7587
2248
1018
2858
1552
5226
4185
6618
3108
8258
5313
1072
3894
5581
8449
6793
8851
5360
4105
5388
260
9574
7826
9431
9834
1381
3374
8339
4829
8449
1231
222
8438
4615
4792
8932
6174
1845
8604
9374
86
2925
2203
1310
3489
2545
6446
3102
9508
4262
827
9519
329
264
77
4804
1387
8329
5772
6869
7804
4794
7665
9492
5439
3801
2626
7897
7172
7147
8229
2752
1951
8867
6316
6702
1019
5632
6965
3896
165
1039
2010
4548
7778
502
6125
5232
3260
5789
1643
1648
681
7418
1969
8639
6404
4465
5820
6447
8496
9162
9140
2342
2840
2895
1367
5342
2081
9653
5572
2724
7542
5176
1262
9711
8084
2832
318
6177
9190
1069
7763
9314
4294
7465
7997
9850
3595
5420
8483
3429
25
9952
4310
6361
7366
6697
7224
3356
9324
6333
3206
1158
2265
557
8515
3141
775
4295
7491
9087
6027
7724
7269
1077
514
5559
6914
5591
9635
3774
9205
3968
552
9698
4174
2953
1895
1979
2910
3353
434
7767
9029
8192
5975
2005
9852
9375
5896
1553
3334
9093
6463
2082
8126
9243
6479
1840
3384
545
5424
2950
9979
5512
6326
40
7917
6781
9644
8656
5578
1571
606
3648
2354
2380
7813
995
5486
4440
8922
8139
8056
6063
5002
2797
3302
2144
5687
1513
9264
3476
6896
5797
8049
9572
6429
9775
3702
3712
9959
2529
3898
3629
4776
3052
9981
4708
3804
9200
941
6784
7307
311
9082
9124
9758
6263
9544
9104
8939
2475
4464
6898
1258
1196
6073
9681
1494
8740
5941
2724
4094
1804
8038
8159
8652
1343
8694
3093
6453
7192
4501
8238
1339
2926
2015
852
8370
1372
1940
6365
6617
4842
9347
9062
9511
2302
454
3386
1991
1000
8434
4705
6033
2912
9810
8058
5002
750
4275
3842
3923
2998
4715
8019
3194
8203
7460
6760
7364
393
631
184
1563
8181
8962
8564
2856
5213
454
2534
7777
8458
9128
3812
9306
7262
2818
8042
8129
2025
1726
2176
3409
524
8206
5331
5614
5713
2470
3234
1995
8881
202
253
6859
7876
4930
1828
6097
6483
6464
4266
7382
1460
3785
6727
1314
9077
1066
8622
8558
1085
572
7632
3310
9908
1446
6766
5188
4836
7572
7961
2709
8209
6522
6337
3936
1101
5922
1314
2560
3879
6655
7671
1075
1047
8798
6120
8531
2124
7254
3421
1513
8087
5858
1849
9694
919
5596
244
1865
1956
3520
1393
2994
3560
9872
7543
1090
4793
5018
9904
8555
4914
6517
92
766
3874
4696
751
6644
3802
4427
1542
4271
3388
5936
7729
8952
4910
6974
6122
4413
3824
7539
7805
2090
2829
4206
3020
7870
3335
8116
7693
2169
6183
1125
9766
4474
734
448
1946
803
8131
6849
7074
5219
8342
7911
3030
8219
1038
2875
2741
8183
3001
4817
5445
7922
6952
3759
4937
2550
7029
1070
821
1713
2972
7374
5430
7653
5895
9304
2281
8095
6088
6353
6238
3303
6036
7870
3774
5875
2454
2487
7612
3730
1155
3230
9519
55
9228
2595
7677
6931
2505
990
7774
3583
6491
6190
8753
7892
2710
6099
1504
401
3405
7895
9115
5987
8249
9901
1392
2131
4953
876
6299
1417
4486
5954
4273
7565
9583
7861
955
3976
7902
4730
8773
2620
887
9093
7373
7411
6489
6878
8397
3597
2516
7948
9642
1234
8068
5137
3977
8625
579
4838
9254
3452
7262
4845
8800
8595
4692
1080
360
5459
4881
1902
6363
2256
1957
5978
2429
3234
8509
983
1832
7566
225
8652
2924
3897
6399
4044
8564
8572
4200
4942
7444
6066
4190
878
1335
1882
1218
77
2583
1468
5968
4036
9489
7419
4278
8539
2421
6621
6716
5053
2004
8950
2366
2626
3693
5733
8285
5691
6509
6445
9727
1300
2088
3236
2799
6523
2916
4524
5071
9599
6654
6812
7881
5755
1886
2754
170
1212
278
4690
1322
2674
4841
8656
6059
2720
7721
3194
4065
3337
9339
2983
1565
8469
3294
7108
6871
6969
2132
8114
1155
5808
4324
7257
1592
10
2337
2969
1666
651
5564
4490
5345
2647
4397
7577
6647
9995
8977
1514
8579
1296
6855
7022
2929
4301
3566
7458
6067
4725
3334
1845
5827
6010
8888
1066
2740
1209
782
5332
680
4018
4500
5806
3948
2399
8252
359
3811
6069
5397
8076
8884
327
4493
718
4185
9544
6165
6678
6718
1752
1626
2469
6012
2534
2598
7169
2299
1271
8425
3959
6265
6390
4713
5620
3995
7972
6657
933
5935
6667
4760
9443
4606
3998
2043
7774
6022
689
3824
6757
4164
6394
6953
462
2069
6538
8117
7469
5099
7707
7874
9058
7372
7728
779
967
4581
9266
1923
5790
9785
9707
3565
2700
8549
126
1383
8950
6592
8003
8036
8133
6585
5631
206
1018
7273
9741
6142
9856
8626
7772
5404
597
1702
4813
9966
9472
176
2477
7422
4583
9759
4677
2719
6648
7745
4680
1356
4314
372
2627
805
171
5750
8335
3169
9728
6846
3660
9429
6336
3557
2017
7290
1240
5447
8913
7230
7281
4052
5977
1124
9401
8477
4934
6630
1227
2390
9376
2525
3204
7761
3437
318
7345
3651
2013
4752
3062
223
1582
2319
9728
5048
4692
6177
1199
3009
4976
7717
852
798
8108
681
8119
9317
7288
1926
597
3637
5644
3331
8228
6301
5648
2433
4792
4679
6311
6106
8713
9657
4017
450
6060
3359
2585
1773
3553
7841
5485
7464
4616
8645
555
2511
2375
7198
2340
1713
3699
4840
2780
1648
591
1360
2552
35
8165
3780
9097
4951
6173
8178
1222
3246
9395
6053
4575
2216
4382
5588
4440
1016
207
4820
312
6955
724
9718
2864
2397
7242
2991
8741
3072
1044
9626
5768
6880
2534
3206
4181
4591
3107
5784
2314
4423
1981
3126
8132
7193
7902
6190
35
2562
5009
5933
5413
1267
7568
8684
9139
8895
5341
84
271
5350
6963
2000
4530
428
5160
2538
8710
9129
8101
8968
720
3453
8549
1785
5761
7163
8358
3821
7008
5168
7252
904
3938
7364
3731
2550
2469
3712
2621
7595
3619
3447
8602
4259
5606
7366
9486
5213
2703
4960
3836
9806
5584
494
287
8403
3512
1055
1215
5568
6023
1487
301
9425
8557
4323
6786
3934
3965
2316
4062
7674
7702
191
8555
6989
9409
978
9649
6750
2735
8079
6395
1259
437
6655
6627
804
674
3551
7952
8466
9448
9197
5344
5818
89
5083
5882
3519
5848
4039
1713
1508
1898
4919
5683
7123
8392
3111
7690
9408
8000
5257
2814
2650
332
1982
4632
9985
2619
4498
1625
1640
8460
8469
7637
3403
8380
4712
9236
4918
7233
2050
9496
8673
7781
4055
4730
9715
4700
9306
5130
3649
3751
2471
7821
4463
5024
9562
8508
1339
583
2862
9474
3515
2939
3783
1750
4227
5023
860
9949
8173
950
297
9707
5120
5112
8241
6823
1858
3553
9929
5758
6180
3591
7733
7830
9048
199
7144
5671
1004
1192
7979
5121
359
9584
803
7579
4832
8597
2237
8250
6509
7730
8176
2556
463
2931
5759
4857
401
3411
4355
6976
2900
7722
573
2989
6693
4627
2836
4106
2381
2265
7500
5890
8732
6419
1210
9930
4909
7270
377
5571
8232
1571
9434
3279
7694
9624
7472
4496
5105
4584
8804
3191
550
9490
4186
672
8480
4974
9961
6929
7165
234
2322
4148
9634
3746
8711
7661
5326
42
8305
335
9852
8445
2001
8550
7776
1839
3737
7230
1727
3447
4231
546
1103
8882
6011
9794
7066
6279
4164
8180
2642
1434
6378
179
6083
4439
3586
427
4359
9406
4600
7136
6078
7932
8473
7486
2968
7697
5372
3698
9463
380
6775
7292
592
4304
2600
6019
9217
6794
1991
3515
5814
393
2191
9525
6002
8072
6532
6751
3342
4354
1483
5262
1716
2976
9729
3655
6674
4976
9043
2671
225
4119
3177
1713
3164
2547
9034
4712
3536
7741
4743
696
2914
1351
9811
5695
3812
7984
9116
6381
4794
5482
327
2746
3299
4832
5014
8501
1031
8394
1252
8792
745
6709
6122
6744
5695
2265
3124
7371
8842
6139
8174
4845
3517
3800
723
9159
4859
5593
6477
6587
5283
8441
1776
7220
8759
4689
4640
4047
5239
3031
7770
2923
9207
1343
9837
3658
8295
7477
485
6601
2606
5260
6245
3395
7110
9183
4218
3558
210
217
5659
2634
842
7015
3624
2695
304
9494
8037
7116
4497
4025
7249
7329
339
8470
6381
3903
3677
5440
3178
7444
2909
3422
166
3742
5781
5780
15
7336
7018
4884
7834
9775
8249
6149
274
6324
9224
1227
8622
1812
4141
9679
2006
4494
9235
6931
1994
8768
9358
7042
2232
3666
8512
9243
9872
252
1593
3898
7897
1002
5197
8867
5684
4245
9472
6987
3559
6661
1716
2355
6260
347
6397
6388
5315
3833
1725
4334
6541
4479
4004
3852
7052
4613
6612
6718
9519
894
664
6345
2576
346
3706
7085
7903
590
1406
6537
5976
1408
3896
6286
9915
6602
7937
6383
566
1177
3021
9125
8452
8927
412
3395
7461
9931
314
6745
8161
739
4796
1467
3889
5602
5757
6004
934
10000
5417
8049
1277
1456
8451
3248
9062
3477
3918
7173
749
5408
4093
2547
7846
2930
4262
1652
1892
6033
4749
1903
1047
4356
6244
5
7454
2685
1461
8390
9078
6389
323
1517
6423
6754
3611
2414
9021
8945
4228
4808
8312
2867
3872
8613
6923
5851
6851
4753
9539
2364
6363
4816
9920
8264
2381
1202
7505
9542
6247
7356
2572
9235
7503
8190
3561
4879
4980
2051
6351
9484
7858
4424
6897
5513
9102
2114
4902
1403
4078
5947
4665
2137
709
593
9144
3291
3395
6160
9996
720
9789
4542
9908
1862
8450
7655
8505
1891
7355
364
9198
4649
5005
5165
4626
332
4417
2153
2928
1952
7515
2446
1925
1415
4329
4082
1955
1184
1881
3979
3936
9685
5148
3169
5607
512
5487
4486
6150
5434
5797
9920
8212
3673
2836
829
9092
444
5282
5578
6928
1488
9244
2249
855
6356
8106
3258
5787
7123
6874
7307
9702
3683
2376
3517
2307
7677
9157
4154
3481
6919
161
5545
7148
3419
7264
4358
5614
8269
3417
5402
3538
7454
1232
4056
9529
2078
1776
7596
7597
4814
8702
6585
9420
9712
7090
3371
5233
2005
6959
2754
9197
7979
2366
5560
502
4591
2307
374
2397
8626
8713
4385
1811
7274
9271
3742
9633
5465
963
607
2222
8160
6390
2811
6517
4509
2884
2224
7559
7114
4995
649
2207
2701
8399
5496
9418
917
8815
2142
3194
6307
6304
6758
4423
8532
374
8906
3676
2376
6163
3552
6905
5480
3821
2893
329
613
2199
5381
9650
5538
1089
8618
6161
9183
2304
3650
6949
9416
8347
6026
5827
3328
8889
6536
3282
5763
9940
649
7516
5798
8785
1171
3770
6046
3990
3881
1682
2190
6678
4408
4714
1291
764
7963
1738
1475
2297
4070
4341
8878
5098
2085
2210
2023
8563
9938
7642
388
3617
8383
5340
710
6014
9467
3559
1822
8119
3954
5967
9395
1993
3652
9044
8063
6532
6284
1958
9362
4644
3978
2451
3938
6143
10000
8544
1757
9713
9457
5354
3874
5973
6494
5760
4533
2801
377
736
8784
4909
8228
2900
5589
7746
4037
2000
470
5414
8333
2385
6386
7813
5198
5532
4309
9783
9890
7090
7726
6672
5293
6988
237
8305
7415
8540
3663
2843
55
7895
8913
1491
718
7397
9354
6437
3441
1971
599
828
5018
7988
6323
5015
6295
9253
6729
6153
7868
2225
4936
4001
1660
5764
9501
2595
6975
915
3585
5565
2391
7892
3553
4410
8709
2573
872
2466
9979
7824
7823
3166
5117
6316
6715
2098
5955
7285
4643
5299
2609
5899
2394
7249
5439
4803
7985
506
8048
1008
7788
2568
142
8069
6608
3439
6033
6740
716
3845
7883
1058
3624
3521
2686
5737
4544
336
6668
625
2687
6595
9890
7328
4496
8810
1483
2678
7556
7156
3455
447
9602
6844
9843
3397
3110
3810
8798
402
2752
6978
7933
343
6513
6903
8694
8902
6962
9517
3014
9153
4722
1229
255
5076
4449
5342
8163
4414
8401
224
7869
7966
1424
3538
9837
1520
1324
4368
6230
7465
8405
9189
5656
3380
6399
7551
3221
4225
9967
8332
7761
3523
5464
481
344
8240
1496
7911
7637
8830
9062
8736
2492
1337
6214
6121
5446
9792
9087
8025
5051
1674
5796
5879
5889
381
972
6767
9755
6463
7631
2306
2186
8008
2530
4572
4844
943
8909
2166
9859
5627
9723
4523
859
3613
6240
5720
9923
9064
5261
3734
7165
5744
3549
8729
3482
5010
7503
8460
387
6918
8080
3982
8431
5881
674
6159
8585
1225
7158
7887
7833
7063
3303
3023
2727
300
3589
3630
2458
7577
9180
2679
8722
8095
4036
7891
2892
3177
1145
5753
1094
5416
5594
1623
6066
2520
4055
9882
5651
3304
4634
3917
3627
3134
3815
7936
5246
6124
5433
4893
6677
4103
7222
6954
3834
3243
8271
4931
7287
1180
6156
968
3575
4117
587
1624
5408
7356
6878
7340
1517
5457
2943
7821
6632
1861
5382
9913
6445
2589
358
6827
6834
4202
4741
9179
1841
8474
5088
1741
3556
821
9595
7564
2348
421
7513
406
8674
3173
2918
63
8507
7752
6830
6195
5432
4426
3755
8229
7167
3913
5577
6931
1520
6646
8434
3663
6817
4014
5981
8277
2834
866
2697
7852
7904
8563
2551
510
4881
5510
1519
9658
7856
912
8464
5821
8118
2829
6257
2339
3215
3546
6941
7960
9371
1330
5857
7071
1044
9279
7318
4848
495
1892
9326
530
426
9619
1999
4462
6309
4424
9711
1565
8878
6923
8491
436
5344
5291
5673
250
8408
8784
3875
7752
2158
5735
1326
4111
5356
6977
5776
8731
3905
9067
8896
5153
4893
1056
2439
6142
5751
7225
438
5518
8200
5688
9732
7710
7386
4472
3532
5551
2826
775
3447
6841
3333
745
7084
5150
9686
9093
1435
7920
3239
2425
2021
4322
5415
3293
5447
8045
6536
6212
5171
800
6538
6893
9232
6757
3504
853
6433
2993
6017
9718
7153
4212
573
7255
202
1649
6239
9844
1917
3188
5752
8238
5888
1788
8442
232
7883
890
4784
5045
130
5902
470
2215
3182
4909
1125
5549
5781
4651
5787
8783
5558
2747
5612
854
8997
8516
4816
4716
1657
6049
7238
6389
2421
9512
9824
1464
3517
8144
7515
9446
399
6786
6796
2601
9827
25
1399
7862
191
5230
4769
5576
2403
1199
7823
9990
4803
1748
7979
8801
917
1398
856
3922
6645
4512
1005
6943
1484
7447
4603
1451
4621
6249
240
1221
138
6639
5821
592
2373
3277
5203
4523
6326
632
1290
9381
8211
9084
2558
4580
4605
1403
4914
3153
3951
455
3889
6086
679
5968
6735
8882
7800
9239
2382
3060
2700
8239
3769
1879
511
7534
7015
9753
3876
3524
8926
1406
2369
3835
8032
9285
6846
5063
1175
7130
1701
2311
4651
3206
1761
3453
8666
6474
3526
5361
6438
9212
5915
3003
1893
2884
9155
659
8358
2415
8435
6885
8935
9645
7162
4594
8519
1870
5752
2151
9813
7678
6710
1892
9932
3498
6068
8988
2662
8672
9783
5571
3400
5518
5046
5263
9352
4682
2394
4018
4615
4470
6816
2303
338
2518
414
8707
3276
9784
7688
9997
114
8195
860
1962
1797
4069
5287
6681
9476
1398
6556
4772
2145
7905
1642
3008
1441
3809
6314
762
7702
5784
9055
986
8337
4992
5521
5658
8884
4198
4919
9457
9104
3603
7645
9190
5444
362
8538
4392
9359
6010
7119
3151
6510
521
2785
8511
1170
4756
8657
4245
3159
1784
3859
2002
9627
1158
8197
2673
4434
9616
4591
7687
8318
1171
5521
9800
9426
9969
8010
5966
142
3070
1703
4614
6619
3153
1924
9970
2944
9428
3024
2603
8985
4229
3053
4276
9950
3044
5061
660
7321
6316
1348
900
2117
7449
6197
8930
3841
9240
4720
3879
8549
6793
637
892
4042
2430
9890
4594
4624
5013
8660
3203
8587
7101
7092
8378
3664
9601
5148
5265
777
7914
3727
8328
7292
2796
2932
9482
2548
3103
4738
8534
5128
321
9089
9635
4768
1830
7482
8505
9581
6055
1568
7658
9134
5575
721
3611
1839
5075
3547
7454
5041
2846
5651
2458
3561
5759
2086
7840
7156
7797
9328
3325
5339
2300
7928
650
7864
2310
7176
8371
1425
3703
6263
9515
4052
497
8593
6444
5732
6555
8817
4855
3594
8119
2816
1517
6455
6968
5248
5725
647
1716
1720
7589
4838
4620
6967
2190
4811
3865
6046
591
6023
5252
3547
9040
9999
8101
3776
660
4907
2023
8044
9869
4245
278
4547
1069
7201
5327
1438
2116
6156
6405
2674
3573
8031
4757
321
6009
5724
2939
6622
8200
9305
1058
27
2685
4160
4178
8544
700
1270
3144
9461
7368
2770
4451
3289
5258
6587
8974
5503
6078
9182
8371
976
1060
87
6539
2540
1109
113
589
1444
1039
3389
9221
3095
2218
5921
8010
4761
6542
1327
5591
3191
409
2984
3532
8437
8755
5937
6864
7582
8238
7893
2551
3349
5525
5197
742
3222
4111
1111
3555
7198
3612
1681
8762
9324
7672
2568
9507
6206
3603
51
25
472
3954
1646
2159
3451
2180
9962
1812
3703
3571
2813
3461
4070
4390
2541
6256
3880
6874
764
3749
5862
6231
5847
23
730
7256
5606
6168
7130
1029
6558
1222
501
6394
4780
1669
2037
9503
7084
4627
3254
4825
3335
3548
6363
8327
9554
9691
2531
8
115
8891
6118
4849
7761
4018
2443
8050
2342
8216
5158
5755
7479
8745
2587
6967
8948
305
5560
6543
351
5047
1563
7700
8277
945
3666
2853
8009
4425
452
9087
3379
8957
7976
3606
8337
9083
9103
9977
6839
4916
7633
1419
2000
3409
130
9120
2983
1160
7487
4972
7598
350
8987
2389
7539
536
4896
348
7777
6778
5749
6722
6302
9917
3493
2923
312
4891
6589
4925
7078
5679
9857
7266
9407
2377
8407
7382
8984
4305
7648
3257
3914
7834
8745
5402
8329
8875
2328
8240
7544
9406
7721
5699
7315
1780
2782
5511
6526
1436
5620
5015
2636
2398
3674
6040
8092
4059
2905
1269
1406
8405
5900
557
7007
8554
4346
4416
2376
2221
8758
1894
8972
8721
5395
4704
9510
1165
6850
2001
9938
8515
7360
1228
4596
8891
9276
891
7180
1984
5197
5394
3591
6350
3204
6976
9708
5006
3331
276
9947
5199
118
6479
2514
2871
335
5998
3809
7204
4185
2044
3392
6039
4699
1807
4305
8354
5128
509
4674
8185
5982
194
1155
1484
1281
8752
6853
8529
4330
8230
1170
5048
3349
8703
6446
8118
2598
2073
7710
3119
3952
9148
6605
8625
5844
7487
1166
940
7584
9407
4018
3869
3109
6356
1386
6023
2650
1940
363
8350
3482
8033
522
5450
2393
2955
6532
1486
5321
1465
8094
815
1145
2738
2029
4327
9604
6085
1670
1442
679
8007
4655
9741
8130
9551
6759
3632
9753
4291
3656
2654
9208
7919
6306
6837
7828
7808
3404
7303
9525
1826
977
3380
7712
3883
9527
3429
758
6252
2115
9923
4673
5068
2722
2829
4170
5170
2348
1117
271
9600
6661
7489
8781
6228
7908
875
4557
8735
490
2090
2587
2490
5003
2894
771
4377
4637
7111
1611
6786
2090
6065
9676
8495
7884
7770
5580
1753
1816
3379
7062
4538
3769
4066
2327
3565
4389
3494
6825
8572
9210
521
568
6139
453
4419
9492
841
7070
9814
4149
3901
8794
9274
1902
9702
7267
5584
1952
6339
9365
6181
1468
4033
4347
3036
2666
5882
1475
227
1032
5309
5355
4625
3742
3797
7757
5361
1622
7520
911
5088
4607
4962
9142
8225
2940
2964
6756
2421
5076
4300
1050
6505
6679
9299
7584
1024
4045
459
7312
5930
6063
9568
8487
3390
4234
5867
4217
5040
1097
3888
5735
8786
5546
3323
7817
6788
9136
1521
1638
7525
1718
5044
8439
3543
6144
1175
2312
9728
4998
9620
2893
3603
2700
2165
3041
6150
8184
520
1131
3725
7148
84
6271
7692
4975
8420
534
4357
8151
6563
7429
8
6527
475
1677
5436
5038
284
9266
3939
8320
4307
2230
9317
3558
5440
9612
7354
1520
5820
9529
3230
8575
6410
6935
4505
6986
7682
8186
3851
214
2613
2463
3908
3714
2020
7160
7459
6581
8208
7523
9359
7990
8787
5173
8026
8064
6808
5824
1060
1547
3722
7479
9207
7968
6599
1801
2472
4503
8105
8026
8466
1076
4060
5970
2823
3978
201
5861
852
6327
2025
5861
4609
3362
5560
3408
2412
8375
8278
8307
8789
5070
4
8864
1082
763
6418
5502
9147
5327
1601
3345
7409
7354
7000
8775
6442
6985
588
6428
6845
8151
1238
966
3286
2615
4828
4186
367
4085
5819
1496
9882
283
2056
3578
2243
1726
3230
6014
4751
9417
5992
4224
752
9264
3093
1330
9107
2028
2053
3615
1575
9140
732
6373
8101
2884
5612
6206
3689
9109
6184
5372
168
1656
6827
1389
3628
1172
2839
982
91
777
2841
7253
8988
2227
8056
8803
7451
9912
7186
107
7561
6217
1965
9189
5407
8328
2431
6222
3443
2348
1138
2159
1862
9773
9432
5834
8879
2352
5315
7727
7280
4529
1565
9246
8060
7646
4941
8269
9986
6441
5671
3054
9009
5532
6929
527
5906
7594
6530
2799
8953
2840
583
9251
6740
9484
9873
9015
3477
8647
3098
669
2874
6375
86
5255
7142
9571
3246
9884
7597
7751
1876
2543
5508
9689
5434
8840
837
5190
5299
6192
1443
2280
4482
6957
140
1923
4876
2021
438
8695
5322
3843
4962
604
2793
9846
1654
2286
508
793
2886
26
154
8010
2609
2614
8536
7247
4127
71
93
6491
8617
7575
5542
9941
6330
8835
8204
1956
268
5928
3009
3933
6886
570
8581
1998
1873
1936
4734
2224
296
7550
878
1025
460
3269
6636
3078
7642
6255
9413
6419
4985
828
1753
768
6596
2694
8744
1966
6367
3490
1522
8403
7030
8260
8747
6213
2592
6161
6967
825
6018
6552
6974
4407
8465
4583
3937
7959
1550
7622
1730
6817
5853
4815
9079
7577
5233
505
9155
5374
2304
1649
3428
3842
6
9914
1654
4362
492
1755
3338
2018
7129
4394
4683
5317
7926
2966
9978
4697
4112
4050
6221
2895
235
8247
6472
317
2800
9151
8738
4703
1969
6826
6560
3200
7682
2824
2360
824
764
7208
670
7086
8173
701
1954
4177
3451
9037
8259
9302
2388
5919
2040
6071
4252
7072
1478
678
6788
4051
97
232
302
1988
7946
9341
6657
3443
9207
4275
4532
6622
1990
9129
7493
34
4322
7915
7345
3016
7340
4669
1929
3448
714
7204
6316
9114
7790
1482
9718
878
2904
5409
3212
90
7891
8193
8780
5943
5940
2404
220
746
207
2794
7936
3323
7251
3240
1799
7520
7078
707
8636
8768
4340
5919
4024
9958
7079
6865
5184
555
3189
1089
4839
2865
4953
8879
2332
8233
558
633
7876
9781
4421
2037
1403
3113
6745
7699
9864
2598
8597
5345
1325
8272
8931
3521
129
8472
5489
6294
1637
7949
2863
2202
37
5010
4119
5206
7451
7695
4421
1998
511
5709
5510
9010
6495
8933
7726
1888
2014
2619
1493
9328
6612
1426
7957
3437
3126
3852
1833
4679
4366
580
9877
6733
2446
1309
6113
8314
5282
8663
9993
7015
4595
6267
1630
5351
4722
3344
3256
2427
1969
771
9141
389
5636
1132
7696
5637
1490
527
5097
9713
2511
6354
2956
9639
4747
5289
8748
4177
9796
7970
2901
5216
2284
7693
957
9016
8996
8051
7770
9092
1906
9688
6027
5390
6816
5585
8092
4410
6911
8553
9292
8033
2778
5374
1831
1349
7444
1589
4422
7348
6783
5520
3857
3714
1143
6390
7116
2426
8792
8496
7210
6209
3962
7493
9641
8324
3818
4432
1581
2370
9857
5646
7644
2579
7744
8224
2897
3286
1796
7654
6820
9878
9115
9499
9671
1126
3858
8920
5659
7020
921
4967
1924
8838
2590
4941
3535
2752
6080
8819
3836
5397
8302
7862
1566
4487
7723
3754
8775
4405
9823
4372
2370
4777
5522
2517
3240
8308
8992
2889
4261
7828
6277
3240
3625
3029
5685
8975
7746
1316
8855
742
7540
5661
5855
4171
2391
4994
4870
3548
5153
3690
7526
3242
9191
3731
3437
7886
5865
3368
4147
6848
2898
5151
5119
1926
426
6794
9157
5125
2272
4775
8202
5695
7276
7446
3947
6608
5653
6158
1003
6257
6087
5647
7281
945
4663
3032
9191
739
3329
1439
2203
6704
2637
6808
1314
5330
9363
8635
2557
5512
328
8778
3857
7975
3632
7001
6988
519
2045
8494
451
6117
6372
5298
8744
4750
4557
951
6956
5668
1944
7154
4705
9075
4631
9784
2741
3220
1960
9589
6724
4289
8751
4948
5549
8822
4638
4630
4825
2989
4195
7213
1911
1105
3095
4331
332
9142
7421
1848
7296
3081
8998
5382
1959
4095
9985
8811
3833
4148
557
4944
7961
583
5096
7698
9851
7091
5666
9475
7594
7866
6325
3909
3940
9078
5547
2567
5708
3905
8213
792
8797
8886
6579
9656
917
3527