6923
5720
9091
4965
4718
2498
867
5979
6455
4835
8109
6594
8049
7210
5231
6888
4548
9774
7519
1829
6026
8413
4141
7791
14
6684
54
3054
4539
6910
5036
3273
8316
5181
4837
4556
5293
9177
8905
2540
3852
9802
9329
9262
9539
9560
1620
5428
6766
8232
4144
274
2133
9991
8495
3913
7760
4650
5990
1695
2249
2375
1351
3658
5882
7166
4268
5914
399
7303
3460
631
2068
7726
6179
2821
4802
8182
9317
8988
4360
9680
333
5535
6012
9212
2131
167
5341
980
5599
5112
9653
1919
587
1396
2132
277
6953
1060
7437
8487
1028
5694
4988
5951
2241
8857
3208
9557
3224
1723
1481
9631
414
9540
6642
6653
9145
2549
2714
1836
4225
3332
7796
9954
1648
8007
4503
8321
1231
2156
2362
2572
4822
6113
2670
5529
2197
1639
7620
1889
2906
4999
8131
9969
9523
2779
5811
9240
3730
4751
25
3351
4732
7645
2339
2990
1560
5747
7301
8447
6918
9358
4480
2740
3010
5421
2813
3869
1296
2390
2417
900
66
7694
4737
3589
1505
7523
3803
7591
4835
8256
8622
1601
7458
6836
1160
5479
6300
9162
5597
7603
2328
185
3187
7046
4858
6586
4834
2836
9845
6136
423
5461
7116
9411
3014
5626
6236
5210
8795
8921
9677
4736
3480
8488
2008
9832
8287
185
169
7118
8662
9839
7566
2925
75
5978
4583
8758
3134
5482
4879
2858
4940
3764
8720
3295
2697
1134
1824
4142
3629
1338
1026
4378
5746
2421
8843
1168
8388
7724
8435
1888
7206
3885
4419
2294
141
690
9543
791
8004
1471
741
7773
1412
4139
3529
8690
4100
1047
9279
803
701
8845
4776
2394
3585
2184
4068
3400
9634
5940
1485
1629
6238
224
5146
8097
9353
8675
9919
5220
1198
2666
8955
1505
5532
9229
3626
999
270
6736
745
9131
8934
7771
3943
8413
9934
6208
5746
5065
7475
7241
1007
3787
1537
9417
1546
9549
3219
3001
2272
9315
113
7084
2914
1024
1648
67
301
8779
4699
704
7736
2216
2095
2360
2662
1544
9455
6265
135
1805
5054
4111
3953
6285
5617
1341
2419
9300
4187
2850
1666
898
7364
1465
4718
9337
6572
4896
3471
2443
1486
440
4641
6758
141
8537
6402
3670
6777
7808
1773
8739
581
8216
2246
678
7875
3581
4642
914
8893
4697
1333
4032
4164
1935
728
3761
2223
4599
5131
9269
3453
1853
3193
8567
4404
8489
6110
1767
9302
576
4720
4749
2165
3118
6044
1568
2761
2018
8426
2212
2676
2821
54
3743
7927
137
6347
8759
55
6053
1705
4868
2099
2486
5657
6892
282
1899
4659
6816
491
3675
4103
7813
7301
1150
7260
1840
8850
7511
7367
8693
8421
9394
5822
4394
8410
5533
9980
2707
3373
1375
7300
9500
3261
4983
1167
780
1707
1280
2706
2827
9375
589
5750
2220
8759
4064
2248
3309
8189
7420
5437
1092
1696
2039
8839
6225
9244
6932
9301
2429
8269
553
5653
8933
1793
3066
6048
7487
2562
3021
245
8064
6219
6720
3611
3691
1852
4586
8785
3876
3345
9304
8687
6783
7563
7223
1611
357
4916
5374
5196
1315
3005
4673
8401
8850
3636
9867
5553
2983
3839
6199
141
8731
3440
5752
3891
3338
7521
3748
5488
4867
7496
9673
4644
4098
6116
3262
2270
3206
1620
6684
6062
9037
9621
2309
3395
8607
5727
9878
6184
5893
2249
354
1157
7306
4971
5091
2255
2573
2920
7976
7601
9589
2303
1192
8451
2327
4712
6463
5046
7057
1613
8230
9633
7441
1416
5391
5307
9953
8302
5058
425
1758
9690
9259
2650
8816
8827
1981
1939
7897
712
4608
24
8867
3485
3639
6961
4995
603
9582
4541
613
7657
3470
934
5366
5664
7691
7746
2064
9701
2398
2336
49
3806
2943
5447
9864
3735
8148
1339
4054
3076
1409
6661
7235
9349
6128
6000
6172
5217
1690
9276
9858
6165
8669
8911
8066
5262
5666
8410
7358
8823
6825
400
6353
8321
2861
8144
4527
3469
4712
7009
2745
6756
5657
7472
3363
904
9567
7655
7684
9397
1601
563
8162
5615
8993
4652
257
6993
9716
7153
1745
7369
1233
6730
9718
3160
9932
4867
9839
6166
7047
6536
3765
5200
7069
9010
9335
8772
9347
2159
9182
575
8972
8069
2872
6034
9873
1823
1545
3221
606
8774
2186
69
9947
4150
1490
2607
7436
9007
2697
1778
5107
2385
3726
3269
3218
1681
4363
720
9246
8910
4022
5940
9549
4980
494
948
188
4311
9315
9613
8661
4979
6020
513
9122
6949
1694
5294
7359
2422
9362
7306
9035
6951
6167
5683
152
8902
2019
6576
2841
4040
5647
8347
4912
9465
1265
9724
4984
7185
9320
9766
405
3042
1895
1940
5372
1192
5189
6680
5527
6514
2538
8269
3338
6442
9995
3499
3819
2395
3490
2009
743
9595
6135
2388
9334
7301
7512
49
6412
4551
9404
3384
582
4885
3354
989
198
4129
5385
9762
7269
6410
7122
1906
1953
9759
6947
3895
6956
324
6755
511
4963
4648
2932
7452
3548
8893
7290
4417
390
6555
4623
7667
4171
7601
6275
3551
3765
6285
8540
1629
5427
2091
3723
2425
2558
1971
6218
4553
6611
4637
5801
9169
559
8956
9461
3903
2230
5300
8985
8660
9029
7904
116
872
6293
6476
2408
3381
6177
4330
3197
4500
3627
2986
115
3719
754
5767
26
4823
952
7054
3071
3258
9629
5301
4018
6951
2901
4074
3089
5008
9935
4339
4569
6127
725
5806
8316
4934
4984
205
1210
376
6873
5695
7893
6896
741
9037
6350
9423
7111
9657
4844
6160
9832
4562
9310
7958
3064
1317
9280
1188
9822
326
1590
5320
8927
4583
9745
505
3619
8318
6385
9917
316
8465
8857
1063
6324
2399
2239
5752
4961
2247
8900
9307
8637
9942
1766
3666
7524
5305
4211
9604
8394
1067
4138
5961
799
3716
685
5402
8162
972
6441
3099
8519
8689
5589
6499
7127
5527
7168
190
6507
8567
8264
5716
7566
6923
8945
6159
1096
1031
9
6410
4538
873
5057
4161
6680
8356
5834
928
7967
2420
2543
9235
5470
13
4204
3695
9901
7439
1389
7462
61
9144
3573
1719
1486
7010
3982
7210
1113
4028
6475
6965
374
9461
494
2810
2335
889
9930
7357
6577
4839
2820
4797
8985
167
2085
2011
7471
9576
8650
1238
6321
4693
758
3644
8868
9654
7303
766
25
2311
3253
7510
7232
9138
7353
6921
1952
9211
5903
6606
2079
4595
4397
15
9209
4069
3623
5727
4644
7203
7843
8538
4870
1514
1137
5249
4884
6082
7997
1090
5626
7596
1037
1125
3207
3761
4789
180
6571
1832
2599
7565
3749
8063
2244
7055
3386
1153
9513
6922
3142
2939
2585
6066
5084
4097
636
6532
286
1440
8267
7782
3070
3165
1023
5593
8866
3202
1628
487
2747
5675
4182
399
3209
6672
6782
6995
2755
2744
3927
7682
2298
5721
6253
9656
2300
5355
4234
2030
4926
1391
673
1082
1261
4516
6917
587
9394
4798
8180
8005
1258
3667
8056
8829
7822
3711
6127
4720
8272
9961
9005
7801
9914
4936
9864
2572
7750
7325
9779
9735
1181
9584
7913
8058
6138
1356
8291
3699
3472
6171
8162
4483
6464
896
3630
5467
1559
3492
2332
9725
9955
8384
137
9916
1071
2628
2677
1573
5784
2672
9961
4315
7580
9825
5634
3224
8798
4509
7364
5952
9102
2095
9600
6199
9306
4538
2105
3143
9330
7192
9273
1183
6597
2318
1711
5455
8163
9356
9143
2602
1259
3543
6565
8828
6433
2978
3424
93
2543
5841
9686
5489
7657
2694
4753
5383
6811
8828
7049
9948
7984
3715
6316
8073
9518
370
4613
3668
2634
8454
7571
9093
3683
4416
8177
2934
1044
7650
2616
3089
3925
5093
411
2130
6344
5830
3603
3159
4878
7367
8568
4319
9460
8489
6337
6091
9277
6143
403
7643
1098
6024
9258
409
9124
442
1929
3794
6349
6824
882
7298
6011
3284
2360
8974
4018
9890
1701
6712
3413
990
3480
9563
9839
1307
1316
9668
5942
70
4328
956
4874
4209
5661
2094
4991
8766
2551
2834
3750
9703
3850
7427
8566
9574
1028
1975
7874
7330
1551
4127
2777
7406
3183
1311
9514
9836
3286
4681
2777
171
8846
4101
6184
603
9598
9940
2771
5232
2320
2393
8263
7174
2139
3714
3893
2498
8064
4067
4375
191
1384
6268
7638
2349
7745
4860
4334
6106
786
8872
2504
9237
9400
4068
7273
3331
3462
5215
3019
8461
4813
6953
9259
4945
5583
652
6569
7430
886
9010
8711
8770
4507
9046
9193
547
8571
5911
2068
6433
3696
5533
2765
8992
491
9571
5083
17
5523
6965
9562
4076
5704
8432
8260
3717
4372
8252
4615
1435
776
316
5530
8540
5635
8797
9339
1413
1897
4514
7635
2703
5158
6866
2473
3581
3308
4634
6778
6762
8900
2202
9084
967
9043
7832
5877
7577
1007
5481
2313
8274
5663
722
7315
4967
7172
4907
5131
812
1654
7178
6806
4989
5279
8865
5710
1471
2330
9082
941
2627
4368
294
9838
1737
6782
7493
5734
4356
1628
6908
1539
5945
8583
8060
6341
6673
1596
398
7872
7239
6581
6013
8882
854
9810
7389
4586
9692
9431
3848
3382
6232
9656
6192
6284
783
2694
3373
4160
5626
7670
2942
1023
9639
7277
7015
2190
7232
5486
5527
335
2069
9001
2276
2408
6839
5644
9081
5539
1142
3781
8110
9538
8480
9483
2860
2752
790
1241
8383
9035
1473
3464
6447
9593
3807
2484
1730
615
6071
3742
7133
7099
1584
3588
5747
7585
1942
1123
9945
6237
1899
8565
3407
8182
6704
6576
866
1277
3454
3937
83
1072
8567
2809
4203
9810
3037
5166
9792
8952
7787
2677
4888
1420
6632
1320
7975
1252
2744
6734
7089
3122
1818
3785
6891
7660
2725
9764
3267
3759
1350
8545
3506
5924
385
424
6033
4647
7159
3323
2358
5449
97
9581
2198
1259
835
7560
3484
7499
2352
8831
2336
8188
1834
1522
180
2353
110
8411
4785
9819
1425
1164
7830
2169
5476
288
67
9289
3086
6621
8850
2789
5383
7788
9979
6259
6316
8177
520
8629
4563
128
5903
8374
5537
8339
4362
6297
146
9864
9914
6905
504
9513
9766
2462
544
942
6140
4754
7849
9821
3540
9292
8847
3371
2512
9277
9014
1312
7798
4113
4143
4172
4535
3618
5873
5991
8588
4604
7805
304
6959
5795
6100
112
8088
6826
9496
881
8686
8889
1562
542
5771
8418
2717
6646
6023
6830
3083
3491
5419
8081
1260
3314
4058
1452
4091
9817
3915
1196
6292
1970
2836
8375
2282
2694
6094
9979
6634
5152
8186
1499
8434
303
2519
1748
9261
8220
7149
3055
9665
663
5337
5925
6749
4468
2124
8626
488
3900
4050
7992
639
7097
4081
7494
6692
6861
1773
6730
6243
2869
2006
7286
3550
4265
9743
2857
1879
6294
2848
4924
1629
3964
3115
5175
4258
3717
396
1319
3581
6221
7514
3369
1359
4901
723
7515
8129
124
8616
6970
4713
1652
5523
7188
2773
9117
9104
688
6884
4851
622
2788
8934
8941
7696
5064
6504
2978
5724
2984
9338
4738
5898
1897
4117
8107
239
1181
2133
7853
9446
7115
7311
8856
4353
9343
6697
5682
2854
519
4749
6226
6812
8559
7959
1357
8116
6694
2742
7327
4885
6186
6966
2795
7688
7010
3614
6938
7137
1063
201
8535
9755
9532
2116
3738
2542
7259
3262
5088
9379
6778
3961
5270
3244
4848
7877
2911
9787
8389
3514
5366
404
6993
6323
7680
3327
7984
992
6728
7171
8631
9569
6546
8268
5657
1506
9674
4283
7275
6890
9498
2663
3107
5925
3546
8875
144
9916
936
102
106
9995
3464
7765
5945
68
8865
95
9051
1091
2471
3253
8783
4773
8802
665
5815
4037
9587
7268
3277
9294
1647
7185
8130
7267
1984
8361
2373
8529
8260
5517
1349
6617
4626
2979
7397
2238
9965
9428
7296
930
5479
5680
5954
2941
826
6206
1597
6184
7308
2507
3566
2041
6947
5941
6989
7436
6481
2118
62
3302
5982
6113
2800
2764
5643
1436
1041
4641
7517
2152
747
6086
8163
7178
3150
9347
5989
106
5485
2708
7060
2530
9008
7314
7598
3777
6612
9860
9968
868
7082
2318
2963
1382
1223
9795
963
422
8473
3703
4976
9634
7949
851
4351
4398
9403
1338
8708
1497
4594
7576
4373
5817
2552
7884
6561
2708
1647
3308
3423
1095
2272
8708
3013
1712
5500
5306
6232
2516
7198
9768
314
3361
1757
5303
8614
6588
7851
4264
2026
9227
8813
6297
8746
264
4899
8093
5342
3095
8358
8910
6902
7057
3224
480
5065
5858
9600
6131
8200
8127
3053
5099
7769
5148
5989
688
9546
6493
9742
6691
9299
2670
5406
8870
7243
3287
7260
7033
8920
4339
7872
8464
2750
7927
5925
3335
9421
2240
7815
4361
7130
9573
4246
1940
1428
5893
4749
4649
152
2776
3234
2009
6847
4262
1133
6845
4233
7630
7035
5369
6165
7445
6424
6973
7652
6760
4027
9794
8023
1536
6625
7813
6620
3887
8506
457
9495
3486
4940
3190
5938
4915
4927
1662
3050
858
6850
3601
4798
6146
1523
1541
216
9082
960
6930
4268
5734
7975
6299
8714
713
8718
9319
8193
902
2172
211
7786
7533
2238
1023
4032
5942
2060
4534
5595
4448
473
2725
6056
9828
7206
6357
5792
9083
7469
2485
4321
7570
5561
6008
8122
6806
7119
974
10000
2704
3416
8700
9451
8741
3031
5544
580
8264
1678
8273
3408
8882
6843
8574
2460
5159
1065
6181
1984
9718
8233
7234
8584
2275
390
2746
8249
4821
9658
9870
8443
5944
8473
8763
6402
9549
3628
4970
9374
9603
4347
2435
4404
9508
5993
6143
2653
8834
957
6031
1777
9230
5823
7839
8431
3537
4079
5285
307
6926
9582
4514
3208
1664
6070
16
5206
9098
429
7824
1052
5598
2037
2914
6050
3124
8898
6890
8539
6766
9287
6032
9391
4797
3138
6154
4283
8357
321
8606
9045
6411
4490
7725
1689
434
2879
1025
3583
6826
7203
7504
2909
3852
220
1849
6907
2785
1748
5644
9154
5958
8726
8280
7490
1586
2332
2103
5262
9878
6598
4903
7820
5945
797
9857
9770
1755
6794
122
8711
313
4364
9391
7236
1310
392
9758
8125
7623
4048
2765
3870
8338
3850
6690
3302
312
16
7241
8020
7436
5826
908
8236
8437
937
2842
3486
1717
7524
5362
8966
9129
3241
8720
2592
3021
2956
1145
1879
6828
9579
811
8503
737
4527
8698
3286
1981
2393
1469
1053
1410
7682
5167
7222
5044
8573
535
5379
5176
3170
7968
4113
705
7878
6406
9342
888
6900
8894
979
6114
288
4405
4803
6255
5878
7642
2248
3767
472
1572
4782
2395
9392
9692
4186
4142
3261
6247
6868
587
1667
665
2443
3547
5691
9939
2291
9317
2640
5421
4623
2423
7712
3504
8102
2407
1019
9791
8375
9982
2787
3658
476
8894
3873
9741
6704
7853
2915
1169
5193
7527
7495
4681
8254
3153
5397
2762
4532
5488
9608
6915
7953
3034
819
2356
4448
4378
1578
7725
738
9832
2411
3500
9260
7832
4582
8724
2999
7517
9219
8220
7132
4440
8668
9541
724
3613
487
4139
1660
9003
1134
3305
6073
3106
3397
9307
9865
2308
1137
4465
1322
8874
850
120
1984
9077
3219
263
1049
29
4484
8620
9333
6083
9259
6891
3790
9651
1174
5129
7072
7899
2954
1992
1069
2188
135
7642
7550
9958
2849
2421
9635
3509
233
446
443
4929
8643
1276
7714
9952
4317
7177
306
4704
9081
8724
9348
2132
4485
9855
5526
6780
5217
381
7409
421
3938
4184
9690
7801
3773
2556
4694
435
2702
381
5797
1013
6046
8749
3751
347
305
380
3404
1370
5970
7474
4328
4234
8612
2148
4308
2852
3474
958
9130
2359
4731
9570
4438
7225
6024
8415
2489
1030
9692
9493
9851
7548
6885
8861
8057
664
4033
1309
1681
6732
802
9442
234
2069
6152
7839
4481
6655
7122
8097
7683
5616
959
7055
2718
981
610
3060
7998
5627
4878
2811
810
4127
9557
6762
2953
1899
6895
1953
8232
9639
768
6089
5574
5493
2579
7333
4325
5941
5185
6642
9655
8878
9963
6276
8050
398
7916
3420
8040
9563
7609
5582
9946
4509
6444
5329
4567
5447
1250
3240
6508
1263
9046
3273
2188
7751
4138
890
6669
5648
6546
4549
3252
8288
8744
1275
7798
1713
86
2847
8617
3772
3620
5466
8866
4624
6495
749
2653
4900
140
3954
4087
1323
2888
4357
8977
8936
7987
3582
101
1062
7618
4372
4446
3232
8218
4229
8494
7677
1963
9537
3541
6368
5249
7716
9340
5735
7499
5984
6422
7050
4320
9761
1788
3641
9623
2932
6857
3064
6897
424
2160
8953
8316
2959
6812
5986
9326
5938
2323
728
2809
6068
2313
8427
495
9281
3095
8031
5160
3529
5826
1517
6512
4015
8374
4995
7664
876
921
1705
2091
2228
8212
5526
2023
2377
8740
1318
4588
2824
8169
8423
7639
7206
5024
8710
6753
163
2160
3088
4988
4979
9895
1703
1368
7321
9650
3827
1168
1123
6505
7023
8794
2977
2510
2853
2774
9440
7629
5454
3041
1045
8570
9592
7900
5934
8359
2437
3376
5616
4324
7551
2048
5955
969
2550
1628
8890
3579
5819
4632
7348
4100
5567
3613
5158
8943
9798
9985
5663
8852
1404
9900
8849
9278
3205
9097
5823
2450
7687
27
2167
5696
5213
2902
256
4655
8157
7666
6727
2045
6063
6788
1900
6016
2787
7961
3718
6517
8641
7544
2840
7508
7044
8808
28
3679
8728
6370
8675
4121
9789
672
4713
2882
958
9315
377
8274
3044
4153
1763
6537
338
604
9353
1931
6750
3348
1840
518
8214
8009
5711
9563
7252
9963
2084
586
1719
308
2855
1639
6655
6232
36
724
9866
6214
5219
3545
7579
9589
1939
486
2546
4141
2143
9398
2457
1199
4720
2566
2664
7881
7643
7396
7080
7714
3732
7034
3348
3579
7387
5194
2921
8564
4260
8449
7719
5311
6926
447
4919
5477
766
2698
9069
5069
1327
5910
9711
1324
3263
7174
3725
3809
4320
6780
7226
4494
3211
5201
2285
4351
3234
2573
7071
3221
3884
7905
3353
2957
3300
8835
8811
4074
657
3481
3529
1675
916
9015
9653
2037
9504
5364
5520
2391
2583
2467
3223
1173
2773
3609
9875
5339
9089
4374
6246
4758
393
6675
5489
9946
5297
7586
5522
7946
9488
3057
582
9588
9893
3956
6450
8206
2822
1249
5251
1572
6552
6341
3135
7598
2258
7693
1371
9296
1879
7503
2656
4284
5352
5502
1566
8871
9569
9135
414
6998
1498
1210
5343
5406
1911
5261
3302
6931
6075
7746
2110
7394
8915
3593
4512
1737
3258
3390
3961
8123
174
4941
6762
334
6144
6041
5222
1585
6807
6508
2425
5624
9610
8529
9974
7458
1910
461
9491
5255
4884
9873
9342
4593
7679
9093
1715
5694
8027
9383
3523
7782
8865
2510
2276
1585
299
1166
8659
3740
4741
3756
8164
4728
9517
1106
1225
3552
9342
739
8979
7394
9377
4836
4152
7657
7160
617
3242
1719
53
195
1586
332
5354
8720
8382
56
2636
7409
4842
4890
7762
897
9022
7868
3846
1805
1732
2108
7618
7514
6582
4167
9675
6515
3164
1835
4596
6249
2509
5715
3754
8022
686
4730
9023
3627
6492
3013
4375
985
7715
9478
4118
5257
2301
2620
4083
3768
2155
8096
8582
1967
3558
4768
5379
1593
4326
3447
8508
8721
6762
4449
5519
2874
6764
6234
1511
2921
2259
3916
3556
2830
6490
5031
9876
5662
6537
3890
730
2750
8909
6856
2162
5925
9659
9738
8072
4992
3163
5320
1632
5292
3713
9140
6898
3912
2148
6405
7961
7302
5254
3276
9752
8918
8285
2886
269
3776
3411
124
7564
4002
2391
1463
3526
5066
3930
9171
6082
3396
7484
7855
6427
8024
7090
4152
2117
9687
2496
8036
8993
6456
6868
6317
4467
3258
1020
39
5636
8330
5001
2493
3257
9972
595
1919
3856
512
5880
1429
6312
6613
6688
7120
5033
6995
4951
5335
5830
4988
1593
5302
3966
7187
9163
5036
3645
8254
5626
3074
9555
7855
1434
3840
5814
661
7120
7752
536
7913
4997
1629
2292
3032
3048
4990
8360
2083
7342
8032
7533
7005
4092
3081
3989
9629
2512
3604
3109
6648
8378
4925
1573
4943
4537
4661
5460
3055
2033
9558
7122
8116
701
8069
3173
4013
2619
1994
5946
7603
9486
1816
8446
5599
7736
3860
7733
7657
4571
236
6043
2146
1160
8062
480
3107
710
2585
4882
3206
6552
5441
653
7681
7991
9859
3246
4928
4706
2875
3895
4368
112
4140
4755
9799
4882
7461
260
2478
2022
561
4376
4336
899
7020
7023
9195
2404
510
9131
6950
9001
7066
4838
4403
4181
909
2396
8691
1679
8170
7355
2042
273
2027
8968
2622
1250
9836
8949
6477
868
3987
359
6603
3408
9328
2184
6939
5320
9320
7746
4230
7833
3350
5110
7915
3155
2308
334
3690
8869
2942
5764
2187
8389
9687
5166
1972
4836
3702
1559
127
1099
424
4991
8107
1622
7014
4673
794
9961
9932
1923
9963
8193
1639
8752
6506
7303
9488
1882
4653
4627
9333
9216
42
8934
8722
6926
7680
9312
4541
3001
6461
780
2715
6527
8631
1435
7253
5562
2476
2142
2162
2144
6614
4292
2641
8024
9960
9580
8366
1960
6370
4459
6960
364
5151
9653
2035
8203
6806
4402
4489
7826
9631
2027
9604
6918
8861
4439
4112
3324
8078
2911
1052
7719
568
5631
1695
5990
5707
5643
2282
2155
7352
614
5258
2027
6232
3195
8933
224
9335
7295
4372
4433
933
1638
2033
829
1840
7384
9383
6971
9267
1964
8877
6522
7457
7823
3285
6962
157
1057
8538
7413
3157
810
4345
6911
7243
7463
1079
5773
3876
1537
2163
1409
4468
1902
6268
1554
4820
8395
4442
7255
2191
3686
8631
6217
4046
8183
5088
7523
7055
740
422
2776
6614
8615
6148
1268
349
7510
6484
4583
5307
3117
2730
9025
3953
6975
6666
1975
5842
4330
4770
7700
6134
9407
7077
2359
9919
384
7903
6163
6789
7049
1796
7706
8288
3451
7438
2623
8980
755
9369
4653
7176
3511
8037
3346
7904
6043
4868
5436
1537
5338
2985
1929
2369
755
6196
3189
4494
8728
246
6394
7988
2719
145
7079
9926
2290
2174
8147
8790
2148
4412
3121
6330
5223
4102
5709
2420
7549
651
5189
6406
1621
7365
5637
7608
1070
1954
5092
4395
2782
3565
4676
9905
4394
2146
6901
6923
2452
7564
790
8438
5489
7895
8728
6135
3229
458
2434
702
253
1114
9655
4115
5140
9568
4823
1898
611
2548
5867
4701
4086
136
209
6603
4539
2617
8803
6802
4839
4742
384
3893
4599
2845
7028
9967
1749
7847
892
1787
1086
9212
9030
5607
7637
6093
193
3838
8243
69
4314
7310
7654
3222
7234
3018
3889
3472
5454
6241
854
9075
530
666
3122
451
6926
387
442
938
9722
3078
8786
7588
7672
3129
3488
2885
4323
8027
4712
1012
8943
9960
9557
6821
4758
8597
490
8951
7474
3371
8128
2201
5652
7021
6626
5631
8143
4175
2134
3717
7121
6724
1947
5481
8824
9482
8293
2017
9970
5144
5960
184
7084
10000
4975
1341
3842
7890
7133
5114
4587
1764
330
6277
9323
6618
776
7524
6842
8185
8670
1873
7286
3147
1916
5826
2895
1883
1038
5357
511
5271
3249
1225
1596
2131
3327
5209
3743
1083
9577
8598
7336
2125
497
4830
8639
6708
3164
3943
1714
4591
5975
3927
7023
4649
3974
1451
5635
430
5428
2817
1677
4974
6522
4150
4786
4022
7870
1181
1316
8891
2962
9404
7042
7439
5500
2113
8665
7026
7790
7156
3047
161
9993
1978
4649
2361
3164
3344
7095
9680
4311
2783
1801
1263
8545
7523
5016
7061
6278
6898
5073
55
4880
6173
9337
4138
4442
4864
7095
1489
720
5525
579
7858
5237
7787
7259
4297
5968
9475
3984
3699
6559
2827
9241
8950
9452
5008
4074
6220
7551
2219
5380
876
8930
9543
360
6050
7540
5928
7034
5952
6522
4516
1526
8438
9662
1797
1994
2508
5605
7664
6108
3210
7093
9276
315
75
1100
7778
3842
4443
6792
9365
3837
9202
1898
2892
5789
9198
3312
4519
2275
5891
8151
8658
4355
8359
8560
6404
6688
9127
8827
6586
5787
9685
1398
5116
8137
9365
7299
2870
5202
485
548
7991
8118
3330
3406
9981
1733
3374
5484
9267
9377
5632
2638
5391
8784
3721
1580
9552
2781
232
6711
9974
3572
7936
5990
5952
6677
1894
6512
8024
1181
2933
6050
4712
915
4819
5830
3852
5255
2563
2238
5190
3438
915
7801
6463
5213
6602
300
3312
4542
9262
4680
3119
8684
3946
5536
5852
2209
2859
1413
5855
2906
5047
229
6265
5467
7303
5171
545
1053
4294
3772
4739
1649
394
5336
2017
314
8955
3895
5926
6337
8141
7633
9159
714
2849
5225
6240
9247
4201
7306
5772
9543
8906
1575
6677
3010
22
1825
2911
3368
7162
7156
8690
4545
1192
3883
4541
9921
4698
623
7073
9234
2833
7228
8728
8058
7419
6674
9720
4350
7
4551
3606
142
2244
7630
3921
3352
1950
8521
2698
961
688
3283
4547
7668
1188
8506
8339
7739
45
1404
5726
351
9209
7290
7933
1663
884
34
5657
1837
3768
2862
9826
7111
7822
3112
7156
7786
5763
92
1716
1310
1530
7198
9952
5542
8778
3888
3946
9332
2217
7057
9890
8765
5088
6474
5589
350
122
752
7160
8597
6014
906
6424
793
1885
2873
9646
1806
7366
6083
4446
4852
6533
3552
2558
9499
8827
2509
2211
6039
5845
5791
125
9787
8661
660
8944
1438
1862
5570
489
1637
5235
4781
5379
6535
2683
1703
3076
86
9776
8614
9742
3263
3146
7654
1934
8274
7505
2279
3250
7277
1802
1308
9999
7009
412
9678
4575
8460
9796
6041
750
5051
2594
5151
2528
3658
2612
6438
9819
2842
5062
3305
2566
8394
5083
8936
4493
2829
5510
406
4583
3358
9128
1354
5569
7534
1540
7451
3439
3040
5085
8219
4598
7396
6030
8931
486
8336
4919
5876
4583
9462
6218
9763
6430
2808
6904
7659
9687
8810
8365
6783
8590
5419
5137
4131
4056
2963
7893
2751
6602
2051
7228
6047
9915
9201
7997
6417
5773
8138
8289
1487
3092
7712
3327
6119
5370
6875
165
6990
1032
5562
2134
193
9736
9760
8626
3362
1537
9895
806
4418
7348
1210
3750
9538
6865
9048
2353
2701
6038
7127
8313
7964
4012
8490
9941
3454
1088
4945
3926
856
5457
1194
8518
7867
646
3117
7209
2186
9562
1133
2659
411
6846
3677
1288
6091
3438
2382
6340
9416
8513
6739
3253
6735
32
7020
6517
3157
6715
9030
2484
8551
2034
2485
8244
4254
5832
8651
4109
5091
7852
3611
3508
5730
229
414
3428
2111
8164
3800
7275
7650
9401
8566
1600
2016
5448
7798
8655
6291
5046
2804
7674
8886
6726
4848
7732
4538
8006
6419
805
5019
4130
5242
3486
6446
6503
8509
1743
1886
6428
155
5673
316
7692
7222
9098
5714
7108
816
2521
8275
4032
293
6656
1143
3897
2492
8023
8895
2290
2594
9050
9806
894
3837
7338
8843
414
9697
5237
4689
3459
6163
8610
5996
2338
9189
5708
5924
3176
7221
4649
8423
9999
8608
6968
4779
1183
1512
2109
1960
6790
4605
7917
6566
9026
7415
6269
5883
4619
2073
5707
2016
3836
3112
5721
4320
1076
711
8134
5414
8138
6162
2521
8600
9549
4907
9597
9020
9348
7166
1730
1311
969
6478
9753
217
9171
2867
2103
8034
587
9544
4562
3336
5711
1547
6369
9741
3402
1211
375
7142
356
5383
4785
9391
6671
1653
887
3985
5351
9816
2933
5728
3193
9941
4273
2829
5945
3655
7850
1470
1001
7084
318
2791
5466
996
23
9534
8989
8901
3103
619
7256
7156
6228
3405
2977
5283
4192
9731
4289
6820
4855
6621
3198
1056
2075
6205
316
4626
6219
432
3474
5474
2759
4565
9928
5030
629
1058
5449
2935
1550
59
187
3588
3709
6672
5552
5689
681
6769
3126
5865
2526
5063
3506
8049
3045
5909
3149
8166
8693
760
4080
491
5974
5993
9687
4442
8894
468
2582
2260
4756
8934
1059
6568
8892
2675
2016
6083
6349
8853
1921
3963
2377
5746
4785
5712
7733
5363
2956
3245
6420
1639
5619
7921
1573
5021
3384
1309
2536
5145
8871
4231
9140
6843
5443
1599
1236
9423
7826
111
4306
8239
2206
2880
8362
8657
7384
5429
5943
611
2938
3194
8153
6640
8170
5570
7420
7471
178
9769
4135
9246
2377
4477
6582
2718
9657
9306
5879
8310
6755
9092
4246
4609
8318
3165
9602
9973
6253
7893
7957
8274
4892
819
4529
9829
5144
231
2050
9274
993
3657
5482
534
5901
4329
1409
9965
4235
8756
9935
4762
7093
2408
5757
3541
6989
1459
5584
4604
6451
6452
684
336
143
5539
5642
7426
5683
3898
4152
6592
4033
8223
9892
1610
3716
1070
5620
5552
9900
2321
1471
8062
8435
9424
5426
6406
2106
2242
9472
2413
729
7802
8881
5647
4430
6052
6303
9093
9028
2449
3964
6780
7185
2874
7641
2236
1317
1342
9707
5952
1468
7194
7524
6357
2770
7254
6161
7226
2169
9808
5892
2111
7353
6305
9560
9762
1946
4648
318
2028
9027
616
6699
4693
7702
4836
7631
5304
8752
2542
3503
4170
2529
3924
208
4483
4970
9070
2889
3533
6859
2466
9347
3128
240
1008
512
2884
6783
2865
4181
1810
6947
3391
7408
3732
8521
4211
9822
8670
1583
8643
7787
1912
4919
6082
1616
7649
5664
2584
1496
7068
5077
115
8184
3563
4883
3625
5711
246
8851
9078
5032
9498
6246
6921
5134
2216
9172
4393
2915
8847
3492
3324
4591
7483
2229
8766
9821
4874
3692
5665
2793
3406
5973
4592
8254
1899
4591
7975
9190
8456
529
325
494
1719
879
7520
4081
9286
6346
2271
6049
5475
8316
2768
656
1223
3485
3607
4792
4106
1128
7952
416
9537
1073
9646
9466
8628
4301
4706
5710
7133
6099
5813
2747
8926
9140
9494
306
8653
1559
3925
4981
7299
2725
5314
7433
4799
4518
5726
1537
8494
4092
9554
5597
64
9189
309
4745
9381
8794
2943
3776
5551
6175
398
7980
5196
8494
494
934
9035
8504
2226
6586
8602
1635
2809
563
2450
6055
3590
2750
7349
3469
9085
2151
1594
4060
5127
8928
5179
6645
1038
9757
2770
3156
166
9093
3929
4864
2767
6686
3376
5588
3461
1514
9697
8673
1347
8413
9451
4401
2169
1051
6662
1631
7672
7159
5742
8447
9057
3422
5468
5848
1629
7674
3963
8876
6644
3673
7007
4996
4081
9497
6468
8178
7830
9365
6780
3142
3850
1513
8882
5846
5023
2344
8582
75
5886
2262
628
1059
8520
9082
9953
7346
4682
6334
6174
9987
6612
5811
4203
6397
1318
1757
9791
41
4190
4074
931
3269
8701
249
7860
4261
2423
7010
4933
7009
3226
2537
4933
2148
6037
345
5067
9006
4567
7531
4898
9563
3021
1397
2536
4245
4476
4879
5966
6726
1762
3890
9795
4063
2967
9513
1574
8971
156
4416
7086
6597
8105
6766
6290
3745
2996
7512
9312
7307
6929
3477
2432
8764
4762
7884
1816
7028
8046
6594
6099
2950
1783
2424
3642
6546
4980
4201
6164
3293
8450
6721
540
3682
6443
9515
6800
5866
8995
5496
4923
8807
1018
7989
9975
6535
538
6999
4380
2318
1318
5450
6136
5429
5443
9408
2001
939
4061
134
1022
3677
3463
6477
1799
2579
1196
8734
9313
1247
3468
3890
4533
2874
7500
1571
1680
3597
7325
5455
1266
9363
8177
62
4881
230
9489
8679
6322
2984
7874
7114
5034
3425
792
1836
1874
3412
4448
9800
9330
594
5605
9342
3362
645
5779
2808
4864
6411
6636
3084
5102
2242
1193
63
1069
4543
2138
7436
7360
6749
1266
7194
3160
3370
688
7966
5570
6486
7492
6403
7107
1927
1950
4530
7713
729
378
740
6283
319
5312
2218
3311
2015
795
9606
2782
6698
4191
5135
1628
6357
283
1003
4143
3550
7554
3090
6689
1756
1188
5680
9325
5485
8658
9728
3841
7891
4338
1465
7410
5133
2797
3857
4567
4528
1634
4663
3175
2101
2991
2544
6954
1322
8671
8289
2904
5358
51
8391
8634
5686
4973
4650
5285
5413
7322
1130
4218
1561
9381
1148
313
8313
8341
7904
827
7795
9333
8649
8000
1154
8271
2965
9835
216
6704
7391
5980
7646
1562
8653
9088
5965
3754
1000
7345
1831
7534
6779
1077
9458
5162
2151
4019
8662
1171
6386
1386
9534
7019
2977
6010
5453
2770
7336
5300
6299
4193
5653
1710
3950
4625
545
8402
8874
8886
4227
6679
9865
746
1988
2440
9174
5449
9292
8389
5577
4648
8151
226
5791
4691
4395
1034
8828
7452
5206
6505
8523
4658
1130
5716
8241
9129
5068
5224
9790
7463
8774
1270
1396
6236
3087
5174
5374
6218
3533
5866
7203
9210
7313
7736
7633
8302
3203
2395
8075
1563
3722
8501
3004
1770
9361
734
1583
9089
9918
8534
1414
8450
145
7909
6179
8756
4965
2142
2548
3472
7583
7736
5882
5765
1146
8383
9883
6253
9968
3637
2621
8560
8763
3465
4603
9303
9720
393
4617
956
8523
4814
5066
7281
7973
7719
341
9241
5249
9039
5105
6232
4379
811
3192
9499
6282
7896
8453
3189
3949
4381
3798
2941
804
3829
255
758
2250
586
2977
7541
4202
2931
5006
4267
5627
4852
5032
8649
5204
4933
3415
4555
1857
4508
8388
1190
5919
6070
6407
1675
5033
1245
212
7313
3377
3859
3652
5806
7601
2608
3099
4334
3050
5105
5422
2727
6258
9433
5138
1918
7572
3752
1817
1464
1774
8190
984
8144
6987
6636
8303
6508
9582
61
4521
279
4056
8760
7035
7797
8566
3050
9208
3589
8249
1719
6425
6559
3044
8043
2948
2063
1427
1484
1110
5913
5282
4529
688
9204
4025
7197
228
8414
8501
2194
9283
9491
4219
6846
3902
1352
7406
6394
8057
4895
1237
3593
945
1878
88
8447
5343
7241
5041
5213
8829
7932
2423
5072
6025
603
1884
7243
3694
1369
1516
4635
1972
9127
9973
9422
749
9948
8251
5660
8074
26
7774
5979
7868
6506
312
6816
818
4423
365
2313
4405
420
1250
2065
5381
2393
2157
7676
5163
4625
601
5563
381
6868
9577
7329
6016
8631
5438
420
8650
2479
1786
8482
7984
2277
4048
794
6914
4440
6390
9919
8999
3505
9265
612
716
5942
2408
1165
6018
554
737
2770
1533
8738
1255
5268
6298
9139
8657
2410
2673
5163
1129
5702
1215
9123
1470
8057
5395
2321
1495
4082
5333
4094
8801
1803
867
5427
3340
6752
7691
3880
3838
9986
925
3916
3242
2217
2664
5483
3855
1522
3013
4874
1959
1876
4468
4567
1951
2693
8139
1413
5900
993
1597
4566
9496
7280
1478
5572
3998
1959
3334
3212
6165
4072
9666
4935
6254
7393
2841
5334
1200
64
8250
1418
8965
6725
2586
7240
683
25
8588
2517
3806
9363
4740
9656
3959
7858
2625
2534
5933
7861
3026
5996
5264
9904
8616
744
887
708
7211
2618
3989
7023
6293
2741
6547
2352
9057
2885
758
8686
6048
9893
495
4667
7005
6593
4390
6688
8587
2387
4932
6247
5295
3660
5316
9277
7849
2564
7811
3017
6280
1927
2842
5634
8540
443
2274
1894
5277
1683
2213
1463
7930
8552
5804
9679
2863
3931
8320
8900
8177
817
2952
17
321
8626
8170
3788
772
1026
5684
335
3143
8477
4779
954
4908
6076
6873
1321
2134
5656
4459
561
6809
8930
7920
4555
2942
3460
5624
9784
770
7569
5713
1843
7197
7396
9693
275
6666
3665
2267
2718
6800
8493
5987
1130
6431
4287
8574
1888
5922
1632
2683
7304
3098
8906
9872
1402
7620
970
5779
597
5940
6021
6550
1955
9372
2183
6451
2260
7790
390
7699
1837
1207
340
3495
2662
2909
3499
9073
7014
2633
8609
5112
3460
8495
602
7213
1887
1019
3090
5246
9377
5142
8820
7455
7762
4007
90
6957
7756
7841
7424
3615
2662
3388
3604
4499
166
815
1377
2293
3218
3626
6276
7682
9021
7334
6043
3165
7751
6355
3278
1441
3164
537
7596
5701
6289
778
6543
608
8102
5745
8122
6644
409
8398
9659
2218
4991
5859
9172
9550
96
5493
7151
4257
4511
4633
9337
8354
3954
1479
5394
5145
1928
8431
158
8663
6659
2620
7996
1544
191
862
3022
7436
8858
8436
1151
7781
5533
4687
2771
4019
2260
3682
4589
7097
5720
2319
8002
4711
840
8475
1726
7621
1562
5355
2696
4388
3645
3393
1840
165
8675
6530
2858
6361
8100
8976
8521
1596
7925
8334
2550
994
7179
8557
2302
1776
7664
7579
946
5011
285
7974
6133
3356
3723
7793
1121
2393
6390
1386
1167
3127
2803
1101
6901
8614
8726
2226
4438
8425
6201
1217
2363
7176
1880
9365
8708
6436
6512
7801
6537
2363
6672
1862
7462
816
3808
43
9696
7212
8880
9154
7460
5051
7157
1239
6727
1763
4750
2763
6722
7704
9254
3323
5518
3375
9578
3216
2843
6727
8964
5913
3730
75
9733
8554
3685
4425
3554
3268
2216
973
9191
51
3947
3272
4008
3418
1988
5372
9962
7210
3720
9580
8589
7088
9383
9581
4663
205
8767
5144
3593
5359
1545
6576
7741
797
1781
1411
3031
1499
7679
6888
1384
8643
2328
7512
9544
2828
7356
586
452
3605
8941
379
3719
4943
7346
5608
3036
2268
8254
7772
7986
1392
8722
2969
1721
5848
2755
5416
800
442
8191
8501
9866
5456
5347
5942
5021
2007
5518
9423
221
4989
5304
792
4627
1236
103
2589
1542
2140
9156
422
8764
2895
8091
949
5426
1015
3708
5317
5683
9384
6223
1728
2234
9641
8365
2286
8587
3656
9858
7960
7738
609
2018
8336
5344
9170
9864
3628
1684
8900
8368
9737
6375
2524
9375
974
5246
5936
8554
3576
7577
2537
8205
9549
9654
9596
9219
29
7473
7363
1974
1795
6863
5743
3225
3145
6009
1715
1149
3106
7229
5612
1719
5918
440
3516
1291
5561
726
6048
8957
4197
6282
7995
3203
1024
6887
9765
462
3160
6155
9093
6614
2504
9970
7087
6681
4432
9268
5441
3232
5701
5783
1373
1504
1415
8066
283
584
479
5819
2943
892
5299
1320
6234
9038
8891
9423
9639
5328
129
3641
7510
3282
3305
1597
9210
8393
1890
4265
8273
9582
2002
3791
9886
2698
8656
5209
8387
5950
4552
6817
5619
1812
5769
8907
2608
1976
4693
9438
2909
4523
962
4343
3351
4052
9066
7065
7645
7498
1038
3833
4440
558
8073
4627
3930
1328
6877
9310
5375
9534
475
8563
371
1259
9545
4095
876
1213
5285
7155
3694
9151
8104
3341
8007
5752
2471
5444
5852
6205
6055
3814
5976
8439
1620
471
7104
8900
3134
6661
5637
2628
7448
6242
8612
9161
1887
192
8043
231
72
3540
7443
8073
8176
4883
6122
9745
9456
6899
9460
124
2509
2024
6318
9191
7552
6828
3409
8947
4010
3371
1755
9745
6869
9236
7598
1394
7257
5530
6098
2911
3148
1451
1556
9255
4893
5875
7650
4603
4797
9615
912
8748
4955
1119
3688
1745
621
9762
5167
1448
5093
5700
4777
7467
7556
6608
1754
7844
1018
781
754
4606
3341
5068
7581
408
4860
7751
6703
4663
2090
1167
6006
4629
4846
5387
1203
918
3689
6353
6651
6341
5054
7478
9530
4028
3926
8306
811
172
6673
4201
9884
2748
5860
2415
7499
1101
9676
8795
2674
9816
2424
5545
304
780
4940
9141
8032
3513
873
2995
4065
7098
7578
4635
4669
657
244
9294
307
1142
267
6573
5839
5704
7785
8803
6154
3574
6641
2920
8359
4549
2879
6087
9148
7710
309
1520
5959
4032
5419
4844
1129
8542
8320
7916
3046
5979
2088
3275
4652
596
4724
2934
4160
4331
6508
7584
5263
6189
3774
8618
2636
1896
8279
9802
3433
1258
717
9468
749
2610
19
2887
3642
1733
9132
4429
7664
3092
4305
1582
9348
5147
8090
3380
8197
2328
6602
9515
7690
341
9457
9367
1272
264
2048
8106
7
4141
9072
8968
8815
9944
3270
3856
7339
2830
178
1559
2652
6698
1590
9407
745
9953
1791
3835
1710
5112
4548
9373
7156
9135
7999
9697
5677
706
2685
3015
7796
3621
4878
3051
3938
6420
5359
3035
5407
2022
6988
9647
5165
8345
3468
2223
1838
7924
7316
6357
8889
9339
703
1538
9934
4642
5023
8611
918
5755
4365
1890
4335
5809
5566
8383
5956
8223
7592
9337
1559
2961
7695
1912
4144
6075
6470
8748
1429
6388
4936
4243
3682
7511
6089
6158
9091
6621
1514
7243
6769
2953
925
4447
9411
391
7379
6570
3728
1240
4968
9702
4066
613
1884
6693
785
2933
7885
4786
9476
6715
352
6689
6112
6646
8070
6727
9541
4815
7541
1383
3134
7218
5303
5593
7550
338
9910
4932
1454
40
432
4579
2340
8457
3859
6931
9014
159
403
1543
8769
878
8045
3949
2474
1186
7627
6757
9072
201
5472
975
2086
7459
3595
7152
5055
8614
4158
2714
2746
3539
1037
6442
3622
9151
5938
9911
7713
4949
6661
6698
6112
9965
1539
4011
523
6468
7308
6969
6577
3709
8310
4354
2231
3046
1052
7229
6444
8525
6350
4641
1021
9742
252
6135
6976
1905
3789
2448
6221
8228
3946
872
1403
2468
9977
8208
3186
6711
8783
9113
4122
5402
3765
6517
3915
4540
1053
3279
2203
4504
5362
8509
352
3691
9707
7088
6680
9002
2527
1208
4251
8105
2190
6063
2381
2073
4280
3584
5738
5382
9401
5733
5376
3844
56
3409
3681
1014
3212
9034
9150
8980
8117
3009
7136
9962
7218
2279
3311
5008
2085
3223
1867
5465
3292
1275
3579
1652
7245
5951
3240
1842
6530
9832
3028
3745
7120
8423
1812
7704
6420
9637
8557
2134
8539
479
7416
6531
2213
6379
7069
250
3978
644
3447
6033
254
7761
4294
4703
1285
7686
7556
3006
6128
3799
9466
4726
5713
5793
1904
4075
6769
5297
1900
9813
5507
4329
6754
2097
6673
5648
4436
468
9347
259
515
7584
7184
5294
3825
4656
4052
586
370
7012
7001
2070
1789
6394
8030
2118
1186
4383
2121
2097
559
3243
208
8725
6044
200
7772
9779
4261
3927
5646
9124
7622
8794
3707
789
807
7144
1565
8747
1259
4291
4557
2024
5349
8697
7755
3049
6700
137
8508
5055
2
1062
9148
6160
4818
4132
4783
7513
3907
1179
5817
7283
9929
6804
9066
1959
3751
1475
7390
6412
281
2466
7069
8937
9906
7714
4833
2648
4429
5939
3342
3447
558
4726
895
3751
25
4298
2792
8389
2597
4455
6983
5128
4401
683
8688
1183
5569
6370
9357
5357
9846
5530
2532
3594
1034
7341
7599
5286
8936
8254
9101
1635
5700
8018
2866
9998
1169
996
7522
5376
8417
8237
1971
529
6980
5977
5798
3077
5617
3533
7273
5028
1234
7616
9674
112
2307
2599
3472
1201
6968
6733
6983
846
6461
1292
492
1856
659
7583
748
5243
9111
9840
8787
1116
4515
8622
6847
4115
3134
6192
786
4189
3175
2153
5418
2766
1449
4342
2224
4129
8533
2291
481
5367
535
1434
7649
4916
2358
46
4124
8309
4172
6423
3094
9250
9374
9638
2335
1048
8316
2996
2516
5330
1206
7721
1180
2243
967
225
8913
8092
6983
1810
6966
5601
3846
9976
6565
3349
3947
2964
7101
5379
4886
2717
4939
955
6183
3328
4886
6025
4303
4938
4773
4898
9641
651
1638
5840
4561
7048
4356
1913
5014
4730
3976
1632
7813
1272
4127
1942
8569
7581
8685
2925
4418
9678
2033
9376
1817
7962
6652
8573
6921
3588
3175
4659
795
8803
6584
5467
6757
7944
2059
1379
1294
1553
7638
5017
8014
2834
9760
9057
3555
8896
3797
7931
3887
6961
4319
2521
4891
5723
8626
3707
2633
8775
4766
1216
9966
4636
3384
3509
4994
3580
3572
5032
9262
4014
8224
3387
9754
1373
3799
729
8974
8870
1660
3221
6533
237
1565
6955
9269
985
8548
6045
1017
3131
2116
8837
8079
9533
6561
7864
6362
9232
7306
8656
8058
6212
1935
5831
3698
8150
6470
4698
5426
8867
1185
5868
6658
2451
3705
4125
8762
6758
1349
6571
5259
1424
5232
8595
4789
6427
687
9582
7224
1182
4134
942
6444
2076
6146
9404
7993
4149
6539
7273
7486
5045
5909
4187
3001
8279
3759
4958
610
8343
2678
6790
5996
8337
1742
2629
4865
9658
3241
416
8938
2546
7276
6612
4282
7819
235
1830
9997
6440
2389
1694
6444
2300
7527
7437
7604
3130
6470
2530
9826
7284
4923
7571
7899
9113
8938
9928
1199
8565
7801
2015
1560
5558
4605
7827
5181
8732
4616
6025
6162
2221
5140
1469
9051
1577
3751
3037
4810
7483
142
7266
9085
8886
6948
14
6370
5907
8855
229
2142
5392
9473
966
808
8142
2478
5718
1416
2826
3490
6299
6211
7153
3082
4005
8022
5782
7607
2044
2189
2791
2674
7715
5121
6795
5565
4196
6521
5275
778
1363
8621
1365
8888
5021
5997
9467
3670
9348
5621
2265
8147
5147
7666
7313
6435
9219
1986
3850
4196
5430
6250
7762
1752
3970
2425
7905
4489
3279
183
8181
2592
8901
6036
8120
5950
1483
128
7441
8201
5604
6724
5273
2882
2662
4754
5508
8679
9806
4761
2402
8357
2170
8354
3574
6522
4977
1638
7312
5951
4523
3554
2924
8668
8456
194
2298
6525
1443
3453
9783
4578
6064
9362
6329
6266
2972
3585
555
7726
4743
7849
4436
6993
6444
2047
2797
146
7812
3733
3510
1786
7579
3651
5729
8669
8282
1671
9894
6078
1026
4199
6038
7444
2494
4449
4138
3225
9232
8281
4907
5174
7940
6352
2199
5652
2083
8302
6031
8709
8469
7712
4398
6250
5714
8384
2777
5832
2250
5681
8322
5550
8520
663
301
9445
697
814
5403
7242
166
8346
1327
7521
5825
7525
1155
2366
6182
4031
5689
2939
6065
763
9266
1272
608
5326
6848
9309
311
1868
2590
5587
4068
7666
856
314
7147
1595
3857
7089
438
7384
3976
4912
9782
4694
8128
9093
5273
5632
6354
2524
7846
9897
9514
1301
3207
5789
8710
2955
5807
8008
7213
3692
140
5697
9085
3497
1096
5915
6935
2405
6662
6589
7330
8057
6193
3825
5188
7842
9189
8275
8772
8384
1872
5242
8839
5406
6448
2288
6125
4008
3900
4777
8995
4507
7668
4696
9920
8402
7441
8138
7083
2081
1196
4185
1778
1237
1981
4681
3505
3481
1096
8974
9070
569
2176
4219
372
899
9438
4741
8263
2485
5473
6299
6912
8992
8802
3060
9790
4037
1820
3648
8654
2902
192
8087
2477
6918
6157
7421
9513
2530
3150
5475
4354
2051
7659
2350
589
7306
2312
3079
7282
8418
719
6811
5702
5332
3393
6699
4411
929
4809
8860
7617
1194
3380
9434
2733
1962
9538
3923
7072
5470
4300
2052
7861
2252
3407
3769
2091
8452
5791
5217
8556
6109
6834
7352
8885
9054
5520
6668
3595
6136
1285
1757
4976
1101
1141
3198
9279
6956
9316
6114
6509
3096
614
8766
1477
716
1699
1269
4826
8921
834
8998
3330
5981
5789
4045
1051
3654
8005
5777
8401
7341
6384
5735
1422
3907
5821
1239
8462
8741
1321
8075
3735
3610
9142
6138
7609
6894
5957
748
1249
4685
1471
84
3009
8178
3831
1077
6370
2944
3016
1472
5015
4799
3656
1490
1572
2565
4083
4276
8675
3932
9880
113
5009
9143
6467
2242
876
3939
1895
1457
2986
6955
2677
8019
4096
805
3358
4547
2659
793
5875
1035
965
8632
7280
9059
1506
2823
2443
6354
4997
7553
6961
659
4459
5416
5545
7571
3900
1549
8803
5442
8600
931
1025
3541
1084
5823
7901
9526
4223
1853
7286
555
6355
4637
9634
6323
2933
5441
3403
4074
9614
7025
4756
7967
6021
4948
8913
582
4468
7268
5140
2249
1997
3212
9894
6425
8988
2785
5456
4878
5075
5181
4783
2770
145
72
3239
3043
4131
3396
1945
5475
7898
4673
2380
8195
4593
1372
6367
3728
3578
2689
5571
3444
3339
1697
8082
9587
4494
854
2065
2169
7030
7197
2737
8423
4194
9283
144
4508
8532
7780
9536
2652
8332
6923
8116
1861
8771
7637
7131
316
3183
7111
7712
3845
3918
637
2588
9724
877
2461
9263
3885
1067
6516
8676
4074
1275
1030
5975
7964
1758
9928
1557
2158
2924
9448
6868
6676
4972
7947
6814
9070
3305
7237
7185
9984
1216
5156
4124
7329
1899
6086
9489
1163
2049
5048
3738
9622
4623
9529
1500
3667
5567
1135
6457
5552
1967
954
1769
9609
2229
309
263
1281
6096
5315
3259
9165
9934
4053
9504
9287
1719
2131
1302
5130
9743
7024
4360
9464
3949
8858
5311
7548
2842
6362
2977
8750
2071
9980
9164
7898
3605
638
8256
8064
6924
6322
6187
7792
4871
4438
7475
2420
8899
8731
5106
6880
1936
4823
830
6732
2658
5666
6647
9587
2302
4303
9110
1139
7076
6257
7598
6308
8675
3748
2521
6584
2481
4835
5031
5602
9688
7967
8011
5874
9992
3807
43
9175
3285
3553
3935
4112
5012
8745
8750
197
491
5773
5035
4437
4564
1916
1448
3044
5418
9051
6455
6134
8629
5512
3120
2857
2364
5661
4850
1617
3779
3772
9047
3568
2425
1464
6954
3037
2655
2241
7965
5706
25
3286
1260
3176
4437
9436
1666
3833
8848
3681
4685
1193
5016
3436
464
6247
4688
8730
5557
889
8168
9854
5652
6900
6207
9969
6877
1435
8938
7655
640
1056
8422
5118
1460
8244
3652
7337
3787
9208
3334
3325
8603
5085
7901
7108
1186
8960
4142
1210
5462
7191
8850
5480
7732
4242
6671
3186
2662
4753
7482
2027
3826
7978
8269
3596
2720
1541
5704
1851
5326
7571
8230
18
2274
2622
1170
2213
2746
9125
2859
864
7218
8011
1728
5494
8678
8039
1900
2021
2913
7873
6430
4040
9076
4765
2683
4467
1005
5226
1768
6499
9869
121
3055
8066
8075
5453
3006
1318
2544
5508
4688
5387
5604
7988
7815
8062
3652
6224
8424
2964
4361
4050
1931
2405
34
8713
6754
1860
1188
9929
7514
6145
1439
4732
2005
859
2995
4388
808
9898
7128
8171
7553
1486
9061
2413
4149
781
6897
1478
9208
3042
2367
5883
4982
7635
7237
5039
7909
7391
5791
1809
798
4126
1671
5642
8746
7325
520
8996
2417
9943
5719
861
3590
6378
8735
7287
1285
9904
6139
5658
328
1668
8139
3467
756
3337
8336
5791
190
584
1181
7094
1067
1697
8617
4988
8801
151
4233
8176
2877
9374
101
8571
5230
7584
7927
489
9484
3043
8652
4195
3063
9133
9211
2988
9554
5328
8726
1493
1180
7133
2617
3403
7604
8391
2879
9285
8899
6411
8937
3651
5397
3431
3844
6040
1716
5870
4181
1850
51
7767
6376
3593
5928
1116
5
3014
5191
4297
8498
6600
4393
3716
6147
3401
9323
1600
997
1459
4259
5612
8305
8279
1316
682
3127
7133
305
8150
8066
6708
7329
1284
5390
8224
1369
5699
4538
1808
7971
3608
7151
7252
2676
6226
4448
3223
5700
6236
1287
8174
8922
1403
8350
9262
872
8381
1427
3082
8842
2232
4100
6879
4069
8820
6164
138
5180
8764
358
9085
425
4398
9855
7706
2436
2811
10000
5277
553
9187
9377
9642
8065
2279
2676
6608
2819
3547
343
9154
6516
6210
7569
6031
1242
3500
7199
7361
4462
8806
8158
4761
8000
2168
2907
757
2791
5677
8766
2978
7784
6408
8039
4724
2545
2947
1484
1546
8045
8100
9050
1442
2313
1917
7294
9790
5074
6777
1527
9515
5198
6548
4188
8831
8560
2662
7365
5635
9191
8560
9426
5819
5123
3801
7246
4682
2729
8054
1829
52
6319
8385
9806
4593
4539
3631
3539
4979
7627
1137
9782
2173
8625
4334
9819
5645
8627
4225
3683
5710
398
3493
7395
4999
4790
3741
9001
5320
3923
8831
6681
5987
643
2778
8142
2636
3020
9631
7359
2915
1031
3073
3121
9892
3625
9673
7999
9779
7807
5310
4961
7868
4997
4255
4976
895
199
8687
8467
9846
8977
5566
272
1651
2160
891
9356
6207
1913
9647
722
5829
9152
2857
7602
6755
635
481
4187
6691
535
7973
2711
2428
785
3880
9512
2385
199
1578
7444
8665
8424
7849
8614
1589
9377
4844
9184
7739
3467
3741
232
8689
6342
2017
6130
2572
7391
8566
8685
1093
4650
6252
5401
5261
6019
1267
3501
360
4940
8848
9994
6706
9575
1271
1469
4419
9945
761
1255
7343
1996
4362
3781
3408
29
5787
7433
9151
595
1254
9406
4449
2578
6894
3131
264
8032
167
3456
8927
9217
6033
2949
4044
9341
9521
4048
9210
9428
6470
4563
1302
3673
5770
4525
3564
588
8464
4122
1932
758
8970
3860
6064
4623
9134
2307
71
742
9260
2908
4839
8496
3977
6078
3746
740
5258
2056
7865
2886
71
3353
3185
538
9115
4011
5358
4576
855
8678
84
728
7015
6658
9271
4529
58
2187
3079
611
4839
5723
412
8095
5741
9177
1087
8016
4312
5349
392
1561
4118
9305
7714
5378
9368
359
12
2265
2111
1221
9503
594
2395
3104
9235
4182
8175
4497
6394
7037
3743
9488
7720
6110
3651
2780
1693
2453
6828
6809
9434
5177
3822
6739
9052
3643
6247
6919
870
9724
888
8113
3788
3330
5899
567
150
335
2706
9062
617
8094
9809
5407
7844
8848
5137
6668
9967
8392
7950
9481
880
4181
1438
1497
4274
2485
3845
8514
9234
5783
1535
4724
4062
3614
5702
9026
2519
883
1930
7825
4275
9149
7103
840
517
4453
3106
776
429
2908
455
514
1859
5277
3916
2852
2634
6554
1340
3963
431
3856
7480
4875
4810
8441
6005
8313
3078
4878
4696
6592
647
3252
7985
4577
3433
5281
2383
3928
3742
4343
5265
1585
6105
6498
6855
1926
4345
7549
2748
953
3258
1080
5251
8647
2144
4653
2209
863
9615
7298
3141
6151
2134
2183
6394
1732
4352
636
5438
9331
5201
896
3957
8235
101
5055
7267
579
1917
2294
1921
4097
701
7780
6822
509
6961
1839
7792
2967
3679
2564
5782
669
9918
7796
7086
2643
9517
4704
6767
2041
4452
2147
2522
2467
8283
7564
9851
1101
6917
9976
5553
3107
8074
6489
7415
9734
4583
5884
6190
4113
4763
3666
8075
6298
523
3547
7945
5927
2469
5209
4011
2185
6721
1680
7529
7883
2652
4749
4825
6973
7196
8941
5916
7199
913
4955
5034
3063
9083
340
2869
2191
4063
4381
4791
2305
2405
4037
6762
8413
5138
610
6264
7938
5720
318
6386
9589
3741
9246
6429
8763
4086
5506
3163
5765
5894
7217
5478
3613
8941
9676
7053
5088
8349
7844
4875
6841
6545
9678
3681
8654
6208
7883
3131
8263
9979
6791
292
3140
8722
3961
6456
5692
784
7562
2597
856
7292
9632
5283
1578
7669
9530
6767
9557
8299
7561
5653
4392
4107
386
2134
9257
3555
564
8407
7400
3927
1081
5558
5002
3398
9219
6698
5580
5382
6102
4508
3664
3364
3224
5852
5655
7559
6372
4008
5223
7566
3001
9922
9838
9828
1320
7253
9512
9759
6087
736
4781
9314
6
2969
2386
7789
9139
6461
2312
3274
1253
1874
4060
955
9512
189
8945
3918
2897
6268
4020
7937
6637
8749
5817
1204
160
5713
5083
9831
9952
7089
5594
4486
9080
1247
4216
2480
7740
4440
5289
8840
3016
4435
9677
1719
4020
2209
1093
4171
3358
5670
7495
7843
9997
1421
8533
8032
4446
7504
3354
7274
9804
9246
2303
9789
2455
3623
4476
4692
5578
2867
2996
972
9929
8057
5206
5039
3519
271
3528
1296
6976
8255
8304
6007
917
9238
9021
3764
5743
6201
6068
745
4940
2412
4729
2259
95
342
2380
72
3717
9949
1980
2813
6126
5938
8584
6562
5781
1841
467
6823
4121
3866
2179
3708
5715
4564
8432
5933
6423
2176
8978
985
3449
562
5947
8952
9941
9640
6128
82
1716
1781
9923
7143
9266
1082
2243
5515
5343
4458
5102
7597
4801
872
4874
6856
973
3698
969
4695
4670
3527
5977
7583
2146
1949
253
349
1914
5777
7641
5096
8382
6539
4008
4516
2393
5716
4306
5446
7366
4835
2229
820
6361
8042
6851
9848
9478
7199
4941
3660
5895
67
2402
2268
4960
7565
7815
1060
6775
4341
1966
571
5027
7874
5656
4382
1576
5019
6617
3585
1939
3906
8805
6304
9144
2847
2324
4349
964
8696
9943
9299
7246
3013
4966
8604
2646
5664
4878
6327
2560
4810
9262
3379
7372
5928
3697
2259
1053
4718
5739
387
2067
4709
9591
1120
5579
6335
1829
7909
5747
5002
8065
3872
3390
7296
9793
3814
6201
8462
928
4201
681
8231
729
3987
9021
3276
8232
5263
4829
2895
6043
3619
8633
7504
6080
7553
3671
9338
3670
8586
9021
9604
5250
8218
5486
7900
9187
2448
2171
8315
5410
6995
3219
8229
7930
3361
3051
9299
9702
3482
9300
7229
6128
5034
3333
765
9443
9308
5145
4369
8564
7071
8792
5841
9793
8965
7650
7437
5513
9799
7056
8959
4060
8022
8864
2268
1978
7680
2538
895
6710
7037
4448
5570
932
8054
5154
1022
8900
6726
2526
7108
7662
6962
850
4698
2181
5100
7405
1227
1764
3420
7127
9203
50
9090
8374
1663
9547
5284
4371
5457
1188
8083
225
7725
1726
3005
8497
3983
6590
2674
1128
3171
8103
4089
4598
4186
603
1839
8065
6503
5250
1529
8191
3335
4416
8012
9795
7860
2517
7519
2984
9484
4731
9470
2892
3801
9675
6076
3159
6142
5606
7094
8874
5253
5158
2978
1259
9352
1763
9123
9725
1596
8782
4119
4192
9658
8852
900
9536
1308
3039
9161
9185
6805
3841
57
8908
427
9021
5796
4680
4698
7914
132
2893
4230
5919
7553
6794
9200
647
2579
4109
4996
8573
2567
7382
4099
7143
6506
3406
5546
2750
5688
8654
8498
3701
4592
1989
7192
6141
2745
4132
1160
7504
3703
4386
9113
6306
1853
3973
7920
1905
7373
3739
7924
4972
4250
1395
437
8457
5598
4164
4727
4590
8433
5207
8405
5547
292
8807
4108
9540
1047
2600
5815
9724
4260
4301
6424
4795
96
2938
5474
7024
1791
8114
378
7441
9797
3779
8679
9614
5594
2473
3844
138
733
4966
3243
8717
1139
3862
7936
9146
3432
7002
4454
4672
917
6437
2689
5070
4585
6629
6536
4532
2589
1078
5603
5306
9738
9127
6701
706
3061
7540
2525
5045
2879
9117
6105
3626
4533
499
8308
5903
4072
5298
8724
2214
7014
555
2600
6109
8762
8191
4727
1542
738
8561
1471
4947
6365
298
2529
8329
4132
4051
1376
7662
4636
4636
59
5734
3590
3812
172
6966
9023
7291
5805
3456
9750
8187
9566
6033
9709
9534
4997
5274
7062
3987
6108
5032
3124
9771
6918
4774
3571
9515
3421
4578
2726
3035
2225
1035
3552
8504
5476
2325
8018
8130
5692
1181
4988
2524
382
2026
9515
9072
3929
4215
1806
4231
5721
5557
1941
7048
4172
8484
7184
929
6963
9995
1147
9781
6202
9291
1844
2906
1862
302
2643
625
1127
9405
5435
4131
6842
497
1743
4690
6326
3392
2647
1126
1382
4379
7465
2849
2953
5821
1482
8558
5752
4671
6125
6525
704
3960
7585
3102
6174
4283
5867
5763
5965
6710
8323
7635
5431
297
1951
4878
4836
596
1922
8829
7662
1231
4878
9708
9793
6351
9365
6068
4016
2388
824
6442
9894
3654
903
9191
6966
9041
5739
8093
1389
3276
2458
2855
476
2738
5650
2441
1203
3423
4856
6182
8215
5446
639
2835
9403
6213
8681
2892
1195
2332
6127
8541
7634
3190
317
7852
7265
9699
7103
1698
6657
4247
8166
9971
7473
848
7936
6543
3838
7035
7857
1436
6283
5141
1839
9828
5687
907
532
9859
2139
3996
227
4775
3636
990
773
1364
1126
615
3807
9434
7521
8949
6540
2541
5993
6580
8418
450
7648
364
7870
3657
2490
1207
6328
1131
2070
7822
4715
1725
9007
3022
6392
855
7278
9876
5624
5842
9431
8059
4025
37
8790
6818
4192
6570
5051
5925
1096
5794
1330
6215
2022
5798
3182