191
5980
2256
3080
6169
6463
7157
3797
7731
7129
5454
3725
2758
8615
8347
4703
3715
4104
7418
343
5730
606
4999
142
8899
4393
3060
2470
5289
7100
5006
6360
4987
9046
403
9177
5132
1258
759
2654
4403
9982
5606
5140
8428
8858
6662
8827
4024
8514
5097
9565
8860
1554
5608
7878
5967
5225
8816
2468
615
5425
4013
9137
3534
3465
9530
9067
7584
3124
5563
7647
8764
9960
9651
4487
4210
6005
7819
2645
2181
8254
3592
3189
1244
9526
91
5207
1088
7887
3962
5594
6103
3303
7900
5199
3341
6184
7642
1098
6063
5934
927
1797
476
4477
411
4543
3829
3760
6227
3109
8236
9221
7614
5967
1303
9376
7703
6387
7722
7982
3162
6881
3382
3750
6229
3801
7544
4860
4853
526
3226
9653
7595
5067
1664
9792
7506
6955
5457
7416
9161
6152
7673
3025
3647
9919
7569
346
2057
3631
4424
8674
2510
3627
9950
8432
403
1054
7674
4057
6697
3381
1992
8602
3938
2986
2080
1758
5768
1505
9326
9037
9846
3962
4680
6494
9555
430
5857
9555
53
3179
7861
6933
1173
6418
3491
7014
1588
6240