100
373 297
66 462
13 162
335 213
363 240
399 405
368 486
103 20
432 59
268 263
333 12
280 469
304 489
176 364
143 30
431 161
280 374
462 454
403 79
310 264
183 418
193 243
403 227
229 344
143 377
166 53
214 218
482 376
431 421
32 34
72 489
28 210
482 273
318 232
31 375
126 489
240 192
425 285
97 400
119 53
178 67
270 305
137 438
145 217
485 457
360 377
377 463
15 172
64 65
341 334
83 216
364 210
185 338
252 347
416 10
109 228
45 414
13 250
430 94
299 355
406 161
355 406
202 472
369 248
96 155
47 233
121 384
129 27
268 299
364 244
289 183
299 380
304 221
88 292
409 170
72 315
61 93
205 297
216 73
406 435
363 70
73 138
222 317
363 38
155 357
280 352
433 394
156 152
338 439
37 417
61 194
174 469
409 269
84 180
133 260
218 179
427 274
234 417
167 474
432 28
