17	361	420	120
316	312	323	375
77	473	1	111
162	133	298	306
486	256	147	54
127	241	205	408
105	130	206	421
471	203	331	450
448	296	37	365
476	383	472	384
435	231	210	416
332	383	384	374
119	171	167	221
480	456	222	394
222	95	137	139
330	432	182	185
428	485	109	283
418	261	76	477
140	252	127	248
354	375	80	250
56	414	455	399
472	111	265	211
378	221	84	452
267	228	80	143
383	359	138	190
411	283	5	253
444	159	353	418
461	196	245	36
445	5	263	85
463	278	433	293
232	341	217	174
253	381	434	383
169	380	379	210
87	19	419	424
356	361	157	396
33	186	422	264
431	478	284	234
115	399	266	246
169	133	464	70
381	148	369	64
301	182	412	385
332	409	287	399
255	312	302	173
166	205	202	135
268	478	38	80
414	203	78	57
423	129	348	8
97	201	191	65
126	349	299	59
59	99	155	405
298	440	357	28
359	118	432	13
327	37	179	129
113	263	332	232
144	70	193	238
113	146	307	299
18	15	324	342
398	369	68	226
6	224	217	374
306	245	379	480
241	23	311	66
2	389	85	163
100	4	116	69
172	91	177	150
104	148	450	16
37	79	82	371
44	256	482	44
176	327	395	240
347	89	416	162
151	54	305	280
284	53	403	178
447	27	383	343
450	211	26	309
2	5	203	163
334	219	468	37
453	447	124	429
324	429	357	373
463	328	184	259
35	458	247	53
422	239	131	149
226	437	131	109
221	206	386	470
142	314	277	455
329	250	356	334
424	18	39	98
227	235	300	375
312	399	31	207
98	443	391	393
359	478	349	36
456	83	393	239
199	91	376	343
299	195	397	254
27	189	383	331
188	7	392	416
459	122	184	67
223	102	93	433
119	369	68	39
99	4	355	456
475	452	70	166
395	176	419	460
381	349	20	420
279	18	185	334
56	160	116	102
220	266	183	314
444	181	193	325
403	19	207	53
149	1	372	154
119	364	183	44
116	347	246	329
381	39	276	467
348	280	439	300
33	167	79	388
190	262	207	413
193	427	27	455
468	416	414	57
370	449	305	105
391	27	482	352
318	482	158	213
458	386	74	225
133	48	241	172
368	268	2	37
183	67	421	343
50	266	230	457
483	403	93	31
345	19	42	281
477	224	340	257
76	63	61	13
159	60	434	49
3	170	31	29
167	422	60	418
243	172	130	221
35	5	483	99
208	111	184	246
103	68	294	207
475	272	40	272
34	482	395	152
45	162	48	58
481	116	374	463
68	86	63	394
155	449	244	345
375	206	47	34
420	484	242	334
393	277	399	165
342	338	295	352
210	395	473	203
481	75	244	318
407	474	115	213
135	86	308	430
162	91	43	314
320	289	420	44
141	374	320	112
76	229	100	167
174	24	333	132
246	137	310	242
446	386	111	80
446	461	432	333
323	249	154	395
377	215	249	271
117	316	366	136
271	249	232	180
31	388	361	385
165	322	413	451
152	178	215	270
134	410	373	405
314	310	10	210
152	444	146	333
444	386	316	462
248	292	470	275
22	344	34	142
304	457	287	256
33	383	285	116
174	194	31	187
424	410	237	408
173	273	86	254
372	117	320	89
301	70	155	48
117	41	184	290
278	276	273	2
53	108	171	213
7	137	216	349
2	238	474	4
396	98	274	472
441	78	70	205
245	404	484	410
335	247	227	171
360	253	212	370
110	179	304	260
122	405	284	6
423	35	2	261
74	481	281	233
126	108	96	234
402	322	415	421
388	8	134	95
199	304	471	324
95	275	389	466
293	392	363	320
246	317	432	141
154	165	140	90
194	484	110	246
485	377	424	386
482	421	2	93
397	186	412	18
307	466	115	85
192	486	470	432
8	340	131	357
234	451	342	100
465	369	283	303
95	99	478	443
422	39	201	425
64	382	395	450
134	242	486	360
413	223	11	444
150	115	212	354
55	404	196	293
128	235	153	96
401	327	177	399
123	29	136	132
9	433	80	202
446	7	82	437
366	393	145	232
413	278	138	107
284	205	45	413
9	144	329	239
486	324	242	179
149	324	60	161
9	338	38	321
77	80	7	97
252	260	225	124
480	482	118	233
177	176	273	97
345	422	321	252
379	296	377	359
49	40	373	20
465	134	126	7
65	9	297	161
106	442	310	414
50	362	146	355
48	203	436	122
356	471	431	114
458	105	317	155
177	83	135	264
255	455	354	308
221	164	422	79
457	61	194	324
416	395	207	37
275	482	141	383
156	346	93	391
368	176	191	83
67	467	137	109
259	6	150	140
30	346	400	279
60	197	205	12
462	128	402	18
48	193	104	187
229	279	437	431
283	244	461	118
368	37	14	446
337	29	321	256
303	388	19	476
143	155	315	99
311	99	83	465
447	181	117	327
77	157	369	230
31	421	278	222
108	137	94	20
334	459	370	252
215	168	417	268
33	321	288	19
414	45	289	55
381	184	200	458
282	124	391	407
448	50	133	445
442	159	349	354
150	221	336	323
377	121	292	487
126	430	355	479
238	386	87	309
158	286	47	448
385	117	345	44
284	214	23	190
185	120	123	415
397	41	186	122
18	395	429	8
70	288	123	284
98	132	486	211
58	414	136	217
236	106	245	414
121	272	263	127
134	475	276	218
406	47	409	373
477	446	448	403
414	165	250	483
266	471	473	165
26	478	238	269
38	226	416	449
342	396	482	185
338	470	51	255
270	57	394	25
207	228	206	205
416	358	406	212
378	371	401	368
27	192	158	27
359	200	283	123
390	435	418	188
244	335	280	318
270	10	215	242
290	291	209	104
382	243	196	105
14	457	117	461
114	410	356	231
130	198	421	357
29	145	26	416
335	103	221	26
334	202	11	129
404	440	432	221
210	316	141	394
438	186	44	5
218	38	168	431
105	67	340	263
141	236	479	56
304	24	412	373
231	92	66	463
14	352	333	182
235	485	46	90
273	143	303	174
30	127	284	38
347	207	204	74
355	387	400	391
77	416	67	110
56	442	178	396
295	204	388	103
284	379	308	438
78	297	298	398
142	316	163	302
174	45	468	469
227	158	414	218
463	299	137	13
241	334	263	457
231	79	70	218
429	252	336	393
282	21	437	366
208	31	425	6
134	181	332	423
333	219	90	250
436	122	464	456
397	163	456	347
324	96	466	304
482	283	51	480
236	413	300	377
24	440	324	63
429	451	293	404
50	262	454	155
29	105	35	80
85	101	138	305
228	276	386	233
286	23	439	100
451	461	47	41
411	119	465	245
268	221	159	349
433	88	362	388
305	69	233	179
95	184	407	275
16	441	30	157
147	192	224	174
241	72	316	288
52	219	23	237
398	201	198	44
134	366	368	290
399	94	361	11
461	154	447	155
15	346	461	237
212	45	257	25
271	322	81	460
239	306	127	157
470	403	42	434
337	266	462	324
15	17	171	448
274	419	206	124
188	260	29	169
347	329	81	330
364	142	441	223
374	60	415	448
359	92	67	285
336	306	74	115
394	482	449	175
337	320	213	423
368	275	351	461
359	451	431	339
278	100	480	289
362	19	84	256
54	269	160	403
159	386	21	426
141	481	362	180
451	370	180	398
192	146	143	444
34	401	204	336
266	316	474	476
342	237	406	398
423	191	318	322
407	472	140	149
9	357	104	403
449	403	371	128
262	348	481	128
365	240	271	472
204	245	289	202
451	203	87	272
266	59	29	118
361	415	432	74
469	409	448	323
36	122	166	302
63	385	243	415
93	140	459	397
131	82	439	333
426	183	233	313
76	286	396	56
485	75	381	407
287	205	163	306
96	23	412	1
125	8	184	373
203	414	299	331
181	78	317	203
89	259	126	312
361	110	106	269
190	420	411	37
205	234	3	142
478	206	419	481
431	32	55	462
256	211	318	482
43	356	316	93
236	98	435	351
374	340	393	20
257	365	173	106
244	194	341	179
413	324	306	192
476	432	322	79
131	93	381	350
228	467	469	305
458	420	338	443
479	357	23	452
35	390	317	251
400	452	431	325
5	406	177	82
132	486	389	109
474	470	262	202
80	462	179	249
482	210	102	461
378	164	36	23
357	247	106	355
375	89	158	263
43	212	123	481
104	359	283	459
354	209	48	324
124	410	134	288
18	297	470	223
335	40	387	49
287	287	444	30
57	339	251	70
160	320	421	402
478	369	173	308
11	37	82	456
97	63	357	187
326	294	54	107
206	376	202	314
87	213	314	298
7	193	412	308
54	188	404	193
356	187	54	236
26	179	320	103
13	184	285	253
395	353	73	125
328	255	278	385
242	295	253	335
8	320	184	400
395	344	336	28
472	482	145	447
340	91	415	258
253	213	447	405
264	25	187	188
431	7	275	9
71	456	470	413
179	453	131	67
462	294	39	430
177	388	1	276
118	169	418	209
465	25	243	369
239	282	210	468
216	75	195	88
156	128	186	400
38	274	454	97
56	407	461	171
320	441	83	157
474	194	121	102
101	399	398	430
28	18	15	362
330	27	434	462
81	43	474	181
461	98	264	467
350	239	303	404
471	104	131	484
364	475	367	465
350	186	50	188
134	232	264	289
177	238	463	268
151	326	355	9
441	68	145	298
391	462	64	349
293	209	218	14
178	116	170	58
371	366	109	72
27	62	436	125
221	480	204	229
219	161	389	283
242	362	423	22
138	48	474	466
300	369	42	328
34	439	212	114
85	397	344	484
84	185	328	7
172	200	179	223
166	473	35	309
325	20	277	412
369	174	409	98
226	257	136	259
362	78	273	291
257	28	251	263
372	90	433	134
125	423	390	349
486	137	188	443
365	230	470	335
464	270	446	110
135	326	427	441
203	141	228	237
345	65	356	282
261	343	18	226
487	68	430	75
85	156	406	298
75	160	171	320
44	178	217	458
156	214	455	373
279	404	328	486
306	100	48	475
475	62	175	448
92	59	36	401
377	207	140	128
192	60	29	381
464	285	235	361
110	412	157	389
451	313	220	327
423	114	178	363
379	154	227	486
441	166	360	386
123	273	441	154
310	68	4	204
354	375	229	80
194	380	319	66
106	166	466	248
36	200	467	249
367	319	151	292
316	419	274	299
178	169	457	235
78	145	317	106
126	263	116	325
333	266	393	297
44	128	417	257
413	278	466	374
382	440	447	64
100	445	78	451
66	144	171	273
91	436	123	242
31	3	34	370
121	180	263	251
335	141	244	216
347	158	39	52
56	207	70	66
257	347	110	51
439	213	116	200
373	303	385	189
339	153	283	331
226	384	200	279
163	361	413	209
193	204	396	232
137	246	337	327
446	49	432	65
174	349	421	189
281	475	423	211
199	486	462	418
466	392	276	273
364	350	329	220
64	214	283	127
216	42	428	60
232	79	470	152
292	475	363	143
266	373	318	145
470	207	369	279
487	329	214	10
390	456	359	23
361	363	337	412
399	215	38	275
37	45	44	395
49	192	423	467
129	433	67	347
287	15	102	332
232	22	113	113
128	146	331	24
58	387	417	403
343	192	470	131
438	457	100	443
426	94	382	261
32	186	46	257
199	310	466	239
115	52	81	152
325	26	440	124
483	425	137	134
293	345	307	485
457	249	407	447
278	293	173	79
208	280	216	352
101	27	439	51
181	408	415	474
416	377	296	35
350	15	85	354
363	183	109	8
69	36	265	341
370	436	8	118
276	42	448	26
262	334	485	4
65	406	209	463
228	30	377	486
152	238	74	315
39	51	196	15
231	66	480	332
198	73	416	268
200	473	418	447
85	115	424	395
120	47	365	310
444	302	67	52
473	129	418	266
310	331	387	158
477	274	26	257
292	464	161	345
55	15	401	168
282	99	351	180
151	171	208	293
87	402	449	35
25	61	48	114
479	181	95	245
347	228	197	7
142	251	330	71
380	25	53	353
266	195	453	184
3	54	135	18
58	458	247	426
71	138	400	391
295	324	391	374
230	87	99	220
54	473	10	197
334	88	327	460
405	259	65	38
478	357	239	260
60	127	138	107
278	90	474	109
61	187	471	59
337	348	131	214
220	203	221	169
230	457	418	299
176	194	189	24
97	471	229	393
208	48	344	379
7	98	386	94
110	73	234	323
175	276	273	285
371	165	119	223
50	450	30	424
4	453	371	290
79	469	264	113
314	78	453	185
37	435	365	331
67	394	70	119
220	360	466	29
211	369	458	211
235	206	407	162
68	245	450	304
70	90	166	226
286	74	294	76
151	275	225	107
22	135	474	269
370	324	364	398
377	230	282	446
464	165	362	266
175	264	442	239
147	163	93	196
62	210	193	236
357	483	20	113
85	257	47	427
380	204	226	215
318	220	166	363
463	400	201	231
441	162	343	427
91	374	455	369
248	386	67	365
394	344	168	367
250	33	394	469
291	378	290	438
321	474	283	41
450	447	159	8
78	246	47	28
291	234	126	361
103	189	321	228
251	252	276	243
205	63	220	162
295	135	327	200
333	409	64	204
335	305	123	170
475	135	316	25
463	33	202	317
80	479	80	413
17	224	24	198
34	269	12	68
238	213	483	235
258	29	369	118
401	279	457	207
380	123	272	84
405	92	52	313
27	164	136	12
411	67	390	37
142	381	316	277
270	11	173	276
246	107	360	446
269	358	71	185
332	468	15	241
405	458	418	319
147	426	332	310
100	249	469	348
383	136	104	69
356	21	105	37
476	463	234	387
123	469	45	12
206	205	246	249
328	199	390	383
34	1	401	431
176	281	142	49
132	231	206	444
145	234	110	184
136	43	80	114
411	414	402	8
165	213	187	147
486	186	101	220
168	3	357	175
362	211	443	153
368	154	154	201
126	246	371	38
227	387	125	321
179	365	168	139
56	349	114	362
215	469	280	439
382	161	417	437
444	128	429	218
215	141	390	369
412	44	385	470
289	260	257	471
338	322	451	192
86	259	285	93
483	9	270	241
306	65	108	433
378	356	18	458
77	229	46	486
173	335	119	282
118	293	155	447
122	253	347	150
320	5	113	320
312	310	381	198
35	21	317	429
349	284	31	165
15	357	119	24
455	8	123	374
478	284	336	84
229	180	314	378
477	287	402	406
215	13	186	409
252	181	125	42
145	424	135	7
274	426	246	43
265	306	291	206
180	274	471	339
132	151	100	432
189	266	104	256
417	43	136	233
176	131	19	11
395	7	427	193
39	239	201	56
90	431	303	114
323	58	445	214
30	464	309	316
7	308	296	81
158	316	262	283
187	222	347	474
132	42	329	143
185	405	305	14
91	286	356	442
183	326	342	118
118	254	281	442
131	92	423	449
360	250	445	90
150	322	50	396
480	178	64	103
396	246	139	33
149	166	430	226
39	367	411	129
404	185	141	364
313	252	4	323
144	27	346	265
50	286	396	308
177	277	374	364
84	84	82	437
44	264	222	82
462	461	335	317
363	142	35	23
305	328	77	336
216	9	371	258
79	153	143	438
482	255	128	257
382	481	182	91
236	21	155	256
127	354	289	371
107	238	302	79
446	323	148	245
414	326	18	91
360	199	21	259
384	189	135	274
476	406	178	142
50	214	183	371
148	212	141	175
15	204	372	150
121	142	220	131
344	281	313	191
312	96	56	363
323	68	451	144
182	326	149	8
389	58	310	371
244	449	405	337
393	113	70	294
479	138	482	54
83	33	34	220
155	483	412	41
407	263	370	319
466	24	238	192
480	137	240	396
469	121	179	366
363	462	470	369
206	201	461	305
109	434	299	345
478	77	412	445
187	416	452	393
394	197	229	478
238	421	187	147
348	294	402	419
427	82	331	269
158	96	309	25
233	127	144	160
133	471	166	108
273	243	177	326
323	407	111	319
180	319	78	191
78	64	284	214
126	463	191	131
345	355	415	147
136	444	106	412
417	199	278	383
357	420	439	183
108	274	219	225
249	259	391	163
441	359	330	344
456	103	396	413
16	80	344	176
207	219	108	146
278	312	165	299
106	300	355	261
459	447	277	33
68	53	25	18
314	77	45	233
109	21	415	335
298	425	346	436
402	15	105	15
458	411	116	42
432	259	33	396
183	224	326	249
471	433	85	75
365	104	153	257
106	439	397	440
308	312	229	19
272	251	38	480
15	179	153	220
110	441	457	57
79	230	117	120
255	341	32	470
265	73	278	253
163	363	129	486
271	468	389	242
30	451	472	309
133	139	16	311
32	265	69	434
143	371	462	180
90	37	418	343
462	218	94	411
168	80	170	241
61	232	469	9
17	307	237	272
279	26	63	148
170	348	340	215
151	43	402	439
246	191	249	435
384	46	43	274
144	189	177	449
452	461	486	467
135	458	402	432
473	462	330	210
240	299	100	230
202	73	321	305
474	4	217	187
99	95	71	87
293	3	228	126
377	192	377	368
179	293	400	237
201	371	229	324
486	222	344	64
45	222	293	66
386	157	40	345
330	431	9	144
480	432	124	468
192	394	46	121
95	77	291	241
272	202	365	255
400	261	133	313
282	378	349	473
154	375	17	58
424	464	462	213
40	181	107	396
392	205	186	410
221	248	227	243
425	186	197	330
83	10	95	439
109	129	278	328
179	288	246	145
34	379	237	190
337	287	423	62
338	421	287	89
374	485	434	196
167	365	161	381
51	325	399	411
261	193	358	166
281	52	336	399
58	450	166	76
474	205	371	454
364	27	306	16
210	370	320	382
329	401	427	420
454	481	420	386
195	87	75	142
443	81	115	148
210	199	137	149
378	169	487	320
186	45	461	168
288	154	210	282
449	234	9	425
35	75	398	371
73	31	483	356
234	211	15	113
381	182	131	449
374	474	125	289
486	210	451	120
456	343	149	412
45	197	105	204
326	86	115	152
162	443	227	341
115	65	476	143
198	188	456	404
230	25	64	281
16	388	18	41
131	67	129	286
292	14	8	343
192	404	80	190
192	54	82	384
200	165	416	86
178	440	170	235
418	206	382	439
475	430	445	329
194	79	283	429
94	292	140	159
313	287	234	400
11	36	29	446
450	386	71	123
483	284	357	258
56	213	95	369
140	358	456	464
442	164	94	148
264	329	438	228
339	208	440	324
37	374	345	317
124	445	99	228
207	373	85	147
486	366	88	86
259	310	70	476
167	187	38	353
174	36	223	260
409	448	231	8
44	297	424	254
306	141	57	459
171	418	26	52
334	457	239	11
260	260	215	100
363	142	258	404
47	394	163	355
34	337	171	42
212	145	138	350
177	6	187	114
206	298	49	106
469	446	406	152
354	334	324	97
247	350	447	126
199	286	9	459
300	280	264	182
273	185	331	455
288	38	398	322
455	251	173	65
161	92	136	266
149	195	281	191
38	90	313	394
341	176	153	255
219	249	317	51
351	295	77	257
83	428	34	364
462	8	470	89
301	7	208	187
8	315	191	431
40	369	422	430
255	353	180	280
4	370	471	296
79	404	423	187
382	315	227	174
128	353	161	105
231	179	316	97
435	110	237	433
395	419	46	40
158	46	426	280
381	2	382	347
241	249	478	417
349	170	229	76
144	279	361	336
378	113	220	43
41	284	208	368
486	277	455	242
85	172	80	123
31	187	128	354
326	280	459	114
166	278	221	275
312	72	215	117
301	361	277	267
264	280	72	274
387	88	291	308
80	367	458	183
116	360	212	67
212	360	169	34
46	92	133	262
156	373	287	98
55	293	210	281
305	305	282	381
209	455	43	246
288	295	54	291
384	102	429	124
87	457	471	463
479	284	36	300
366	66	317	318
391	455	190	285
408	241	331	472
396	158	232	194
140	229	261	368
412	469	261	429
417	409	338	392
203	218	87	268
55	139	229	107
40	232	479	153
229	52	366	91
85	112	93	206
86	460	324	316
122	347	350	179
261	317	424	302
288	433	293	395
48	144	123	125
194	428	198	382
90	4	450	252
258	127	129	44
46	326	63	389
182	323	74	383
337	372	212	207
183	347	285	2
11	291	429	80
72	61	438	362
39	369	183	346
293	416	478	21
420	7	295	270
448	117	391	396
110	316	60	204
177	273	150	3
421	479	281	313
76	445	286	199
297	323	62	465
327	365	346	235
278	403	443	377
208	127	425	459
232	113	35	14
62	330	410	485
390	223	185	346
239	69	294	103
40	289	328	399
151	216	429	191
92	214	192	37
195	443	357	352
401	295	299	236
134	342	102	403
311	412	14	108
124	20	110	223
351	134	375	168
1	264	170	183
408	141	322	355
14	468	272	351
101	161	151	146
475	232	43	401
261	27	237	212
423	23	59	245
199	11	297	365
224	132	34	272
423	126	258	479
203	205	181	449
237	132	461	402
410	347	374	65
91	197	469	206
7	307	150	96
356	393	261	459
295	320	266	380
381	470	87	151
452	276	106	193
65	5	8	442
249	459	113	225
307	360	296	167
232	487	401	433
175	411	22	355
117	420	307	283
346	86	430	333
464	214	169	10
131	151	423	181
141	188	309	151
443	37	420	213
10	270	214	369
487	337	472	146
421	414	248	16
288	102	435	311
193	319	249	102
181	459	57	53
198	116	376	210
44	109	87	163
473	373	347	353
56	161	89	367
153	453	29	431
50	135	204	56
400	335	385	361
237	205	370	184
117	330	208	185
181	203	233	480
123	59	29	133
15	423	221	368
262	236	134	294
434	100	149	348
229	85	255	296
344	360	280	303
80	160	341	268
400	138	240	252
262	123	460	49
320	235	168	85
420	485	456	467
176	385	263	106
188	327	425	401
244	336	327	279
271	112	106	30
428	295	184	372
74	262	258	121
178	32	434	181
256	100	255	22
32	20	135	271
204	93	165	185
373	456	323	345
89	365	217	50
310	469	337	469
369	49	102	279
300	479	308	111
250	277	207	470
117	47	217	443
280	20	11	484
87	299	446	108
248	367	44	471
46	207	44	34
188	395	43	138
150	53	194	235
380	464	282	107
196	281	304	88
355	401	210	269
120	51	141	379
129	478	257	231
381	64	390	408
187	28	453	190
82	415	436	180
307	166	315	166
304	175	446	279
316	149	368	121
322	204	443	430
97	377	367	155
86	326	383	25
193	187	51	279
341	294	6	459
446	402	477	11
408	329	335	13
465	21	454	181
122	91	406	9
45	49	82	269
18	180	226	381
361	227	324	111
172	422	451	49
260	218	193	398
278	366	334	482
171	477	370	169
347	29	458	206
231	294	189	134
391	87	433	207
475	28	254	135
424	360	311	474
371	152	135	331
458	195	193	8
355	434	378	275
191	74	47	401
190	136	209	463
317	8	297	449
55	144	461	203
420	137	475	125
85	383	302	303
461	300	391	208
147	4	460	293
265	352	445	359
247	11	334	155
396	275	36	93
4	138	20	35
423	275	223	339
290	164	291	216
206	250	292	414
273	188	204	158
356	422	229	224
47	243	381	263
146	302	215	154
385	99	485	162
198	127	137	172
30	66	436	253
369	227	210	472
114	86	1	139
474	273	401	302
293	156	35	362
9	281	160	114
184	458	394	42
343	178	88	292
58	430	398	356
136	250	202	62
79	191	277	166
5	340	179	342
350	231	485	139
306	456	208	113
470	407	296	393
42	373	468	349
102	237	216	399
433	38	149	373
287	197	430	277
286	189	186	358
150	11	16	313
34	406	419	333
314	420	85	210
327	450	399	434
474	376	218	372
243	144	397	283
302	229	268	312
367	153	278	375
84	359	374	354
385	320	336	464
411	304	322	363
282	94	475	10
467	102	65	428
472	139	304	369
450	453	161	27
445	221	320	213
329	412	131	21
234	428	235	330
260	268	386	267
49	241	440	361
147	194	68	199
179	65	224	325
208	14	8	215
428	55	108	222
128	461	155	478
28	353	370	187
238	143	409	235
428	71	412	337
344	241	6	192
326	82	333	57
368	487	411	179
67	357	202	37
362	27	414	236
38	337	243	38
377	410	475	109
366	10	238	437
179	384	31	321
259	119	26	450
258	46	97	442
335	27	255	209
68	67	134	431
212	258	238	153
127	273	401	290
257	33	110	289
371	457	157	484
37	228	291	418
81	170	366	295
8	256	447	486
475	262	50	97
321	464	384	106
67	107	421	232
307	429	95	6
111	121	44	345
329	16	151	407
25	179	296	149
478	236	375	221
236	203	129	240
435	164	150	267
152	454	203	74
97	102	266	413
299	92	464	11
162	160	122	463
410	214	200	41
391	90	389	452
472	258	477	302
153	78	166	253
464	62	305	418
395	284	470	330
353	94	386	248
191	136	324	181
233	166	460	209
386	353	221	198
178	128	406	338
51	442	268	214
438	431	245	435
66	144	144	257
117	160	242	282
123	264	361	15
223	436	399	339
440	296	117	59
336	15	363	4
16	449	192	321
421	233	406	74
425	172	11	425
281	190	297	313
233	72	314	28
219	92	214	398
9	196	192	7
129	266	172	252
347	159	87	323
406	237	257	130
295	406	57	438
218	219	204	292
121	45	185	124
409	222	206	447
184	394	311	143
22	456	77	280
34	245	464	140
30	111	328	54
245	15	124	53
271	148	412	400
55	154	466	220
322	145	103	33
145	325	419	98
33	145	239	268
135	378	143	462
15	270	99	52
176	4	80	167
436	168	447	260
396	487	113	119
75	64	204	445
64	221	465	333
306	356	368	200
435	77	48	30
346	154	445	167
106	386	38	61
84	228	114	455
126	257	458	384
345	138	177	121
120	428	316	304
389	142	448	304
312	376	310	407
428	461	11	305
22	330	143	49
224	24	301	90
463	396	436	178
289	65	441	136
285	196	448	114
407	405	289	54
177	471	421	91
26	79	69	192
93	405	149	351
379	299	258	480
260	306	98	67
357	391	216	148
152	25	206	43
331	44	281	261
293	230	136	382
371	471	414	275
408	338	473	484
168	300	224	53
285	219	484	385
162	160	432	320
64	46	212	486
362	167	423	336
302	469	217	319
278	400	107	122
394	480	30	414
402	429	185	419
447	204	163	469
461	273	260	405
171	40	410	376
127	135	45	356
198	472	229	126
248	170	401	302
463	266	484	71
224	156	290	437
23	278	294	445
256	22	92	457
185	434	250	26
273	154	354	448
159	65	420	399
7	255	38	248
460	54	241	305
87	167	391	342
169	4	33	355
336	389	18	1
97	336	290	270
363	5	18	323
398	446	36	220
152	386	138	27
329	39	299	260
303	403	293	127
152	414	429	141
306	138	87	380
254	414	115	392
270	384	5	196
73	486	211	317
196	472	310	395
19	186	227	387
174	11	176	140
300	155	141	208
293	300	215	477
419	361	246	403
147	467	226	431
164	382	479	284
325	162	313	65
193	336	322	122
217	273	145	229
320	21	134	163
458	375	453	381
119	214	62	327
160	133	321	442
257	112	276	374
191	324	176	91
439	130	79	452
247	464	240	445
355	359	280	243
417	47	258	482
210	307	79	97
56	36	96	240
288	58	335	120
107	136	16	417
481	294	124	377
149	426	239	251
391	216	226	6
135	348	471	163
65	457	96	36
263	42	335	407
13	303	237	241
32	433	210	428
472	285	394	135
288	351	56	348
165	188	42	386
95	297	346	30
353	234	71	357
481	319	458	135
411	48	8	476
130	153	398	63
118	167	364	10
349	226	42	374
36	310	279	466
178	172	185	27
311	129	102	251
52	299	24	299
346	437	456	368
104	341	206	115
337	157	394	159
204	481	338	64
393	70	320	253
307	182	15	124
461	18	227	81
218	43	26	35
368	172	162	194
273	92	61	450
82	333	121	334
103	175	37	12
457	186	23	19
123	244	300	290
77	96	194	366
326	307	27	81
23	179	128	191
93	452	12	337
45	68	280	302
315	460	64	276
77	397	279	289
1	178	473	259
3	36	164	449
422	309	196	320
104	84	145	356
214	338	230	427
55	154	303	198
269	63	102	350
102	424	268	427
371	181	142	478
452	408	238	434
250	405	454	6
149	413	130	398
305	294	281	234
444	261	67	336
413	97	454	32
224	130	290	104
324	347	314	314
370	322	297	458
296	475	456	136
359	338	334	125
258	200	208	422
452	417	437	21
365	149	265	283
237	195	480	335
454	320	417	188
236	403	368	135
59	145	219	334
265	142	309	235
232	249	438	124
367	148	272	376
90	258	385	327
421	456	325	452
120	33	215	361
472	368	6	222
334	136	406	48
292	221	450	132
147	151	11	87
452	35	121	420
375	212	119	457
164	376	232	6
184	74	387	216
257	399	265	350
383	180	472	429
487	450	111	463
107	456	339	72
213	36	335	356
476	354	216	441
260	5	443	290
388	239	352	267
168	9	197	113
472	134	234	328
301	385	183	99
254	202	20	271
186	72	477	296
106	474	284	411
369	108	298	352
246	157	372	436
66	433	396	397
204	320	299	20
46	182	346	6
224	65	239	263
188	432	289	129
367	350	184	115
44	237	35	451
60	42	12	168
178	379	403	45
263	37	413	165
475	392	13	41
185	156	252	32
125	111	123	397
308	280	61	107
454	49	201	354
117	52	12	219
50	2	374	282
307	481	312	234
49	97	291	216
255	47	479	50
37	260	226	32
205	65	160	291
140	302	7	62
197	242	158	97
18	178	39	82
163	484	385	271
423	323	261	300
189	360	9	198
193	298	418	199
335	196	270	148
344	258	85	322
349	232	252	177
345	239	270	430
378	98	430	115
125	101	331	146
425	420	81	3
83	83	183	411
104	261	271	381
107	349	398	423
95	189	318	280
121	331	240	184
207	322	25	469
109	415	446	388
49	149	403	263
221	95	162	448
259	333	304	129
42	140	110	112
17	433	262	153
115	35	477	351
457	278	327	271
239	454	13	250
270	471	80	213
396	388	116	39
128	342	8	304
69	450	376	62
59	389	95	336
337	241	193	432
426	442	363	117
157	233	262	105
390	438	58	114
14	332	40	465
426	49	197	29
133	422	125	79
328	73	250	363
27	209	362	447
426	308	285	478
342	115	406	253
126	86	256	486
124	452	99	343
320	255	169	470
105	323	219	402
137	256	424	90
222	117	163	427
14	142	35	431
29	183	297	35
137	84	345	304
208	76	218	16
49	269	220	57
14	118	209	150
62	266	62	296
383	460	463	200
234	241	232	13
471	232	48	388
323	99	31	394
262	166	296	241
422	306	317	262
280	473	115	280
48	214	338	150
113	38	349	145
18	111	372	126
446	218	142	333
171	449	81	24
472	26	279	395
234	208	213	453
213	446	118	183
207	141	166	381
428	406	16	252
120	458	402	370
69	396	186	307
196	124	212	170
63	253	319	382
439	352	366	434
358	144	376	78
57	351	310	12
174	311	206	36
166	152	234	60
107	321	291	124
49	310	407	433
9	82	347	114
60	227	97	460
16	45	179	33
426	164	470	197
371	339	188	144
87	20	262	436
128	129	198	148
397	448	279	476
333	363	74	93
302	61	172	213
385	368	18	269
168	272	9	469
484	287	349	67
344	473	94	259
37	100	347	381
405	470	432	225
165	137	43	338
151	374	482	483
448	180	437	317
432	86	394	283
254	319	77	478
247	95	71	306
429	129	393	298
273	288	165	248
288	130	176	63
323	380	351	241
347	134	38	392
414	418	344	358
262	42	161	216
164	80	344	395
4	188	486	168
32	95	229	468
212	53	183	334
208	15	332	343
79	71	424	48
452	239	319	153
404	193	388	135
155	20	399	461
285	335	385	85
112	238	286	254
159	331	87	7
132	202	52	8
112	400	338	268
339	168	5	181
181	209	132	425
388	52	295	171
393	453	454	374
118	48	17	190
72	329	55	175
409	479	57	397
379	53	269	99
85	354	232	399
391	267	275	73
364	31	332	61
136	66	35	365
16	246	227	319
255	351	109	175
442	149	71	174
300	97	176	25
437	371	422	357
315	116	30	421
160	419	137	333
290	231	64	325
299	211	433	331
381	201	51	402
183	83	387	7
421	59	288	382
228	76	261	12
198	343	317	156
459	145	192	99
113	3	196	285
33	111	273	420
305	246	197	205
73	344	466	457
147	309	458	257
202	247	42	88
12	246	17	24
378	57	77	426
486	174	62	314
299	134	105	356
408	213	341	445
51	408	45	24
393	51	331	142
307	187	73	18
135	439	114	179
311	483	420	258
325	466	56	426
245	298	303	279
393	295	368	178
349	272	287	479
405	263	280	214
117	448	49	355
327	43	126	430
171	187	369	52
463	423	414	396
11	82	9	323
390	207	306	448
223	479	289	10
85	359	44	246
478	191	35	126
28	214	184	17
162	55	176	97
55	95	274	62
278	348	167	252
224	171	432	362
10	443	71	215
376	303	374	209
349	412	219	190
352	316	436	186
231	352	320	45
163	170	475	120
367	129	406	63
285	112	249	255
190	165	267	266
201	122	381	181
65	297	311	353
413	398	391	370
238	225	436	34
171	148	2	203
272	366	90	122
192	187	141	380
57	390	125	321
437	471	214	251
204	199	179	206
296	145	334	41
448	328	272	442
228	80	252	291
358	315	387	262
161	366	468	277
389	405	250	111
470	449	15	170
57	74	471	167
153	232	382	392
268	296	463	388
47	39	173	326
146	178	69	399
334	423	305	449
142	374	114	417
253	399	401	54
177	141	48	327
405	427	249	66
334	329	237	30
119	328	73	190
33	463	57	383
338	43	412	129
7	236	86	370
301	375	311	179
210	414	466	485
42	349	4	462
473	62	421	486
272	37	113	92
466	408	451	252
206	306	413	438
433	189	104	307
136	443	471	374
76	170	461	145
179	96	421	105
157	443	450	425
58	106	30	75
37	413	213	57
413	431	88	302
86	459	29	126
269	343	79	444
316	120	333	155
397	99	196	142
338	90	206	53
327	273	67	384
402	408	381	25
335	428	431	473
365	209	334	58
265	82	400	93
2	476	337	273
305	327	478	461
202	275	433	327
279	110	116	298
166	304	378	125
38	150	325	413
155	469	282	211
292	60	391	171
324	237	300	20
143	272	153	453
280	413	217	146
123	331	408	246
15	73	419	139
114	336	13	8
174	105	103	375
373	431	78	383
359	432	227	471
79	163	430	355
232	276	301	224
109	473	233	338
355	160	47	293
112	467	223	21
256	346	365	113
212	321	313	46
342	179	341	478
20	133	304	323
466	141	470	314
306	461	273	111
187	456	372	350
381	105	477	445
169	125	332	175
393	347	327	460
326	96	453	313
352	269	90	172
81	183	107	68
79	293	80	25
373	409	341	281
339	135	351	98
145	75	129	301
190	231	404	7
183	169	362	88
176	94	129	227
448	160	215	163
327	400	278	291
20	102	60	56
6	325	433	78
342	325	139	230
429	460	370	406
369	152	300	338
311	294	198	79
316	102	28	227
107	464	353	90
191	448	203	275
105	204	180	226
418	292	452	449
339	90	73	66
355	317	222	292
454	381	241	409
424	293	57	161
419	231	387	105
428	84	479	44
137	284	48	381
378	265	71	264
401	20	329	71
432	198	166	165
341	35	336	347
410	269	252	167
132	253	156	424
237	243	66	274
308	4	147	307
273	395	336	462
402	30	66	226
83	370	378	251
283	244	92	258
241	430	455	165
458	149	184	165
127	394	483	41
453	195	14	463
93	333	314	371
209	95	165	152
338	200	330	323
108	422	27	378
146	225	465	120
113	264	273	140
236	32	243	282
62	260	315	372
464	470	226	316
402	15	298	343
246	63	418	70
369	256	471	148
226	193	328	437
376	55	114	177
124	285	374	276
352	144	416	390
412	230	186	367
474	239	163	184
382	315	388	339
261	173	31	273
179	165	149	315
367	97	478	322
47	280	390	454
92	443	35	285
86	239	26	246
18	207	477	237
261	288	345	184
236	66	278	410
60	164	100	394
118	470	421	389
269	225	51	446
330	409	78	335
47	9	423	198
318	230	414	24
180	105	442	23
333	154	451	187
6	188	430	236
300	378	144	371
454	46	382	377
75	312	438	223
276	443	166	235
155	292	370	298
9	465	298	329
241	209	12	427
15	175	486	153
421	182	221	210
308	287	138	458
363	40	101	41
249	218	449	224
36	101	332	480
419	470	335	4
419	323	68	341
406	260	132	76
134	145	415	199
246	482	289	145
426	63	176	6
93	415	6	454
118	183	330	65
13	225	464	275
283	255	200	8
361	342	214	414
436	307	175	423
333	388	464	341
331	413	298	82
114	406	232	88
213	100	183	232
374	206	231	308
273	168	85	268
389	289	8	318
127	7	137	30
396	299	129	37
406	369	456	275
366	383	319	8
159	277	472	179
308	162	461	49
338	327	404	422
450	469	340	245
247	202	157	446
170	174	142	44
481	448	318	185
32	3	419	204
279	101	264	437
364	33	304	415
430	263	428	466
423	372	66	374
20	394	90	194
224	251	324	225
7	470	286	138
415	478	175	130
59	22	312	17
10	224	203	200
455	452	113	445
462	174	222	324
463	70	396	222
14	130	426	405
444	266	41	233
322	144	384	261
238	45	167	390
457	262	90	332
203	110	300	90
470	404	28	262
414	71	327	427
472	202	18	177
229	182	362	358
330	99	103	262
275	328	320	21
70	271	417	429
363	313	276	60
436	216	408	268
396	48	33	406
482	445	168	353
138	203	81	24
35	127	430	385
61	349	205	400
45	166	19	305
208	103	445	460
395	349	337	4
366	92	168	190
356	393	297	360
19	261	41	100
17	393	293	321
366	126	34	293
378	486	26	160
478	169	158	170
304	138	389	138
422	165	109	481
345	32	298	303
121	244	100	19
230	156	314	266
443	215	292	107
39	15	306	27
250	455	401	195
95	333	217	381
185	345	373	54
42	288	258	190
367	339	405	147
280	177	92	176
259	205	87	131
54	378	474	380
194	48	388	79
119	233	327	24
470	371	467	477
11	177	229	258
269	451	428	136
354	405	452	67
36	16	409	212
49	226	162	120
415	285	294	307
481	250	89	318
39	398	282	189
340	430	264	178
336	201	362	425
377	321	134	406
118	6	137	20
343	441	382	41
129	217	3	380
392	481	103	71
316	297	359	400
472	460	203	257
123	446	145	390
430	175	463	289
282	38	347	61
117	153	130	61
333	94	152	7
157	483	235	347
90	126	344	194
146	62	99	171
421	68	7	479
96	130	53	148
63	61	409	472
280	152	249	379
44	375	365	329
80	373	41	48
247	115	347	413
78	375	283	278
229	396	417	149
423	18	106	267
231	330	309	411
299	365	393	281
135	367	132	269
222	401	207	4
123	17	326	171
99	112	31	399
329	268	412	332
389	283	11	151
35	387	440	332
240	91	441	71
87	57	10	405
113	131	429	369
101	438	189	130
343	274	151	83
168	115	170	65
132	332	195	344
49	343	139	269
462	432	155	481
74	62	420	120
340	301	33	289
256	120	342	346
431	380	419	138
461	378	38	384
432	301	172	159
282	128	80	335
452	63	131	105
445	29	108	347
113	476	348	180
417	448	18	426
84	172	36	471
220	412	102	193
178	310	229	418
278	52	363	288
487	392	426	275
101	84	250	198
252	322	168	92
255	21	30	486
46	119	476	214
228	435	176	133
26	225	349	218
370	226	17	406
356	294	213	402
458	445	94	265
444	342	440	51
47	19	469	183
181	266	78	487
237	485	450	452
452	269	58	425
175	135	248	385
262	3	482	302
57	367	328	284
450	383	22	36
91	269	459	193
330	365	441	457
112	88	199	161
409	451	49	32
436	201	14	253
128	281	148	419
84	222	90	481
10	215	147	487
63	413	63	294
175	113	181	144
284	136	452	119
347	325	56	204
112	38	227	466
91	402	259	184
333	362	228	439
2	189	397	318
481	424	235	21
346	151	340	120
199	421	105	98
442	413	334	299
54	289	390	262
228	168	220	127
331	448	215	200
221	226	398	453
12	111	216	235
63	341	281	457
58	42	390	107
90	358	394	234
78	86	423	364
323	270	396	360
469	104	481	127
285	321	118	251
72	89	422	268
161	190	471	180
99	249	66	450
52	239	248	164
413	48	157	221
471	250	338	288
47	6	329	1
161	333	316	49
77	207	198	410
305	32	237	63
60	339	458	49
423	170	449	272
112	279	73	346
153	97	239	26
223	19	426	220
203	268	94	454
416	253	48	476
77	342	89	327
380	445	271	190
456	415	168	165
221	410	293	223
29	337	30	302
428	411	20	186
51	348	476	223
331	105	54	424
384	61	330	31
485	486	149	458
263	385	87	164
345	464	125	291
209	366	431	218
1	82	266	269
191	469	12	252
93	440	437	304
418	118	34	88
367	94	221	312
357	13	257	83
87	347	478	341
144	407	62	304
478	99	346	207
168	422	79	322
368	429	40	100
375	73	289	326
13	136	194	485
460	344	194	89
260	325	82	23
458	319	374	248
171	356	371	393
482	446	382	191
225	152	234	19
238	479	238	374
245	247	118	302
19	251	314	412
235	168	283	482
76	403	242	213
24	104	386	154
250	335	443	282
259	349	236	356
100	167	458	250
126	478	18	9
3	291	36	108
389	251	228	97
397	190	276	41
189	40	117	485
34	303	418	193
407	21	433	193
86	214	147	53
232	73	224	261
368	46	59	160
20	363	73	181
390	58	288	469
306	275	49	142
457	60	376	180
157	219	75	216
408	170	303	107
257	404	404	29
324	15	430	401
243	177	163	405
232	262	79	267
327	184	465	268
462	482	170	252
430	216	308	279
119	273	470	313
320	478	340	399
388	34	108	422
189	116	341	382
178	43	272	45
79	172	350	93
294	125	92	356
385	6	4	393
289	150	461	329
16	268	69	263
124	198	267	433
143	107	287	28
91	371	376	369
394	138	406	234
211	133	95	90
296	120	376	14
116	345	282	111
261	395	99	436
371	450	459	434
343	396	323	166
481	208	64	315
308	304	476	357
205	152	397	239
363	184	436	155
75	407	137	150
220	330	196	304
444	211	20	201
394	481	145	376
303	43	285	334
44	280	31	129
267	293	469	247
282	108	369	50
467	14	425	125
370	402	144	59
219	196	307	410
120	128	393	119
332	376	258	139
356	354	58	298
161	5	297	177
422	179	473	149
372	210	447	385
334	133	323	305
147	4	340	41
109	420	353	283
271	358	123	399
210	138	375	173
270	390	31	426
238	248	308	484
339	460	223	141
272	72	128	78
112	395	220	132
184	128	233	178
137	276	413	299
56	35	194	323
180	288	466	184
19	393	381	409
128	443	252	361
404	50	246	326
472	478	228	268
443	60	327	201
441	430	57	33
65	237	354	125
180	180	356	107
278	394	324	68
57	4	248	193
51	378	479	127
466	486	469	417
371	315	18	343
11	215	143	144
347	82	446	68
308	361	321	236
333	144	381	385
154	239	142	458
47	404	390	269
78	208	452	332
371	343	31	209
101	210	34	102
73	262	50	395
258	80	256	26
91	328	33	264
229	265	237	359
56	329	271	201
20	445	36	267
36	138	161	161
59	473	469	412
228	7	130	367
53	291	9	56
407	190	358	142
102	225	40	143
200	159	457	391
278	288	22	359
260	60	349	331
484	43	132	85
444	199	266	392
206	365	146	133
78	173	313	356
330	66	86	388
345	423	378	362
13	430	382	108
95	206	250	238
193	232	348	303
71	242	172	6
11	127	307	284
343	114	8	23
326	450	435	201
420	235	320	422
435	277	243	464
437	4	335	38
326	49	14	63
406	102	279	308
360	107	306	59
334	352	100	111
405	38	9	467
197	329	142	414
3	297	67	32
334	292	257	43
414	175	439	9
224	259	450	335
269	192	12	26
18	83	134	14
435	91	338	189
30	442	44	317
311	366	287	351
39	466	147	9
182	255	214	229
243	402	459	178
246	76	337	45
259	239	445	71
294	38	448	88
426	162	98	3
122	426	207	276
376	483	449	43
300	156	105	397
171	65	305	240
20	119	103	356
121	143	410	485
212	50	265	452
157	240	287	262
336	446	357	129
137	49	199	480
288	107	462	424
396	164	99	483
338	111	370	202
15	480	213	352
142	412	372	484
212	374	209	451
204	448	457	10
120	233	35	343
330	184	124	146
435	11	425	292
440	447	323	96
330	269	289	31
180	42	153	311
189	128	412	323
354	227	454	88
76	406	76	459
149	361	101	93
257	116	311	422
352	325	184	212
371	132	469	230
439	309	350	237
348	472	453	333
287	77	339	473
351	235	251	194
60	429	176	48
424	448	58	137
248	475	140	153
236	290	485	62
278	288	46	348
482	138	227	237
25	47	22	290
163	136	466	261
385	171	6	328
307	408	384	354
356	378	110	95
441	48	158	154
216	241	32	184
13	448	364	176
460	236	273	261
382	318	129	215
197	216	278	446
6	435	463	342
152	373	264	339
167	199	177	163
246	4	482	330
76	283	212	463
64	233	346	273
164	456	346	16
404	449	304	254
319	331	395	78
470	152	316	276
385	50	61	254
50	202	191	318
101	95	50	23
311	188	132	388
357	266	349	138
119	481	145	54
138	22	286	258
314	439	62	177
330	419	211	4
308	291	465	121
144	206	407	253
112	307	406	22
284	339	377	259
408	43	240	330
368	303	408	196
88	100	463	292
23	121	199	98
205	275	285	461
375	371	235	478
381	400	340	136
390	473	27	478
221	217	150	259
32	266	392	20
123	355	233	172
64	135	430	54
203	333	346	55
446	157	357	485
278	381	391	291
241	280	234	90
240	300	429	266
15	463	6	190
290	484	25	367
331	132	163	251
148	105	417	342
79	133	125	115
20	438	142	334
270	168	389	468
384	376	416	104
163	442	266	356
398	156	348	303
130	280	346	144
449	49	392	483
148	109	334	379
265	177	264	244
9	135	391	424
153	434	373	13
105	263	334	224
202	11	85	291
264	391	467	8
11	244	455	289
2	358	317	168
358	398	88	470
306	284	219	395
352	362	186	92
185	358	6	196
426	371	458	105
191	51	321	315
369	329	247	319
50	296	124	154
376	405	336	145
371	358	120	111
295	293	11	49
57	219	368	298
211	81	449	75
202	268	401	333
421	96	261	33
76	211	48	252
324	341	344	384
383	467	261	133
213	148	11	289
390	378	67	216
181	115	404	337
441	151	213	50
314	339	459	121
421	193	400	481
29	242	363	444
155	225	256	43
360	314	356	151
75	423	256	441
389	153	8	131
96	346	46	57
200	357	140	230
466	192	200	155
190	209	139	381
168	106	90	162
298	35	182	58
328	37	401	406
25	416	40	71
153	21	229	82
187	244	101	66
330	59	349	173
417	310	202	324
169	244	329	379
128	466	11	408
464	265	60	388
33	418	434	164
52	115	198	204
398	455	108	315
94	168	35	332
68	207	433	365
328	480	459	12
375	347	190	370
126	348	135	14
335	74	86	26
124	194	468	252
430	169	313	167
146	328	291	244
457	429	422	354
211	205	172	150
433	400	164	218
390	192	450	56
350	196	99	328
241	136	189	374
303	164	231	233
237	268	147	150
446	58	109	344
241	185	196	64
480	153	270	13
103	59	347	436
209	342	133	212
241	208	29	410
153	379	437	41
272	373	448	219
223	487	289	263
20	58	126	205
58	85	24	326
454	127	394	274
63	430	324	201
120	485	263	202
416	96	455	138
49	205	364	477
295	381	225	194
14	417	362	79
357	442	111	467
116	64	465	369
144	356	258	20
68	236	154	478
90	31	355	192
273	11	205	250
437	340	316	57
227	464	387	131
388	276	214	437
111	138	208	299
301	241	114	262
108	406	419	464
17	266	279	9
387	44	279	103
65	479	308	368
213	18	262	281
460	303	262	307
475	267	20	120
416	335	134	67
299	424	470	353
100	18	402	260
378	446	347	134
360	5	378	223
59	200	345	67
190	307	5	100
291	88	208	208
281	167	173	19
291	430	131	152
452	398	163	153
313	160	5	69
183	383	351	112
43	422	476	181
3	153	95	341
144	426	39	316
470	15	256	117
263	460	132	343
69	230	431	474
141	284	426	112
149	189	457	147
355	88	327	341
435	457	484	38
466	99	142	96
437	31	383	368
321	248	1	18
321	468	456	164
289	110	32	475
35	140	200	166
225	194	465	373
294	32	470	254
463	227	225	76
68	291	406	66
253	49	59	351
433	391	255	97
141	158	328	383
159	118	99	167
29	100	153	161
42	230	368	48
223	480	301	169
346	356	468	217
275	368	167	108
291	295	299	446
176	277	353	338
318	206	34	237
95	350	36	379
36	262	192	154
259	194	91	392
163	258	36	185
397	185	281	29
16	455	360	198
222	199	376	172
374	240	448	398
196	81	88	226
166	285	29	37
454	296	453	117
302	111	11	207
172	179	425	198
309	92	138	12
154	478	379	233
250	249	468	176
42	96	173	393
226	381	195	266
264	356	74	22
145	22	368	223
12	229	236	48
150	177	476	390
19	113	231	157
487	312	446	321
478	71	238	345
270	202	390	406
266	113	240	20
76	163	340	27
474	472	139	407
35	34	260	68
119	139	130	98
196	21	439	456
307	53	154	400
190	471	465	393
94	141	326	232
425	77	309	334
113	301	158	349
442	411	186	110
453	166	9	262
196	292	293	234
40	449	148	58
445	321	129	335
342	487	318	196
211	174	102	99
405	89	199	170
361	261	406	156
62	56	378	58
4	290	335	325
197	329	151	33
35	27	137	182
286	19	282	473
24	94	321	228
378	320	423	153
8	405	346	260
361	199	322	217
160	36	393	60
302	357	338	471
33	25	117	457
486	202	337	157
283	12	115	38
356	278	57	251
240	105	254	394
39	34	68	181
287	336	11	345
339	152	90	301
35	56	126	107
210	480	328	229
191	101	25	205
357	473	385	61
71	263	335	310
311	235	414	188
479	455	471	486
129	186	17	387
445	234	243	36
432	253	264	361
145	16	183	469
445	161	223	308
257	282	46	125
325	381	215	207
470	315	293	42
279	18	148	32
411	375	170	268
456	257	27	144
470	268	330	447
249	254	100	71
125	107	74	319
457	427	299	35
264	15	212	199
209	338	156	414
214	83	431	318
293	268	487	479
237	207	109	277
257	410	330	480
471	81	432	64
135	152	444	142
231	219	109	322
210	1	398	51
422	102	232	458
341	400	353	16
24	179	222	478
60	117	64	234
232	227	472	464
406	419	130	482
18	230	320	227
443	367	8	59
226	235	271	315
113	345	46	5
196	392	214	87
274	300	224	412
25	359	414	265
351	4	109	246
410	353	485	218
108	271	347	237
432	20	73	206
175	245	236	29
116	144	305	351
371	188	333	299
143	82	451	356
34	111	326	433
374	444	95	17
115	388	146	340
421	184	340	92
112	483	366	61
411	1	193	485
155	85	276	212
82	428	353	168
469	375	9	57
62	124	156	288
234	360	304	272
10	231	13	445
224	413	156	228
262	471	355	21
141	126	237	466
442	350	82	301
62	197	313	59
356	37	466	153
437	427	222	359
452	201	95	225
197	423	146	475
437	23	339	238
309	16	439	169
9	219	45	101
456	143	206	309
261	369	134	411
175	85	10	163
199	68	270	279
68	182	6	86
345	244	388	374
395	196	344	413
442	233	485	164
400	25	249	454
174	487	389	24
409	280	239	136
231	227	344	385
268	417	191	311
269	245	126	141
182	283	191	413
456	261	201	396
223	284	374	449
103	160	333	97
420	158	142	93
97	152	210	65
15	274	112	345
170	480	145	265
269	55	124	179
369	416	66	346
403	90	447	290
293	472	117	38
339	329	381	288
323	356	6	133
474	203	323	410
93	223	245	202
140	413	131	227
360	15	164	410
275	1	206	25
172	466	89	30
134	479	335	122
255	199	131	305
354	181	104	458
235	323	436	484
35	305	232	265
354	41	332	400
250	439	277	297
166	38	288	283
335	235	413	354
421	211	42	98
30	212	417	377
441	377	473	290
320	64	217	395
67	471	312	256
143	176	45	137
147	244	37	158
465	378	476	233
111	390	312	465
150	29	150	256
296	156	80	320
452	321	205	289
173	439	79	414
20	87	15	336
248	85	81	67
357	39	433	74
69	454	116	419
12	391	151	220
98	231	487	329
330	18	284	251
321	410	416	422
224	278	41	33
484	73	428	110
129	246	156	144
295	442	217	381
203	301	360	1
347	282	357	138
55	217	146	458
300	299	458	180
432	320	405	301
41	372	176	143
118	395	71	5
146	221	408	181
70	6	343	257
7	78	441	131
79	212	228	330
97	479	169	329
482	410	154	341
361	40	196	405
316	356	360	7
147	339	121	50
347	24	448	433
55	417	267	136
397	182	480	219
168	362	120	112
67	139	470	436
70	469	301	412
378	425	282	41
364	398	311	163
201	267	273	245
464	115	92	272
206	361	146	226
228	63	337	157
130	395	120	252
449	29	260	140
427	157	272	181
287	80	326	388
76	86	34	451
100	172	155	286
242	484	396	256
256	446	108	151
339	246	342	321
167	481	79	247
446	396	125	135
225	233	389	36
34	168	111	421
230	162	317	399
40	106	412	113
51	51	104	206
195	160	397	399
86	338	306	250
118	454	25	381
95	292	154	393
45	474	417	344
152	389	455	344
148	251	307	296
61	264	352	202
403	360	357	101
391	21	281	238
66	261	109	305
219	345	380	167
85	17	250	136
175	292	134	414
11	329	353	389
109	240	214	288
416	318	455	117
63	115	240	217
396	472	266	349
412	231	271	296
105	386	213	447
451	92	213	112
437	445	151	410
139	2	264	172
294	289	380	374
211	249	462	346
238	43	371	156
172	10	74	227
86	57	219	223
384	462	138	251
71	283	50	242
470	143	118	486
480	347	459	262
90	438	293	427
125	286	66	47
335	332	474	383
248	289	418	39
367	383	388	405
326	120	210	184
307	10	443	72
171	412	388	71
329	167	74	393
290	148	412	220
225	276	268	159
152	214	62	110
45	462	231	358
482	289	401	227
111	396	94	97
473	463	100	294
159	467	39	468
191	109	353	217
200	222	465	376
219	296	432	72
35	93	415	24
256	415	398	329
114	485	305	417
260	148	416	162
471	310	322	326
319	251	382	242
232	418	324	176
229	466	190	328
328	59	349	421
416	384	179	206
312	88	100	182
173	1	65	20
207	434	267	124
324	472	51	260
213	361	391	90
7	414	90	434
73	332	411	6
364	247	278	401
242	189	413	296
147	277	363	378
433	254	178	301
215	237	198	126
241	386	306	247
157	336	182	77
470	51	225	154
203	269	459	218
417	92	191	214
396	148	428	284
461	67	295	339
466	487	239	188
288	260	171	172
456	349	276	111
476	204	144	289
332	421	133	26
219	28	473	112
457	484	109	350
356	358	318	45
3	35	419	444
36	270	311	104
458	440	423	264
338	442	151	17
51	416	184	17
304	26	137	272
222	249	422	479
413	289	7	446
116	13	135	85
470	350	347	370
51	286	422	164
131	27	342	50
379	105	103	390
306	438	400	64
359	190	402	477
115	335	1	475
251	304	255	7
113	358	5	121
47	81	59	151
8	303	310	458
358	62	18	402
114	60	162	363
444	118	182	58
107	21	430	151
282	75	80	394
84	423	463	1
137	286	314	353
158	456	194	260
92	394	56	149
390	89	98	485
360	153	214	181
247	54	468	393
262	134	63	117
188	341	306	318
353	17	252	149
208	251	140	8
169	75	266	121
122	458	36	132
420	86	400	343
163	16	232	462
457	48	159	377
182	476	105	220
117	398	355	201
189	181	86	194
233	213	378	223
479	93	101	436
453	408	411	2
437	38	335	235
126	268	98	224
357	119	10	12
237	471	237	143
346	184	417	381
454	376	380	296
450	170	369	434
18	466	283	85
484	106	330	365
121	397	449	2
252	384	18	146
374	180	239	397
336	2	368	436
264	298	470	11
181	139	375	74
193	140	262	185
473	261	459	223
251	31	233	369
101	473	224	86
15	435	401	94
252	49	157	242
322	231	368	91
309	35	461	21
77	477	451	462
49	57	341	436
481	412	66	273
156	89	299	393
206	168	61	338
449	427	397	351
90	188	466	428
301	396	300	72
194	235	339	440
335	14	215	308
338	476	398	104
308	184	465	323
271	55	45	385
416	330	105	248
139	462	486	100
185	143	38	184
64	14	21	462
82	412	476	412
362	255	369	128
232	251	345	223
476	306	308	434
101	195	148	49
387	461	223	203
26	413	117	368
463	248	283	346
249	87	297	399
264	460	77	479
435	347	338	148
80	210	379	452
418	426	187	250
307	325	427	454
354	184	50	487
342	214	139	340
408	282	415	277
73	183	471	368
140	198	62	111
10	91	58	467
124	340	381	332
202	284	175	51
432	433	197	29
429	211	444	363
161	390	326	475
175	103	437	198
250	227	334	406
15	307	211	384
444	127	266	31
144	410	430	292
469	267	174	43
459	18	230	193
45	2	269	433
30	38	51	42
177	166	49	108
33	29	212	391
279	76	335	444
36	442	338	34
423	205	367	6
152	134	34	66
416	454	74	9
76	334	413	16
342	224	482	290
104	19	387	104
236	212	471	452
294	44	378	15
456	219	193	90
431	211	99	362
406	376	68	230
107	98	41	13
485	6	145	57
115	64	11	209
227	37	96	50
329	214	371	72
259	38	6	333
384	175	328	263
485	33	187	365
450	432	76	103
136	23	51	94
351	218	456	326
305	175	466	267
244	384	153	170
147	469	370	263
1	194	456	400
224	389	29	280
431	48	102	253
123	294	389	388
257	60	364	195
103	402	194	230
39	224	124	198
434	276	21	140
209	244	436	210
99	392	4	171
302	153	355	165
131	342	397	165
434	218	250	399
316	249	37	169
17	67	264	163
108	404	70	314
161	422	348	326
98	256	323	225
74	466	99	44
409	139	102	316
25	416	109	464
370	65	79	482
282	12	225	302
34	2	134	248
344	425	321	26
447	220	60	249
482	411	209	377
257	276	9	463
39	124	113	384
409	413	18	358
236	226	86	342
163	182	479	3
10	107	439	420
312	387	361	404
161	90	388	117
276	171	379	101
136	145	307	297
121	157	248	243
12	300	68	232
359	146	236	54
280	252	368	394
192	76	213	229
453	4	157	114
475	350	95	15
375	151	421	370
427	479	227	478
81	368	383	326
76	483	87	351
315	315	38	46
486	432	149	298
178	382	5	139
104	319	50	19
402	147	359	160
319	378	447	273
12	437	24	24
66	151	212	444
51	421	303	111
465	281	246	102
167	399	254	443
304	388	4	135
65	123	1	387
12	440	357	76
165	464	42	391
449	48	12	343
74	17	20	307
395	257	254	16
259	85	380	18
175	24	415	353
125	449	67	81
147	403	22	393
77	8	237	344
146	478	137	57
444	285	178	439
420	302	254	128
166	34	367	474
186	156	313	146
415	322	385	426
55	152	334	49
365	186	456	218
203	165	211	31
33	107	58	103
249	45	381	175
389	370	216	448
58	480	8	482
228	385	14	156
273	86	81	285
372	151	425	294
333	31	478	180
261	209	83	142
388	303	187	163
377	421	125	43
43	88	333	189
451	284	474	120
31	364	388	414
141	185	29	296
424	228	401	399
407	441	357	473
18	426	104	274
234	287	95	164
344	150	1	64
420	23	52	37
115	398	464	112
486	268	9	59
279	321	150	468
334	478	208	155
40	438	227	102
244	94	162	358
376	312	159	331
319	119	437	171
410	213	399	402
222	276	383	111
394	448	258	138
249	239	131	119
375	380	2	323
202	305	90	265
79	221	197	197
450	357	343	391
178	94	294	432
351	264	326	44
46	76	218	420
458	431	24	66
474	304	169	480
456	69	354	241
217	39	385	248
455	293	38	232
150	422	396	413
165	178	339	95
371	246	333	325
110	80	287	174
251	376	280	158
362	56	316	378
44	329	265	309
207	24	81	200
375	443	409	202
157	49	192	368
258	373	395	97
137	207	3	23
37	446	217	132
476	30	442	34
157	130	482	412
157	478	395	235
279	415	129	468
274	105	439	124
418	467	381	226
327	402	236	472
276	191	319	212
391	384	331	342
89	128	324	252
46	393	422	43
48	460	132	143
33	262	450	105
417	49	472	124
471	286	121	404
250	125	125	349
21	413	308	369
344	28	335	416
193	261	170	410
172	471	94	164
113	212	417	247
89	222	379	29
477	417	37	115
97	465	200	44
257	284	1	109
469	434	101	429
213	449	453	7
333	243	421	411
219	71	258	279
292	412	160	313
250	23	412	111
247	354	68	445
137	440	233	256
360	484	329	434
132	176	137	408
184	320	471	250
339	232	222	342
319	340	381	14
352	165	223	267
140	110	456	270
261	416	9	100
146	60	90	436
454	407	79	349
165	201	175	294
297	214	54	284
114	27	457	211
308	399	399	409
424	130	371	486
71	389	10	45
448	418	297	411
186	23	364	155
333	162	235	474
322	321	107	482
325	292	81	282
96	379	243	78
37	113	128	210
275	287	375	173
79	14	76	257
364	445	336	120
309	260	146	202
6	276	375	374
275	449	407	242
119	471	393	372
229	233	398	374
115	85	446	327
43	124	234	439
262	149	163	294
155	173	316	444
442	87	396	295
221	385	397	230
374	219	282	154
191	109	127	397
459	270	41	196
148	440	226	434
79	70	383	382
67	51	206	216
474	200	198	193
171	329	213	445
240	186	270	404
215	250	205	435
8	120	207	154
27	216	55	286
264	98	344	173
379	354	439	303
285	55	122	399
154	479	484	314
170	3	464	38
317	319	167	348
54	265	243	198
113	279	378	54
343	377	290	184
436	20	207	487
282	13	426	410
423	52	424	240
212	11	383	394
83	154	126	10
279	455	284	163
30	215	120	476
275	63	242	366
219	271	223	149
54	284	101	269
79	290	3	143
386	148	484	162
32	435	449	222
36	47	101	144
299	24	148	359
164	290	399	397
455	170	323	97
297	421	29	33
470	304	166	217
418	278	18	16
102	146	206	242
19	155	244	392
4	197	250	278
341	333	320	139
128	444	183	353
188	473	326	202
42	227	4	106
425	61	274	467
119	382	62	188
112	329	30	268
256	94	251	276
190	239	475	331
201	33	178	80
220	314	399	436
274	10	48	15
423	73	437	11
481	152	459	63
176	455	95	138
481	93	448	406
215	321	28	306
135	15	236	428
385	82	29	449
226	446	476	65
124	80	186	144
359	281	22	370
81	352	225	383
380	319	196	270
166	421	267	232
78	18	214	454
13	420	41	183
75	387	130	139
135	113	342	265
415	156	336	266
306	275	375	193
389	253	133	466
101	469	59	436
90	50	474	106
102	333	420	296
204	279	114	364
130	224	124	130
346	474	188	469
192	447	205	304
142	143	235	266
48	120	442	412
354	390	435	189
470	93	303	54
108	216	212	286
80	80	183	169
394	24	475	148
76	77	23	208
405	79	207	267
221	467	36	133
397	334	115	197
220	471	309	71
484	313	244	453
365	10	387	149
459	299	78	255
467	331	348	417
486	165	232	180
358	165	300	478
245	439	430	423
462	149	433	283
163	4	89	117
66	185	51	431
4	141	383	419
70	150	412	34
390	263	254	34
456	414	86	361
244	99	453	200
450	30	254	406
101	54	112	181
278	35	355	119
473	388	456	249
119	15	305	303
321	362	229	316
191	253	258	114
303	455	352	468
8	75	27	411
204	271	255	446
457	347	158	327
464	111	408	30
232	253	97	7
312	287	357	28
284	395	258	348
366	287	414	473
74	442	131	44
255	111	254	472
210	358	442	241
428	355	140	97
465	41	84	296
102	169	254	29
374	110	487	463
73	469	142	350
143	245	76	69
451	333	258	6
87	403	232	308
67	63	58	140
130	147	181	216
130	340	248	279
41	201	45	423
248	41	126	419
219	483	363	255
168	344	48	38
296	375	184	63
125	297	372	332
358	473	250	203
20	305	478	4
219	483	26	117
406	167	427	378
93	346	81	128
349	274	335	226
459	364	99	117
393	398	52	96
212	395	386	374
205	87	65	427
257	95	320	10
316	276	361	270
180	311	81	418
98	300	112	309
279	169	318	456
107	412	413	104
50	119	95	349
62	120	245	332
220	15	83	26
9	414	278	248
326	367	311	277
452	348	168	424
400	469	96	82
105	88	460	349
440	222	2	262
30	447	122	421
292	60	121	430
245	312	60	209
371	32	35	230
170	221	273	197
39	92	108	58
100	347	257	413
112	385	320	390
30	236	412	378
160	142	152	478
416	188	147	322
111	187	360	320
196	257	484	69
81	205	473	85
317	145	42	159
252	263	356	112
180	328	337	104
2	85	485	389
227	187	386	149
434	409	111	393
469	120	315	418
277	461	171	114
160	240	151	399
470	369	286	394
44	18	27	115
330	242	321	28
343	243	33	140
396	78	329	390
35	45	229	361
266	273	319	484
330	240	276	226
4	304	10	283
391	159	70	378
32	247	269	133
256	411	225	454
269	419	205	112
412	98	391	197
3	291	170	413
139	233	477	329
1	352	332	400
14	188	48	477
391	72	363	288
271	438	92	369
389	475	299	284
437	283	10	316
443	71	484	268
280	292	294	476
436	80	157	392
419	29	444	277
260	47	62	47
19	281	15	227
209	314	423	423
397	26	80	460
388	102	410	259
41	399	288	11
255	345	182	49
297	470	129	12
21	217	150	451
267	178	336	242
425	483	176	108
49	242	272	326
339	445	287	458
249	52	84	87
128	102	441	104
318	432	383	125
104	428	229	95
143	283	183	471
198	290	14	13
170	440	189	90
307	386	238	439
430	52	336	220
230	311	61	329
152	238	177	233
77	201	82	104
149	3	90	324
285	365	451	353
77	404	72	206
265	294	155	432
331	384	56	382
276	151	342	385
137	252	441	485
326	438	234	234
40	342	433	137
398	388	197	410
417	313	211	260
181	5	352	435
219	83	481	228
186	260	468	215
174	80	234	136
218	462	62	92
327	169	245	261
283	21	75	358
163	293	230	467
188	293	84	163
290	136	213	50
427	234	121	125
275	103	93	439
164	414	272	296
9	105	105	457
246	123	278	5
349	205	152	153
474	129	272	249
331	33	21	303
277	418	446	361
462	263	269	476
79	187	238	14
472	367	468	486
431	126	404	306
311	137	181	395
471	289	279	360
264	299	439	462
450	423	159	437
164	464	439	325
149	220	216	126
367	305	289	444
484	300	236	369
402	236	44	182
131	91	326	375
468	161	128	328
84	276	416	428
362	21	183	44
57	96	430	146
457	62	216	202
446	187	276	320
343	54	242	198
266	362	51	459
53	288	103	67
166	94	165	188
347	141	123	51
341	348	198	325
408	271	446	122
155	429	119	228
134	487	73	120
144	261	413	280
251	97	354	93
327	217	265	263
434	25	451	223
395	454	393	128
219	289	199	321
195	49	255	23
52	331	290	3
437	338	402	300
233	32	149	470
244	173	295	103
305	205	249	308
434	259	442	296
311	1	23	47
468	275	483	148
98	414	154	226
27	319	286	366
181	173	269	92
374	198	45	250
301	157	33	283
268	422	323	337
224	474	388	133
199	123	195	224
154	411	472	159
254	295	13	220
183	364	147	263
105	106	237	122
85	327	14	452
306	16	97	82
128	190	142	413
224	91	211	67
365	417	242	432
143	76	352	387
168	402	310	256
196	474	462	333
134	230	294	278
417	32	198	60
315	379	144	62
331	286	10	165
366	73	367	297
35	363	438	204
426	291	209	372
237	63	385	252
204	56	424	391
232	482	72	85
31	275	312	96
135	194	170	356
99	285	219	32
212	269	462	47
46	67	130	94
339	384	316	28
255	485	259	417
38	392	419	267
161	125	171	75
104	358	110	51
248	384	238	288
118	205	377	254
202	51	295	208
236	349	169	253
102	202	73	242
109	283	462	442
266	438	405	444
343	291	92	284
213	358	286	328
370	425	431	444
251	54	474	66
411	167	344	415
158	197	270	287
379	390	409	404
376	302	226	357
372	95	225	444
152	8	154	253
368	362	78	466
320	141	46	358
320	13	53	462
439	306	318	115
9	202	377	209
367	211	432	179
393	20	188	8
210	190	244	421
321	461	80	17
117	175	25	249
14	58	296	398
358	263	445	218
352	178	296	33
361	440	189	476
264	312	1	475
95	59	420	187
37	107	64	135
351	150	37	281
473	137	369	113
312	242	324	390
252	219	467	189
399	51	156	64
252	71	478	350
145	195	162	268
463	290	133	468
380	464	95	358
351	115	241	302
316	326	2	164
129	14	443	309
153	141	178	53
1	463	343	211
84	401	459	409
352	277	265	254
478	242	208	346
19	385	352	254
71	56	309	328
251	314	66	21
427	305	27	342
340	186	271	270
202	39	455	291
60	413	120	2
261	88	449	248
426	394	362	134
258	102	92	260
129	7	392	147
136	19	178	487
465	407	386	5
54	295	186	3
332	59	175	271
397	15	268	189
337	349	330	473
53	84	88	120
188	75	89	296
463	418	81	20
51	170	92	371
83	303	68	355
306	203	302	182
262	377	280	447
426	266	261	171
46	23	27	286
172	190	443	311
412	78	167	217
95	234	9	414
308	473	141	433
57	43	81	105
476	53	414	288
423	446	183	291
483	24	285	85
144	22	154	249
319	329	308	377
232	241	218	442
1	159	133	277
84	40	19	258
144	95	119	58
182	314	218	416
290	469	209	284
238	112	2	316
13	164	129	6
77	320	154	18
126	465	390	388
292	392	329	44
319	369	119	184
446	370	296	20
210	227	403	342
444	200	126	305
413	30	25	50
215	205	123	255
235	477	92	452
55	483	242	299
116	275	278	155
353	366	9	427
283	316	56	38
183	334	296	216
432	272	157	345
208	172	166	245
320	92	426	487
235	25	183	181
217	260	297	480
217	393	226	298
243	443	236	258
217	107	483	173
2	253	291	305
245	193	304	461
279	91	299	440
457	178	377	296
293	485	449	81
137	105	466	358
468	138	391	218
301	185	455	431
276	247	68	469
269	399	240	313
425	293	461	34
361	81	369	311
272	288	356	349
241	236	131	158
426	334	357	58
443	137	72	247
288	378	367	282
241	439	463	84
436	223	17	227
421	153	289	216
362	93	262	217
192	14	388	341
63	314	26	424
288	228	193	343
442	466	304	165
100	434	425	226
330	450	257	78
206	424	87	255
393	313	343	398
180	272	482	483
97	389	219	164
143	302	355	15
158	189	266	341
230	231	26	78
472	137	17	152
73	306	35	5
337	298	69	75
11	10	203	120
205	433	437	232
413	218	412	257
382	246	274	70
11	438	168	327
337	16	154	248
199	318	462	248
35	187	9	14
477	296	150	412
254	208	258	327
24	102	363	354
210	13	412	374
421	265	102	357
113	298	482	379
83	287	432	344
241	40	466	356
346	456	410	57
335	248	28	449
204	186	377	268
124	290	30	405
458	218	205	112
27	201	252	487
445	175	62	14
381	249	193	108
433	298	70	438
335	159	479	118
61	380	459	340
468	8	407	403
485	397	426	211
426	120	449	122
144	445	203	30
182	460	46	396
22	455	170	422
217	220	293	345
176	450	111	412
61	78	481	312
196	399	245	341
172	151	394	339
190	297	398	314
204	44	66	132
76	192	486	343
155	216	123	6
207	479	189	470
99	248	345	289
129	332	204	448
359	269	470	430
266	17	177	393
235	90	38	192
142	484	31	186
177	36	267	25
236	118	87	331
335	475	184	111
112	193	483	62
166	215	486	373
410	395	261	482
347	367	96	217
40	38	36	470
109	13	434	375
165	221	30	15
428	469	440	441
109	227	167	33
86	375	217	468
294	243	341	108
12	302	229	146
133	245	478	71
153	154	398	284
235	412	290	31
35	478	401	220
105	467	84	308
339	204	212	408
324	367	456	315
310	406	182	291
159	271	4	164
41	127	25	161
436	254	2	354
273	394	353	44
146	215	302	467
443	56	18	117
264	376	385	88
152	83	223	164
91	364	445	212
407	292	408	299
317	397	298	484
192	392	389	301
249	53	424	486
303	310	170	371
97	162	435	232
48	14	59	5
292	242	56	117
384	341	19	186
156	240	346	101
10	319	2	349
346	234	366	310
199	486	266	173
5	209	437	224
396	379	100	410
37	38	182	462
167	320	132	277
261	382	229	67
466	358	119	140
167	175	10	28
322	236	106	298
316	352	409	158
397	49	231	119
32	398	84	8
39	256	158	93
198	80	38	431
145	370	31	167
304	371	306	293
223	401	311	123
22	238	196	199
425	20	476	328
210	352	181	395
125	376	257	121
227	209	48	111
400	150	455	452
350	66	343	414
289	5	352	326
289	221	210	435
431	186	266	86
300	144	74	340
362	355	166	333
232	194	290	55
320	48	322	258
350	136	150	406
196	207	240	118
47	68	382	326
141	487	217	207
235	213	33	5
318	312	332	425
43	92	357	413
181	406	257	221
21	26	148	240
307	424	318	294
116	197	197	465
311	417	199	383
360	58	55	307
82	155	100	343
265	431	287	13
113	263	369	132
319	378	19	417
404	144	31	460
178	454	37	413
362	228	368	486
479	12	206	20
412	405	395	328
296	14	277	469
456	71	389	136
189	465	201	422
53	90	44	395
297	268	52	194
411	461	369	316
360	81	464	209
284	103	466	486
265	91	435	461
346	65	343	205
337	107	282	481
485	408	471	78
309	253	445	87
405	355	205	132
329	35	331	381
326	327	451	316
63	169	150	301
290	101	40	198
240	69	290	127
266	479	431	113
354	194	277	78
32	318	355	91
440	12	309	399
193	472	432	72
250	228	371	270
247	96	114	172
1	23	358	206
337	300	393	415
414	151	193	119
223	75	428	137
32	26	451	407
16	462	142	331
98	477	303	151
195	228	474	39
25	113	280	242
414	22	202	292
201	261	89	16
49	269	50	154
171	65	8	403
389	38	261	91
384	452	314	355
255	400	218	443
303	353	133	378
123	463	372	259
35	124	107	139
286	52	436	23
308	447	134	457
203	122	397	18
480	17	95	214
400	40	150	306
244	26	353	116
305	317	109	356
42	278	209	92
254	33	128	199
261	242	482	114
267	442	135	158
246	287	477	153
386	318	399	413
186	173	476	117
76	325	475	410
51	316	3	102
241	252	108	19
412	136	332	86
76	208	150	335
208	402	411	116
456	18	141	89
39	215	342	320
485	431	49	273
364	410	352	388
83	146	62	437
157	211	273	277
66	395	351	158
127	291	46	273
251	132	380	151
133	323	310	239
228	286	249	203
105	78	249	335
420	327	463	123
80	87	467	295
437	113	165	124
272	408	222	315
154	25	311	293
389	211	75	435
331	201	161	258
28	460	262	333
419	90	386	117
27	48	315	236
286	333	378	29
381	321	391	403
92	217	65	482
24	377	22	149
113	14	427	198
343	13	299	405
399	375	453	485
266	138	125	2
384	349	22	435
54	214	267	145
62	474	116	153
336	6	385	209
306	384	176	289
300	386	173	273
246	369	258	449
349	476	234	314
52	308	421	483
473	103	362	450
105	173	160	350
126	41	128	316
156	48	128	407
160	442	325	407
10	213	257	246
159	135	358	55
204	182	109	128
388	250	276	171
65	361	91	351
352	459	120	67
264	304	105	182
98	11	425	439
239	425	168	307
381	45	68	235
2	307	177	184
333	473	318	192
220	218	116	3
150	326	342	344
394	401	325	369
448	454	173	257
69	50	80	406
266	443	170	193
359	126	363	433
70	427	184	353
130	472	153	169
224	210	289	264
446	256	298	3
292	84	381	107
184	78	330	65
409	163	120	38
249	189	28	184
370	375	54	274
168	206	198	389
115	294	83	417
428	158	407	305
183	42	356	164
301	66	19	320
388	372	457	56
226	322	230	326
338	316	155	122
453	354	68	323
247	283	394	135
167	330	90	217
472	25	223	237
298	405	212	193
162	77	101	257
465	485	165	397
123	273	190	51
337	168	236	149
81	37	186	138
181	169	181	320
269	179	351	303
470	444	365	148
390	422	419	216
7	134	469	439
11	224	16	166
71	146	106	16
296	55	318	441
36	331	452	75
151	78	378	241
225	235	161	182
62	73	268	175
339	62	142	153
40	306	129	449
85	433	285	254
298	175	292	134
395	225	31	126
197	320	349	262
260	250	397	215
17	253	128	329
446	365	413	328
364	412	337	403
326	243	221	329
94	294	3	279
54	89	51	20
19	296	149	404
222	269	427	191
94	281	12	377
189	422	388	130
105	204	408	282
402	98	32	196
229	359	136	420
234	43	465	86
20	33	224	358
450	424	444	406
14	288	194	267
193	213	448	253
187	448	383	448
255	90	61	321
257	206	122	94
258	285	25	229
245	172	89	44
329	206	422	13
156	383	8	371
108	317	460	269
43	430	205	480
81	104	301	117
197	272	191	97
446	453	475	349
298	134	125	76
396	471	18	472
446	322	468	373
198	122	110	235
212	464	91	380
248	27	451	316
30	274	465	454
70	391	259	383
362	141	82	26
188	477	14	349
81	31	8	324
368	336	53	196
190	288	151	376
188	77	140	360
161	466	470	270
267	312	90	75
296	464	295	4
343	449	30	475
241	272	196	469
218	293	114	50
177	485	58	467
159	352	197	307
312	168	176	406
406	388	26	433
411	330	374	474
271	38	214	455
345	281	421	125
202	51	113	200
92	145	442	46
272	296	37	66
328	239	294	349
451	273	389	70
34	37	56	74
250	175	213	419
44	481	337	95
332	114	327	61
191	41	426	175
445	264	21	133
280	302	285	432
17	379	344	281
179	47	153	139
253	26	383	476
294	481	464	475
351	229	472	247
206	26	38	355
373	475	387	453
260	117	193	280
51	323	55	128
255	466	11	259
152	237	142	246
478	233	147	102
54	187	330	30
81	408	368	257
482	303	430	155
146	198	407	463
282	346	368	10
199	141	27	459
377	257	97	132
423	413	397	466
410	484	104	84
304	297	403	485
373	418	183	17
266	314	222	168
313	227	177	297
163	71	361	170
278	396	356	100
97	453	365	72
207	414	297	467
20	250	110	327
118	286	211	209
266	174	317	85
411	184	68	89
246	457	276	145
448	236	262	421
245	225	255	24
474	416	444	40
255	68	229	73
384	99	206	120
203	179	57	420
393	201	214	330
277	214	482	390
351	139	361	152
251	149	364	198
397	86	432	338
175	84	50	430
448	234	399	258
397	72	15	88
97	226	474	117
436	259	5	386
7	81	319	56
354	408	199	403
255	323	386	152
234	216	174	285
109	222	404	327
241	405	114	424
358	322	333	437
378	197	345	469
343	178	351	250
171	315	333	274
264	318	38	270
461	56	178	263
359	73	429	173
472	158	300	444
322	15	137	286
484	292	128	169
466	5	477	178
249	349	287	35
1	33	417	250
455	170	4	282
16	465	474	456
298	287	214	269
462	30	287	360
413	157	191	93
369	464	79	402
277	140	349	459
56	115	453	27
467	7	316	81
33	394	342	34
176	117	61	361
238	172	127	42
418	151	187	269
242	284	216	273
306	376	94	440
290	242	27	334
387	155	259	337
357	212	155	372
318	3	455	135
476	443	445	80
77	54	152	84
212	198	68	442
132	138	425	201
399	316	456	348
450	220	481	344
410	423	478	159
135	263	447	356
441	416	324	389
235	470	483	94
338	75	387	362
327	267	473	245
102	277	153	30
100	301	330	278
413	187	117	447
283	356	176	99
195	275	399	213
325	23	152	195
194	126	189	81
175	401	308	242
16	157	413	145
479	150	5	477
158	164	254	43
260	164	224	76
308	477	151	159
218	288	269	128
467	385	54	459
63	113	143	247
21	23	81	452
308	320	10	481
128	240	388	359
404	40	304	41
95	432	387	289
306	432	76	390
70	40	167	487
330	89	408	33
471	158	420	455
234	449	210	107
283	311	109	479
241	256	16	284
228	71	374	450
230	81	385	451
260	4	79	354
177	365	249	349
373	293	273	265
258	215	332	65
413	350	150	162
55	378	183	305
292	117	465	298
373	296	50	75
420	229	61	5
108	208	209	25
192	70	451	68
29	105	320	390
226	322	281	179
150	249	251	283
206	209	302	373
173	270	150	193
349	121	423	256
149	191	348	75
76	154	108	28
154	58	313	56
413	146	234	14
232	449	88	85
360	299	412	443
33	48	52	439
149	59	389	166
320	65	84	267
18	156	395	266
59	445	54	32
363	271	220	290
49	206	480	169
6	392	410	407
170	430	146	347
428	85	413	303
19	79	439	218
241	53	66	268
9	118	331	180
105	407	382	265
304	249	329	312
426	318	111	199
365	283	55	450
343	309	465	352
378	292	331	316
187	184	300	468
51	175	172	296
77	116	321	123
101	168	201	487
372	429	449	31
193	259	32	27
147	422	398	15
241	271	141	178
268	430	349	271
3	386	173	177
402	153	133	63
259	410	175	326
457	485	181	434
113	6	378	345
244	99	10	109
141	185	475	484
416	190	402	423
327	330	127	214
270	287	383	292
474	108	243	347
211	215	439	425
365	306	463	81
458	54	188	392
364	10	330	223
81	479	423	21
327	159	182	87
140	450	386	64
414	393	225	276
107	190	98	295
106	93	428	313
477	250	471	168
275	62	227	58
31	474	445	26
287	101	265	302
452	350	259	200
140	259	422	190
274	67	392	265
444	250	454	38
430	450	192	458
13	328	479	5
41	353	266	91
275	260	308	301
191	271	399	326
182	391	284	317
51	463	22	125
15	224	385	348
449	246	367	350
182	192	399	162
254	468	454	374
345	464	229	208
28	424	324	106
278	40	88	156
300	203	100	234
15	196	59	152
397	365	450	238
380	226	145	366
246	274	182	66
50	41	206	387
106	398	308	4
101	403	12	317
52	284	251	397
140	207	217	131
289	80	474	210
408	74	121	266
462	365	393	200
52	302	324	179
420	34	337	287
29	213	38	375
363	285	426	12
205	372	159	80
8	208	198	456
421	112	393	366
418	249	311	416
44	163	460	125
277	394	255	312
360	123	398	410
246	281	380	36
361	223	293	178
96	260	118	151
373	260	272	19
361	400	96	68
462	188	19	104
311	409	82	131
121	260	304	293
137	129	240	429
316	480	390	249
21	432	416	92
422	309	379	225
441	343	485	289
473	63	75	29
170	376	165	327
176	213	273	309
478	280	319	264
266	403	65	423
330	113	286	439
439	1	77	472
486	416	277	240
39	167	458	288
150	261	456	140
431	145	426	116
374	258	304	113
247	11	483	204
242	237	170	34
154	338	17	215
334	463	101	77
123	323	365	290
6	425	281	171
84	328	111	108
238	231	110	481
170	396	333	368
82	10	340	257
460	442	293	347
346	287	116	240
283	429	77	183
160	190	462	140
97	37	395	21
246	278	126	26
178	133	352	423
473	104	259	7
387	279	376	98
43	470	217	463
242	265	293	236
405	393	129	112
129	139	93	264
368	148	282	478
66	336	147	335
226	417	79	135
280	288	155	52
372	337	251	99
462	281	349	178
357	477	108	370
82	343	388	356
238	467	295	396
194	126	232	217
223	299	102	169
263	453	248	395
47	369	464	471
73	430	33	109
418	156	61	365
273	141	254	440
348	455	441	315
290	395	334	137
448	93	345	343
153	288	28	40
223	106	290	381
42	388	74	53
5	180	241	107
207	112	9	358
8	50	42	384
28	55	437	172
172	456	165	323
232	270	373	283
296	200	358	126
368	373	348	7
27	225	441	83
466	447	366	174
206	362	247	315
271	290	95	384
449	473	171	466
17	304	397	140
429	128	295	342
252	426	25	298
166	421	293	86
409	350	122	296
469	145	127	319
139	445	453	70
440	242	226	277
323	446	48	106
385	40	22	9
371	429	321	225
267	416	281	29
441	381	427	160
461	227	411	46
57	96	292	307
408	415	337	30
235	221	443	338
230	435	469	192
53	287	88	299
346	321	79	397
468	26	276	138
214	247	316	69
5	124	150	135
192	482	241	224
447	54	411	275
445	89	413	145
256	277	487	248
120	104	248	420
442	223	110	257
350	95	5	53
480	199	486	186
151	329	420	94
380	454	202	12
85	18	397	216
108	337	56	255
271	19	130	20
236	380	475	125
465	131	274	415
313	396	141	84
487	273	211	114
194	48	1	414
264	389	466	359
244	143	371	378
295	345	461	147
325	190	135	286
147	426	180	459
298	251	223	428
240	440	380	422
32	75	300	287
9	305	27	330
339	311	355	52
400	403	281	378
211	472	202	109
72	301	122	163
57	196	404	391
343	308	440	201
427	325	320	410
351	121	88	165
146	23	481	404
381	180	469	458
343	480	190	486
152	10	183	188
445	437	380	317
31	55	302	350
7	153	161	6
146	434	278	187
63	114	395	481
237	90	263	445
129	301	71	321
44	430	17	113
420	165	237	319
94	206	131	44
198	148	9	122
191	145	443	69
90	28	352	34
470	116	68	420
224	241	436	241
344	475	78	28
224	241	444	312
483	409	190	378
281	76	294	364
169	298	245	425
358	115	95	36
116	162	371	156
86	359	372	258
81	425	1	95
133	228	477	452
266	154	23	372
54	467	59	474
251	458	174	338
336	315	125	207
364	176	394	426
384	19	105	69
42	426	328	183
233	183	177	144
472	438	458	241
196	409	126	326
78	355	353	218
294	286	292	363
306	249	89	22
349	186	27	90
441	443	89	403
409	246	191	214
106	85	54	32
213	385	259	189
125	384	291	108
365	50	395	50
290	227	246	296
285	125	52	302
276	282	204	25
16	79	478	126
340	468	108	81
99	290	229	257
204	470	240	436
409	367	329	388
31	134	371	186
352	212	148	201
118	460	324	33
141	179	363	140
422	287	464	230
264	372	217	179
32	409	253	292
456	172	364	370
146	358	134	469
457	115	358	415
202	426	231	198
285	182	50	36
344	156	85	243
85	375	170	431
397	450	211	457
339	330	54	347
332	201	145	335
398	367	198	161
439	134	343	333
170	166	236	417
168	243	455	90
407	470	465	415
10	342	244	174
339	187	253	253
157	293	463	6
287	250	195	448
465	161	131	99
230	479	438	187
403	363	246	200
375	285	173	333
261	473	484	484
304	128	381	361
359	469	428	129
312	227	169	353
300	261	156	130
203	447	144	459
237	479	197	268
64	367	229	73
259	290	224	81
94	484	147	122
144	130	238	166
132	51	71	151
398	225	126	262
232	96	45	36
111	289	404	73
321	160	162	279
434	272	270	357
59	39	32	435
290	89	153	292
116	439	158	346
278	188	336	343
418	382	126	339
273	323	415	280
405	445	191	45
92	445	120	63
396	149	58	267
161	81	289	93
475	449	75	279
236	31	446	103
114	395	119	85
1	478	316	187
469	339	430	296
45	330	33	446
334	81	53	139
434	140	210	180
385	302	355	194
19	173	89	253
336	463	167	336
4	107	251	371
164	479	404	340
216	374	320	473
141	429	104	243
271	110	469	441
348	353	143	204
185	79	183	5
315	326	418	223
329	110	353	405
162	413	449	311
287	320	111	228
424	258	344	358
82	362	59	228
334	381	449	176
113	318	47	408
398	220	378	418
53	189	169	160
18	241	118	264
109	121	399	278
148	435	429	303
179	387	137	174
463	102	226	117
250	338	316	214
412	399	91	27
71	246	181	162
202	145	178	451
200	248	447	227
383	59	318	35
443	354	129	413
293	157	74	32
485	147	248	197
122	166	64	457
103	345	83	106
378	328	228	191
145	335	436	79
337	370	39	259
81	434	251	174
268	484	354	244
409	261	302	334
145	35	401	93
163	191	36	253
166	456	412	297
271	291	437	399
11	147	94	234
404	248	90	126
266	252	261	229
354	415	229	467
188	79	443	411
60	89	301	94
476	141	76	120
292	21	481	71
445	96	107	306
48	218	144	155
277	386	355	353
257	32	255	422
314	135	435	213
49	88	359	288
96	114	195	100
411	450	204	229
172	213	457	35
274	152	466	327
323	335	119	241
9	322	241	414
113	427	130	343
143	149	59	17
458	134	112	370
384	222	355	295
305	81	134	34
4	330	193	419
261	53	107	256
272	41	459	385
358	214	234	443
181	229	285	367
211	192	78	3
149	391	8	206
157	290	13	185
90	241	163	35
154	89	348	208
314	176	443	230
93	48	119	265
33	147	213	8
335	391	147	308
209	332	39	62
178	259	350	420
267	315	445	404
419	116	397	167
414	362	280	37
306	280	454	290
338	474	180	355
360	372	31	46
99	367	338	220
215	314	217	13
56	342	321	409
379	154	75	487
259	383	398	58
268	271	387	411
128	262	4	248
11	27	446	90
261	455	80	142
175	320	309	349
115	116	428	363
229	468	219	416
128	315	342	172
379	72	360	104
243	176	472	315
98	348	464	374
170	349	321	1
440	375	437	242
93	237	374	191
120	333	111	91
470	289	19	88
275	203	247	112
291	123	214	53
121	278	102	282
345	466	169	306
393	308	23	454
416	193	2	428
288	337	463	44
114	137	88	130
272	245	91	20
192	433	192	57
279	22	378	187
47	145	43	468
13	101	273	312
119	183	288	246
215	132	444	34
369	166	429	156
52	97	112	255
476	428	444	180
86	114	364	219
197	363	108	174
103	301	21	469
371	295	308	328
66	473	112	371
479	209	449	445
16	102	59	57
431	146	60	125
13	243	199	281
117	300	285	37
162	426	121	62
320	344	179	53
445	330	297	103
284	136	98	221
30	21	450	429
223	479	92	39
353	3	27	159
438	372	398	112
67	176	143	121
169	219	431	247
243	28	418	329
467	333	260	464
440	135	473	46
430	148	388	171
174	107	302	232
260	422	68	29
218	49	75	328
284	113	251	330
236	63	187	5
14	110	406	234
146	277	239	211
468	413	163	171
116	482	397	416
420	236	320	133
412	203	87	168
46	248	418	377
246	443	414	223
408	426	410	82
269	360	205	232
283	391	174	433
405	434	51	66
396	400	487	253
40	42	332	346
428	411	83	388
310	93	297	95
280	352	412	193
335	444	149	209
312	467	400	104
13	240	468	281
231	47	398	69
101	389	66	395
43	358	188	42
289	189	370	148
212	181	148	43
32	409	280	83
87	286	101	315
422	288	55	162
208	442	396	46
169	431	191	88
250	265	311	116
174	239	185	1
8	418	223	127
49	114	296	68
403	370	239	395
301	82	471	361
8	43	66	16
407	140	344	400
227	240	158	373
182	445	159	441
351	397	364	176
209	232	295	23
330	404	14	32
401	228	313	343
119	163	248	373
153	484	320	142
308	245	153	53
343	109	412	338
184	167	108	313
150	179	122	287
353	275	169	228
465	85	28	21
20	284	475	407
97	443	46	362
162	461	290	276
108	319	354	365
167	77	463	71
122	188	259	205
8	65	193	293
262	413	298	78
67	124	327	383
184	450	65	7
475	378	145	315
164	52	280	434
126	377	82	240
435	271	395	243
252	104	18	382
441	141	385	444
315	360	442	28
170	242	63	262
264	14	240	205
83	316	414	334
337	18	162	172
367	77	475	95
11	345	432	228
347	282	363	306
449	429	241	219
17	467	138	68
424	352	281	392
22	424	154	75
389	102	441	35
73	1	106	418
92	343	292	371
165	410	352	440
108	83	333	482
56	239	218	176
352	85	203	336
29	433	271	85
275	447	198	285
294	177	95	367
184	401	68	323
65	89	424	143
187	105	80	441
