293
9820 7836
4715 9992
9636 8282
2161 4291
5288 3136
5408 5367
5453 5985
4618 7499
6734 2661
1462 6897
2823 8796
9621 202
5385 7549
5053 5325
6055 5503
9610 5972
293 493
4425 9923
2702 1828
8857 3757
5521 6247
6621 536
6845 2609
8082 4732
3679 8116
7488 2271
7687 8152
2807 4261
2750 1409
6315 4021
1283 2513
7837 3226
8391 1059
4799 8282
8206 5432
3005 4690
5637 3519
5045 6832
1534 2370
2472 6296
2377 535
8788 514
6032 832
1872 5459
4010 8938
3882 7867
5571 9940
3237 9223
8201 1522
5869 823
5081 6067
859 1228
4810 5564
4283 5388
2144 7405
8388 8383
3260 3767
1195 6698
4554 9794
9309 5650
8486 1775
5278 1356
1489 9198
6310 4504
8613 2897
1588 8590
9012 5437
5095 2885
6942 38
1667 2416
8429 8201
3171 1795
718 9980
43 9990
7323 5920
7777 6240
1003 8699
6852 8311
1136 3364
5094 2475
4984 3091
9242 4057
9913 8585
6979 4995
7828 8915
4993 9136
6723 4708
4923 1180
4251 6948
2277 21
6973 8639
6435 1621
921 6089
7254 2617
1519 3660
3726 9778
8040 2060
4392 4369
2669 7108
8168 1732
2470 1536
1676 2293
49 9877
7478 1210
2191 6206
3479 6911
9750 4826
6827 5639
3651 598
5880 5664
2291 3630
5757 287
6171 7367
4935 7511
592 9489
5269 1399
5781 6526
9109 6660
3364 3869
9692 582
323 4036
8836 3706
5645 3915
2082 1138
3105 1910
6908 7943
8469 5266
7185 6110
4890 6018
6031 7007
5452 8813
7031 5192
4014 8891
5220 5395
3832 6378
1271 6322
2980 8738
7374 5751
4778 1794
3888 9832
3026 3620
4211 248
4973 9319
2760 2349
5835 4890
1431 9057
5281 6138
3930 1999
5387 4533
3018 7253
9794 6645
4137 1413
2603 979
4814 2360
4104 4245
2022 2689
9551 7023
2863 3909
5499 542
9079 2486
5975 9679
7468 9686
8239 1326
2198 6436
9325 5258
6703 8174
7952 4127
1207 6622
4724 1029
6306 44
8329 1704
8667 7848
5309 8636
226 740
5705 128
723 5289
1243 3233
8504 3429
4102 7863
9755 1793
4229 384
2425 6361
9983 6316
2680 1356
8656 7766
1467 8875
8246 6449
977 3081
3507 7411
7755 6058
2010 3152
5298 2431
5038 2732
6734 2879
9573 4793
3439 7841
2150 233
4071 8228
2354 2744
3773 6440
7758 2155
9906 453
9275 9218
9488 662
6826 2474
3639 2904
7543 3026
5999 9700
8317 7310
6517 8724
7728 376
3561 4324
1041 3538
6923 2029
7156 4177
6762 4868
6741 9467
4753 3507
8823 8775
9802 4144
3494 3202
2486 344
5798 2618
1069 1861
7466 6979
249 1333
1036 3268
9949 7686
8470 5543
315 4950
5591 5233
3653 7712
5527 4974
8686 7423
6238 8371
9770 5870
687 1084
5824 5137
9492 3823
2682 6150
2394 936
3130 9863
3426 1992
2318 9750
4869 4873
5213 9126
7364 4211
8612 1685
8313 5593
1758 9477
6123 1089
2328 3974
6116 7402
4229 7231
6979 8092
906 9640
9135 1832
2615 2536
3496 7885
1391 5997
3207 5327
1189 3130
3672 4135
6804 9350
898 9732
8970 9751
7552 3608
4333 5294
5079 8570
1836 7428
5034 3413
383 5091
420 4487
6388 2240
3104 850
3729 2504
2547 1198
9147 9078
2569 4594
4 4502
168 1798
9059 729
5462 6801
5801 4141
849 332
697 8449
6944 8672
851 2825
9883 59
7008 8114
7577 8887
3026 5634
2027 2322