323
893 472
88 696
223 135
600 38
540 933
315 87
439 470
693 969
942 911
245 75
144 729
405 555
804 69
617 926
265 163
264 336
277 893
732 210
165 252
337 643
460 878
732 681
423 152
938 76
293 454
532 401
614 545
199 407
916 665
810 869
707 122
525 729
819 973
355 461
620 865
94 596
446 172
474 749
29 433
401 698
782 640
328 340
770 67
823 804
904 761
182 476
568 495
39 659
551 39
38 924
549 563
981 697
933 121
180 192
171 516
774 430
280 972
733 584
701 23
29 250
520 218
141 270
793 524
975 121
404 552
766 23
917 623
764 589
736 208
606 98
866 470
910 914
792 779
585 45
646 521
563 566
85 773
868 590
761 242
370 423
75 14
30 841
307 751
17 276
693 853
725 398
484 335
563 407
795 2
831 909
929 925
986 830
809 45
655 740
177 269
855 588
379 59
133 864
499 573
618 323
69 716
794 977
374 887
225 347
259 91
704 180
189 132
115 846
900 732
74 654
318 746
792 145
644 611
759 212
445 361
364 506
51 747
491 603
122 323
257 453
690 905
947 239
978 409
447 463
616 720
306 822
560 320
309 396
324 211
269 53
168 785
167 513
551 665
856 138
950 759
189 549
462 372
471 863
662 655
619 682
837 414
219 899
284 120
833 254
898 735
382 566
957 146
28 564
134 332
313 769
367 806
108 972
166 299
741 270
420 615
140 148
430 756
463 756
820 865
459 85
445 275
879 906
629 977
302 135
373 269
13 464
326 263
860 52
526 21
476 534
249 787
952 563
947 249
474 26
446 685
429 428
762 855
846 569
874 255
738 25
100 213
694 489
864 105
229 910
306 209
354 817
947 796
810 383
892 768
546 63
93 371
478 857
644 412
3 239
996 981
241 647
599 416
12 242
903 834
694 79
724 296
201 771
581 167
105 284
561 776
420 128
520 885
640 756
122 751
888 361
799 402
754 803
900 850
231 691
185 815
675 684
252 158
820 130
470 141
247 904
244 640
925 507
224 531
28 771
182 334
577 884
134 503
742 463
508 465
429 375
402 856
236 538
237 201
341 24
651 20
217 765
164 299
366 990
528 97
734 411
288 67
327 183
917 121
859 398
576 688
273 734
658 809
895 250
441 943
839 239
93 447
139 515
861 856
623 299
976 879
863 996
221 682
729 662
260 554
390 749
220 923
872 709
941 179
3 435
531 675
943 129
913 708
363 79
113 456
431 941
662 515
305 347
187 264
896 144
915 72
413 871
492 603
130 924
61 344
812 154
957 940
490 932
972 244
541 75
486 953
900 641
741 159
822 777
967 437
314 317
503 892
71 580
853 579
336 979
523 610
760 746
797 276
533 939
8 911
219 909
464 324
295 784
531 524
74 653
959 134
472 641
695 625
987 13
300 90
325 455
743 5
838 976
237 127
658 674
558 472
96 901
47 349
454 869
313 539
39 778
914 576
222 378
270 89