100
420 160
288 392
259 471
421 393
432 249
411 465
148 291
179 406
461 424
154 138
395 471
176 460
160 406
290 305
218 311
443 264
400 386
359 424
472 120
253 127
455 107
367 126
136 366
298 309
352 163
135 270
350 181
193 335
235 369
497 408
144 199
406 221
484 221
276 389
284 149
355 332
499 390
110 359
256 463
282 142
101 115
250 289
432 447
127 153
392 142
170 279
142 147
466 446
179 334
484 359
275 486
439 335
157 157
275 263
212 322
164 262
142 239
199 364
479 458
315 350
422 446
469 416
131 461
482 413
200 432
420 458
323 400
425 459
260 299
276 433
417 114
373 123
371 188
445 431
324 394
298 107
205 211
369 337
388 175
288 296
411 116
456 170
182 233
262 341
304 326
130 243
427 321
326 372
246 439
393 189
225 250
405 110
429 309
425 145
422 267
303 282
318 336
365 296
202 210
375 205
