243
50
3 10
4 10
5 8
6 5
7 5
8 9
9 8
11 4
12 7
14 4
15 9
17 10
18 4
19 6
20 4
21 8
23 7
25 8
26 8
29 9
30 6
31 10
32 5
33 8
34 10
36 7
39 7
40 4
41 4
42 9
43 4
44 4
45 5
46 5
47 4
49 7
50 10
51 7
53 5
55 8
57 5
58 7
59 5
60 9
61 9
63 4
64 7
65 7
66 7
67 4
68 7
70 8
71 10
72 10
73 7
74 7
75 6
76 6
77 9
78 8
79 10
80 8
82 5
83 9
84 7
86 5
87 9
88 4
89 4
90 10
91 5
92 10
93 6
94 6
95 8
96 8
97 10
98 10
100 8
101 8
103 4
104 4
105 7
106 6
108 7
109 4
110 7
111 4
112 9
113 10
114 9
116 5
117 6
118 8
119 7
121 8
122 4
123 4
124 10
125 10
126 8
128 10
129 6
130 8
131 4
133 6
134 4
135 4
136 10
140 10
141 5
142 10
143 7
145 4
146 5
147 8
148 6
149 4
150 7
151 7
152 8
153 10
155 8
156 8
157 4
159 6
160 4
161 8
162 6
164 7
165 4
166 4
167 10
168 5
170 4
171 9
173 10
174 7
175 6
176 9
177 10
178 7
179 6
180 10
181 10
182 8
183 10
184 9
185 5
186 8
187 6
188 6
189 7
190 8
191 5
192 10
193 10
194 6
195 10
196 5
197 4
198 7
199 5
202 9
204 4
206 9
210 10
211 4
212 4
213 5
214 8
215 8
216 10
217 5
218 9
219 7
220 5
221 7
222 5
223 4
224 7
225 8
226 4
227 5
228 8
229 9
230 6
231 6
232 4
233 5
234 9
237 10
238 10
239 6
240 10
242 10
243 5
244 10
245 10
246 7
247 7
248 10
249 8
251 6
252 8
253 5
255 10
256 10
257 7
258 4
259 5
261 5
262 5
263 9
264 10
265 8
266 9
267 5
268 5
269 5
270 7
271 9
274 10
275 5
276 10
277 7
278 9
279 6
280 8
282 8
284 6
286 10
287 10
290 8
291 4
292 4
293 10
295 9
296 5
297 9
298 4
299 9
300 5
