210
600
1014 1320
448 1002
1175 1312
368 639
607 1378
1428 1435
597 912
30 1373
63 946
408 1069
116 1125
779 1227
1373 1433
1097 1263
900 1041
432 660
1386 1389
724 919
1215 1426
824 1324
1074 1367
489 590
276 1341
303 993
186 716
643 1053
164 436
480 589
1215 1332
1414 1415
409 439
806 1128
1215 1434
836 872
581 1315
781 984
798 1266
351 1248
1379 1422
1394 1395
1392 1418
396 542
1283 1410
793 926
112 1041
1424 1434
60 924
1138 1229
299 1116
270 942
464 628
1438 1439
1215 1294
1263 1305
762 1382
450 1356
1354 1408
1239 1410
504 1265
1023 1367
1354 1373
312 872
948 1421
720 739
1174 1355
1146 1364
1364 1439
519 1404
1316 1364
918 1164
1074 1122
858 1052
831 1355
45 765
122 1078
168 1303
673 1424
1030 1402
1102 1349
872 1372
570 816
977 1314
1226 1232
775 983
1296 1365
941 1212
1292 1331
68 469
164 677
1431 1435
1093 1177
231 433
826 984
470 705
29 1228
705 1134
733 1176
381 783
723 926
967 1214
719 1342
10 1219
507 1072
202 1138
508 1242
925 1076
1266 1388
484 1153
283 1384
1076 1425
830 873
1252 1288
297 1014
1347 1366
1237 1239
922 1213
380 625
1057 1224
1230 1346
393 554
1185 1286
824 1312
904 1179
96 562
152 1406
1355 1436
471 570
1270 1311
1028 1389
162 295
585 1044
583 755
1114 1331
224 238
749 1080
1105 1357
106 130
224 523
357 608
1392 1429
501 736
1310 1388
234 1024
507 1434
1334 1366
288 1376
742 1011
983 1061
876 1037
129 947
1173 1207
270 704
766 1309
483 614
284 1256
713 883
1434 1439
547 891
1160 1267
707 770
970 1364
227 551
472 1199
151 475
315 718
1216 1432
627 1414
114 786
584 747
5 467
1228 1262
1241 1316
653 919
141 1305
484 1151
763 1403
322 1024
933 1313
1270 1313
177 751
383 720
103 1224
1152 1222
1319 1387
159 899
20 1009
20 1112
978 1363
486 963
636 892
201 364
354 1246
437 612
374 1135
1413 1438
1188 1355
22 396
773 1108
1132 1148
686 697
431 1089
142 301
160 845
1402 1411
1018 1230
536 560
742 1199
642 1228
752 1350
581 1299
74 1078
815 869
123 1019
1060 1339
814 1158
1390 1414
1074 1180
60 1035
763 826
975 1019
1223 1260
181 414
738 1173
1052 1307
365 1284
336 643
1090 1353
609 711
1404 1424
522 1339
195 491
923 1113
676 1013
710 1133
283 1041
1238 1267
1095 1239
864 914
750 1414
529 546
1104 1231
215 703
448 914
994 1343
1397 1403
1423 1437
742 1150
998 1249
355 829
1307 1328
1281 1328
1169 1230
806 1381
508 1186
701 753
1304 1315
13 1355
216 873
65 250
539 1249
1014 1301
809 1440
321 926
1017 1041
619 1406
277 1221
1069 1334
807 1242
1203 1366
532 754
1201 1331
286 976
78 635
824 1227
122 1001
366 1137
803 1390
950 1030
1159 1282
150 1414
65 595
1158 1329
671 767
667 765
1340 1389
752 1343
559 678
29 396
1105 1150
1208 1338
1347 1357
129 591
169 1015
177 405
525 1375
285 552
186 1020
44 1411
115 984
172 344
796 1411
157 254
697 834
266 613
1348 1369
18 1319
804 1140
341 800
1167 1298
701 1128
1002 1295
1186 1437
703 1191
984 1324
442 1156
817 1084
215 373
224 1360
747 1359
183 747
209 403
310 1078
1277 1357
759 1370
680 1368
1306 1345
1232 1324
769 1190
392 1064
934 1288
1269 1376
50 1155
672 847
1024 1043
194 413
526 723
1086 1417
1268 1340
551 1260
1118 1180
1120 1162
1078 1126
1370 1398
891 1440
1084 1345
520 1291
1347 1384
1435 1440
1245 1403
966 1143
54 1102
933 938
480 1072
955 1046
308 894
433 1109
1192 1417
415 1159
1382 1389
1374 1407
1027 1174
450 1046
215 1106
572 1138
233 1257
482 1029
323 787
427 540
93 512
611 1298
770 947
896 1090
516 736
1149 1334
1137 1323
1212 1357
1431 1437
658 793
1213 1329
965 1286
361 1422
109 874
946 1048
100 1222
318 887
1211 1255
829 1392
1284 1356
948 1051
758 1121
309 1429
723 923
210 1003
525 1167
200 370
1083 1224
873 1083
914 1218
545 1044
922 1271
263 976
37 83
1030 1210
811 1416
34 1194
510 652
1288 1340
1192 1312
672 905
554 827
23 280
823 1390
404 961
1141 1165
15 1141
913 1186
681 1357
719 1184
524 844
805 981
351 1106
873 1284
311 439
360 572
432 903
1239 1288
930 1280
1207 1347
681 759
138 1290
1394 1405
210 669
1082 1388
1123 1302
337 724
1289 1317
1249 1394
496 1397
1382 1420
535 1201
59 86
173 195
1337 1395
902 1044
588 1218
452 793
685 851
729 738
180 717
740 861
1337 1398
1188 1325
800 1014
102 582
582 1239
629 659
340 750
1304 1306
1021 1215
398 846
341 1402
640 1014
1357 1402
14 286
904 1007
993 1257
839 1317
101 367
127 991
1136 1246
40 773
575 1276
867 913
1110 1112
282 1405
760 1160
318 660
439 671
1285 1391
153 974
1166 1271
297 981
503 1322
549 860
950 1109
20 479
1249 1393
690 945
73 1339
718 1203
78 944
990 1180
689 853
1102 1331
653 967
43 657
682 1389
1268 1410
494 1102
1411 1436
248 387
391 976
399 1015
482 846
1107 1300
1152 1345
300 327
1280 1303
231 370
717 799
1076 1218
310 583
750 1183
449 933
903 1153
610 632
1214 1426
999 1413
1418 1423
1253 1317
758 868
598 620
1107 1336
1139 1433
244 1030
1424 1427
1042 1181
1006 1390
1247 1289
759 802
64 425
1257 1260
1320 1407
1252 1394
460 1041
196 580
1384 1408
882 965
1289 1291
317 1191
967 1239
784 1066
1411 1430
56 1437
500 741
1366 1430
1237 1268
1155 1377
1434 1439
1422 1432
600 1271
633 919
636 1083
1360 1411
934 1419
637 807
450 646
564 643
36 141
383 1294
253 468
121 481
437 623
961 1314
1085 1329
965 1421
221 1199
279 1239
33 187
889 1086
626 1226
1422 1433
935 936
1403 1426
272 273
804 1406
196 249
218 487
851 1076
1426 1430
1232 1256
712 928
318 966
44 217
46 236
702 1277
458 1120
785 1057
1387 1415
710 1109
854 981
660 953
1095 1284
1154 1365
1298 1324
1416 1425
1221 1237
1309 1426
582 879
230 411
