300
99
493
912
236
597
134
144
323
702
63
193
283
234
149
740
283
434
313
748
901
703
529
926
804
547
799
648
941
846
470
975
738
532
303
314
400
333
484
975
748
89
349
7
934
813
369
879
187
228
940
459
88
335
234
547
695
467
491
422
717
624
407
438
871
815
310
312
20
832
59
270
155
372
586
331
760
603
813
616
3
927
137
522
618
157
196
165
11
418
745
386
143
370
403
688
699
430
41
810
663
663
60
30
202
630
249
202
143
308
805
75
432
885
26
82
968
556
272
442
941
879
716
336
754
709
332
905
596
321
472
666
238
342
313
51
344
697
76
6
840
986
218
73
568
53
604
273
689
943
225
514
946
464
615
368
972
808
822
702
899
762
419
881
888
448
419
742
697
381
894
415
806
560
96
295
204
766
119
222
79
651
269
918
752
614
12
344
379
398
432
540
951
156
777
383
199
123
69
246
161
116
356
52
273
379
148
711
608
810
772
979
396
160
717
223
329
152
29
949
981
854
29
300
41
622
607
540
806
420
174
550
260
488
972
235
947
328
15
203
456
21
211
151
108
513
8
144
648
634
19
809
263
733
295
120
997
125
864
5
480
779
62
99
495
553
878
174
578
35
985
217
399
612
544
890
580
975
128
704
234
393
188
208
657
789
761
493
810
37
409
394
777
245
596
119
313
437
757
77
837
