250
358
1088 1359
1136 1377
541 915
879 1114
886 1164
949 1283
526 707
1002 1296
1256 1277
360 841
1175 1241
377 1246
386 669
945 1439
627 642
795 1245
132 483
11 1128
422 922
134 160
815 1379
271 1277
1272 1402
1151 1391
520 1269
1052 1384
380 631
294 1252
19 53
1366 1422
1120 1220
1423 1432
282 584
1123 1254
841 1417
455 845
956 1221
1 562
1244 1290
1138 1140
255 662
682 971
1291 1370
1379 1391
1403 1407
1232 1278
494 892
550 990
231 861
1407 1431
1127 1351
1163 1287
639 1218
121 285
130 658
165 407
991 1381
1214 1368
1200 1276
1014 1376
1010 1218
1043 1395
1302 1378
959 1388
708 812
158 843
1342 1376
969 1340
162 439
563 1197
264 386
102 589
1189 1393
207 1385
624 1052
224 401
885 1229
448 496
367 405
614 1126
931 1229
726 1124
1113 1269
197 906
527 1256
891 1000
1372 1384
482 747
906 1336
914 1410
673 780
464 658
285 510
1281 1381
1099 1280
447 560
719 1322
642 789
1261 1269
829 1242
155 947
1383 1386
320 642
402 1124
412 1250
797 1146
760 1390
54 1393
1263 1377
107 1097
1231 1354
1438 1440
1331 1437
68 404
687 1160
288 1001
1314 1354
722 1025
1247 1257
368 1084
604 1126
59 130
909 927
369 646
873 1130
211 758
486 800
1144 1156
947 1009
1356 1377
214 1163
1056 1269
332 574
575 857
582 1114
401 1228
695 1373
593 1397
747 1324
429 879
13 955
656 1143
1410 1420
210 1149
1273 1431
295 440
82 1414
390 907
159 690
61 1184
1101 1141
570 892
260 1204
1208 1305
1242 1342
696 1399
64 1037
1207 1228
46 961
188 1125
1412 1432
185 320
596 1300
1148 1197
229 1229
587 1334
900 1369
1308 1361
39 861
514 1052
1354 1428
1137 1275
405 871
950 1149
329 1231
871 950
496 608
510 1238
733 1057
1373 1392
1348 1408
1287 1415
1254 1359
584 1057
1355 1439
145 1061
163 172
648 1160
1334 1344
804 1298
889 1123
353 540
1126 1440
433 1039
247 968
1103 1342
867 961
1217 1393
551 820
213 684
5 790
310 361
357 957
328 1164
1111 1436
1047 1362
1094 1188
345 799
1427 1434
621 1034
292 1049
76 363
544 1024
311 889
1434 1439
1143 1286
316 856
1294 1356
428 1240
1345 1385
948 1326
509 1031
838 1150
24 536
752 1389
1179 1210
133 895
650 1418
548 1003
1400 1437
1404 1415
126 856
1399 1425
191 359
203 368
1129 1176
966 1435
790 1205
678 1031
491 746
920 1408
681 1005
528 1083
1393 1410
480 668
373 1425
908 1043
854 1373
170 732
929 1058
897 1320
643 1097
468 826
732 963
457 1096
487 1273
1397 1408
832 1083
242 408
43 237
142 1078
8 1291
691 711
686 919
453 1267
319 433
1109 1218
199 425
904 1125
975 1108
1100 1171
899 1407
521 855
1413 1414
1044 1231
190 304
538 1377
91 999
712 1427
1024 1408
470 641
1381 1423
837 895
1166 1302
1235 1238
816 840
63 844
553 933
407 1428
1075 1098
1048 1229
296 507
937 1416
1368 1428
1226 1307
149 225
1076 1139
308 1371
1081 1370
1360 1406
1060 1365
1210 1423
822 1234
1112 1118
601 957
546 1088
1011 1027
1061 1088
872 877
1329 1339
234 406
218 1275
219 1336
56 1059
248 969
249 1354
743 1142
1239 1303
679 1389
735 740
573 648
1276 1389
894 911
1267 1411
515 901
406 975
1130 1279
1000 1319
567 741
951 1210
84 627
611 1282
630 1145
278 1184
179 420
1344 1431
1395 1429
793 1131
446 1067
1245 1391
925 1019
946 1121
957 1263
1092 1365
697 742
337 1085
81 318
161 1284
1042 1179
1085 1276
1206 1218
1022 1428
703 877
1315 1434
113 407
354 790
445 1419
1396 1429