34
410
363 449
532 570
71 151
500 518
106 155
351 410
357 367
144 151
395 484
383 400
453 549
269 339
480 504
382 410
167 187
290 384
442 516
513 536
476 496
293 380
461 512
392 458
52 152
276 366
484 559
183 272
1 36
320 367
188 228
402 414
538 591
372 379
531 590
343 430
392 406
32 79
264 296
257 275
212 235
159 193
275 359
136 173
161 223
443 532
414 455
473 541
133 232
85 134
35 134
32 125
326 401
366 417
399 437
213 281
16 63
105 175
293 370
580 587
87 101
516 571
464 470
84 115
365 422
200 289
444 454
351 404
159 202
244 320
132 184
497 511
174 225
508 559
579 589
467 514
253 314
168 237
65 163
225 325
280 365
454 512
183 232
516 574
26 126
200 269
45 143
478 532
486 573
281 304
495 544
376 421
144 160
173 191
152 227
78 97
193 252
278 343
257 328
443 467
484 505
564 588
495 540
219 255
37 92
421 482
395 479
9 96
327 359
319 361
515 533
367 433
225 280
519 598
6 16
385 390
402 464
71 99
9 27
102 136
124 212
322 382
407 432
510 533
46 64
200 221
340 355
174 196
106 179
113 120
171 257
20 118
60 71
546 559
72 82
539 561
455 546
362 427
500 590
303 395
254 269
67 120
284 347
446 456
567 593
488 588
77 168
431 445
551 561
411 477
573 581
347 398
113 122
24 34
573 591
93 133
70 127
346 385
498 572
90 115
314 400
136 235
397 468
314 387
276 372
512 554
24 102
277 298
325 418
328 348
90 140
132 193
194 292
353 381
126 174
344 400
274 336
579 585
570 582
245 263
295 304
550 560
378 417
136 162
49 95
246 292
3 69
316 416
497 522
397 494
573 587
378 450
439 458
302 375
65 147
233 305
418 427
463 553
398 472
421 428
497 544
422 462
192 274
558 565
297 308
60 71
307 375
138 179
135 183
448 481
331 341
3 13
465 553
321 392
237 300
111 165
390 449
333 344
323 329
115 125
98 174
35 121
275 282
346 358
145 167
106 144
398 406
547 562
74 91
432 517
8 106
289 352
522 528
434 486
42 47
441 523
166 180
488 525
115 171
393 435
376 412
101 111
239 259
197 277
465 510
450 470
2 66
295 338
93 116
564 599
328 378
19 72
227 290
217 225
39 59
218 265
343 393
340 372
480 579
183 207
229 288
25 111
327 350
366 422
246 292
351 409
421 501
326 392
232 292
104 120
283 292
567 575
435 463
13 90
556 568
549 599
453 491
63 69
318 323
336 375
128 205
228 273
327 420
252 265
402 481
57 145
87 116
454 547
340 368
88 188
568 596
18 109
525 562
81 158
370 435
209 307
46 98
345 354
1 69
493 582
278 297
193 217
513 585
443 498
55 151
72 91
223 286
491 567
198 255
442 503
423 519
390 468
317 386
489 558
130 218
527 551
95 173
380 443
130 175
577 598
222 227
175 264
47 107
157 222
123 199
263 356
152 221
135 161
108 167
511 528
25 95
497 588
41 129
461 514
70 147
260 326
125 153
557 591
361 421
404 484
260 342
241 292
530 586
201 216
82 97
380 424
481 539
20 73
325 375
324 359
174 222
147 205
263 327
487 582
319 352
570 579
360 447
26 40
315 398
375 467
395 493
370 447
285 333
122 210
411 487
90 111
538 588
376 441
484 569
107 145
369 418
371 469
377 446
494 560
96 195
173 210
392 485
244 326
180 268
448 458
395 429
443 466
347 383
181 209
30 46
462 513
215 301
229 236
229 273
3 95
225 261
332 383
324 384
445 460
463 507
490 500
452 469
399 489
160 187
251 268
168 199
462 534
422 476
235 331
363 415
230 255
399 443
533 582
529 569
266 320
355 429
153 163