120
490
75 1301
162 1092
172 580
591 1435
821 1026
751 1404
318 124
175 1235
1274 853
214 1201
1361 1004
1192 1324
469 774
389 1254
995 1044
295 1423
97 700
831 1427
602 1372
459 1355
1017 1383
16 811
681 387
1388 1233
874 380
809 835
234 1384
1352 991
184 1163
267 1333
1184 1422
1364 1395
915 1390
117 1157
277 1435
566 1111
1300 1292
1326 1409
1172 888
1285 1097
1282 1222
167 1338
588 1402
364 1018
173 1365
379 1421
1428 1063
376 1181
1057 969
1204 1308
1034 1106
343 1122
497 1405
216 1037
233 1404
1129 1238
48 1269
159 669
1209 1311
185 1325
890 969
1134 799
1251 747
985 1038
231 1188
981 1087
156 610
1339 1420
293 398
1395 1313
1121 1365
1090 732
311 712
1426 1114
961 1359
471 1377
842 915
1359 1114
1044 1164
752 1283
1105 707
480 1296
1376 1277
767 841
310 1241
917 1246
763 669
1187 1439
1433 642
636 1245
1307 483
1128 1370
634 1391
67 1407
969 1278
910 892
151 990
554 861
1380 1431
1270 1351
1053 1287
897 1218
544 285
738 658
342 407
1111 1381
560 1368
71 1276
1386 1376
100 1218
203 1395
893 1378
835 1388
827 812
450 843
839 1376
1400 1340
279 439
815 1197
78 386
1100 589
88 1393
263 1385
439 1052
446 401
387 1229
79 496
875 405
956 1126
6 1229
1010 1124
870 1269
1060 906
877 1256
288 1000
165 1384
55 747
851 1336
453 1410
1255 780
1310 658
1120 510
814 1381
316 1280
1249 560
1354 1322
1306 789
481 1269
675 1242
564 947
200 1386
270 642
215 1124
1068 1250
121 1146
552 1390
1337 1393
762 1377
104 1097
748 1354
723 1440
571 1437
494 404
876 1160
589 1001
858 1354
430 1025
914 1257
1176 1084
1287 1126
909 130
1366 927
599 646
553 1130
132 758
506 800
174 1156
1328 1009
1273 1377
503 1163
47 1269
872 574
147 857
1058 1114
1165 1228
62 1373
440 1397
1353 1324
325 879
737 955
33 1143
685 1420
386 1149
1319 1431
731 440
428 1414
1089 907
600 690
1196 1184
887 1141
283 892
1237 1204
986 1305
1247 1342
993 1399
638 1037
1335 1228
198 961
879 1125
326 1432
1252 320
721 1300
191 1197
1047 1229
1088 1334
1372 1369
276 1361
630 861
892 1052
722 1428
725 1275
1092 871
1309 1149
1084 1231
1091 950
1210 608
181 1238
606 1057
639 1392
301 1408
32 1415
61 1359
454 1057
715 1439
265 1061
508 172
901 1160
236 1344
474 1298
74 1123
116 540
289 1440
1291 1039
807 968
1067 1342
356 961
972 1393
237 820
20 684
1169 790
402 361
1023 957
958 1164
1362 1436
397 1362
1107 1188
1179 799
1173 1434
1268 1034
642 1049
559 363
225 1024
463 889
864 1439
991 1286
898 856
52 1356
1123 1240
136 1385
169 1326
85 1031
373 1150
1357 536
1062 1389
435 1210
1022 895
1114 1418
988 1003
1065 1437
747 1415
894 856
582 1425
974 359
1365 368
837 1176
583 1435
401 1205
861 1031
1116 746
393 1408
157 1005
727 1083
286 1410
1178 668
678 1425
280 1043
27 1414
998 1231
1269 304
22 1377
848 999
1177 1427
197 1408
719 641
673 1423
1390 895
684 1302
149 1238
836 840
281 844
1200 933
460 1428
96 1098
93 1229
392 507
679 1416
1288 1428
9 1307
964 225
968 1139
1379 1371
1280 1370
854 1406
867 1365
1037 1423
103 1234
734 1118
1113 957
81 1088
1207 1027
1124 1088
1294 877
329 1339
1038 406
1259 1275
500 1336
177 1059
1373 969
141 1354
305 1142
178 1303
1095 1389
63 740
339 648
1106 1389
409 911
754 1411
565 901
996 975
1358 1279
1048 1319
137 741
396 1210
1286 627
109 1282
101 1145
24 1184
49 420
1333 1431
1025 1429
1253 1131
578 1067
1137 1391
878 1019
1020 1121
587 1263
1370 1365
1369 742
171 1085
235 318
266 1284
912 1179
365 1276
1321 1218
664 1428
1159 877
1377 1434
1371 407
475 790
885 1419
8 1429
367 986
31 1371
304 1439
1320 1337
72 962
978 1172
68 1351
826 1265
739 663
967 859
511 1411
730 616
562 1358
464 1417
69 1410
1260 1052
108 331
648 1081
357 883
1030 1135
759 1272
194 1188
1385 764
114 667
320 1035
492 624
823 1255
313 951
99 608
895 1226
830 1387
1336 1209
1132 1368
1257 1296
755 957
378 1246
187 1431
209 1364
202 497
15 1284
332 1328
64 1183
676 771
1314 1275
359 1201
539 907
59 283
211 1403
1125 1259
127 992
501 1265
1375 1362
1397 918
1205 1302
483 1071
1275 1057
400 1119
1144 1304
1276 1233
499 714
1021 1373
1279 1346
11 1051
749 1239
269 1065
489 838
139 1017
1381 1221
1164 1221
163 631
504 1283
182 1389
949 1392
110 747
91 413
115 1093
683 1322
1185 1233
1013 1235
1389 1394
240 392
572 731
122 914
1170 1305
812 226
635 878
477 274
1244 941
120 464
438 1377
510 1315
208 1352
1 504
760 1237
577 1254
70 912
1393 793
1323 1413
1014 1324
982 484
1405 956
399 767
111 1161
840 1237
740 1134
176 144
405 648
189 1076
116 149