100
4430 1679 2784
2715 1447 1527
1701 1384 898
1000 710 3189
169 1250 3581
3792 2225 2871
829 3629 711
4066 3728 3422
1502 2097 2987
1303 1337 4666
2942 4885 546
2637 272 3631
3644 3833 4095
2254 2693 1583
168 1967 3854
4561 1455 4617
4853 4492 2200
3598 4053 1290
362 2737 1058
2997 3639 2452
951 4892 1025
2727 3063 4648
3976 2472 1049
1571 2120 2291
4900 1176 2295
516 2615 1993
734 4318 1513
3505 4596 3973
335 2899 1764
4159 3398 1329
3203 4774 4264
1657 2769 4886
4283 1268 3387
3659 1103 3561
758 3994 1634
2307 4378 223
1804 2214 1474
215 1107 4223
482 2783 3333
1674 3155 3091
4017 3146 4503
755 2120 2709
4438 646 160
1984 518 4511
342 1521 1555
653 3189 3604
4275 4870 1913
2896 1182 2061
3820 4827 2820
2849 791 3248
1666 1634 1834
3169 3246 4569
4796 3893 1032
1289 4014 4991
1987 146 513
4344 3304 1043
2814 1727 105
2968 1601 2642
2243 983 1444
2969 2780 4110
959 155 1476
1859 4438 2122
2007 2601 286
1688 4216 496
1222 1025 307
4631 4702 3841
3027 3783 2858
4037 3231 4917
2862 1852 3169
1348 3367 886
4486 4507 3930
1597 1078 871
552 4465 1258
2222 569 1513
1268 4305 4039
1060 1376 1541
3365 3191 262
1181 935 3605
4182 599 3271
3162 3602 4260
520 2185 233
587 3416 2740
257 3767 3815
1070 3637 821
3508 3070 2759
1979 1191 2686
2618 3687 1610
1455 3561 4230
1684 4086 4205
483 1515 4787
3121 4163 1710
1448 1029 505
4973 3936 4762
2811 4483 4644
1198 1669 2864
1879 3107 1070
1488 2568 2293
1400 3515 1612
263 2885 4561
2665 4584 537
