100
4397 2306 4915
694 2518 1223
476 1929 2393
2573 3056 782
3139 2429 1192
4743 965 3307
2827 2106 1358
1032 2912 3499
2384 1500 1439
2696 1357 4816
2493 492 1901
1419 2647 4651
4613 3274 1177
468 3650 1990
4525 2290 1613
870 210 3275
4941 291 3141
773 3829 1830
542 4720 3804
4206 2250 2265
3352 4290 853
2036 3243 1688
4158 2606 3452
4625 715 2065
4242 205 2308
4449 1388 2972
4164 3130 1459
2362 2357 1293
1889 987 2352
3456 191 2796
292 3914 2984
3917 939 3179
3902 2188 1156
4363 169 315
4148 4933 2368
1157 1081 2114
3395 4666 4675
116 1902 2482
469 1826 506
2098 3872 4126
2901 4017 1309
779 4930 4454
1429 399 872
4163 182 933
1421 2520 3885
621 661 2953
1731 296 1825
2392 2329 916
4987 4586 3139
1238 1062 1634
4753 1669 3210
2898 2752 3149
4398 2580 2960
1858 2668 2440
2183 2650 4348
193 3690 4284
2582 294 2349
862 868 1323
4742 604 4499
815 642 4223
955 1537 3934
1539 329 3728
4726 3563 1505
3996 1171 2752
1592 114 2226
2099 4288 3898
1615 788 142
4927 2265 2618
922 4736 1719
1881 1669 428
3948 1381 1534
1958 473 2803
3589 2563 252
4275 2214 4682
2612 2945 941
795 920 2407
4285 1435 1663
2021 2714 3748
494 3845 932
565 4178 2055
1882 1586 1021
103 4225 3290
968 3783 3399
3724 783 411
369 1699 3555
2550 967 4498
2724 982 1907
2701 3176 830
4460 2877 4522
1196 4406 2980
1254 4359 2809
2548 4348 2275
3663 1105 4298
1062 4039 4541
4055 3996 3199
4342 1640 3252
2149 2732 2437
3003 319 2243
3031 708 4535
1909 652 3537
