100
2400 2432 3300
2725 1656 637
3954 301 2720
3914 110 4828
4122 233 4446
2034 4958 3948
1856 1339 3632
3141 3570 3944
109 307 2068
4637 494 1052
2623 2976 2116
256 550 648
2264 4525 3172
2357 441 2534
1704 422 1387
1897 4449 2710
3421 1019 162
2465 3633 2377
471 4687 4888
2585 4891 1414
4657 3213 1556
1171 1649 2520
2038 1021 3987
963 461 2845
3370 2464 357
3349 1251 3254
3059 819 1997
4225 412 2794
4655 2006 2931
1015 2958 4781
1499 4076 3299
1535 1340 417
685 2303 3681
155 1272 2748
2372 2755 3301
174 1393 633
4019 314 1538
4133 3619 4707
958 652 1035
688 4070 1800
2685 3712 591
2628 2475 1904
3805 1503 3816
535 4358 3736
3166 3173 997
2565 4800 1895
3315 4574 4817
1839 1627 2005
656 1583 3675
4485 3400 3653
2851 3774 1274
4909 2320 1479
954 3040 1776
2153 4897 562
2524 1777 3459
2909 1919 2974
1699 3417 3603
3405 2044 1427
385 1451 314
683 1901 577
3540 861 3605
3701 3961 3939
1672 952 2265
2212 2988 4475
1441 2580 1467
1326 3154 1974
962 2813 129
2925 1086 3291
792 4579 2090
3601 3532 4122
4841 4220 133
4322 2859 1756
4985 4396 864
1219 1626 1018
781 2083 1970
815 2203 912
2839 2735 1007
2365 972 1599
4595 2154 1652
3924 3926 3086
3409 4412 2299
1701 711 4792
4705 2795 310
1504 3076 1971
4732 3748 1153
3162 998 3995
4717 1092 4642
4838 4195 1230
4964 4716 257
2968 2738 1844
2980 2658 3652
4291 3501 4543
2369 1779 3048
734 1651 4178
3971 4788 4846
4519 3619 4050
4394 695 4973
2046 4939 4501
818 2077 2862
1191 1964 1196
