100
4191 292 3623
1732 4077 3547
2775 4917 1409
787 1010 3664
3351 2991 2180
214 4806 3077
3666 3945 1794
3536 3069 4975
908 4999 2516
1979 129 117
3001 4310 2526
3297 2890 4170
1260 1683 4703
399 1769 4943
4302 2972 3444
963 4132 368
2519 4142 1481
895 4505 2248
1239 3809 3897
1676 4313 3611
708 4408 1058
2817 3728 517
961 4218 2595
3917 295 4324
1552 2595 4592
4596 3467 3148
1413 4928 1148
3736 2458 2081
414 2094 3600
1770 3684 1063
4224 3581 3971
1192 1385 2349
2705 1695 1201
4712 4727 1996
1785 1767 212
957 4057 2147
2253 2402 2150
4590 318 3985
2636 253 4698
3159 3923 2484
3586 1760 4937
4801 3374 1562
4546 2632 497
2248 2641 1193
4823 2038 3573
1617 2247 1305
2923 2450 1907
1714 918 1921
1198 3520 198
4098 4117 1695
2194 4180 115
1262 3640 1401
4973 1020 2497
2002 3891 2665
504 2131 893
2308 1056 2897
4154 2479 4901
1959 3611 1266
4641 1241 4497
4833 1928 4860
306 4755 4876
383 523 3397
4261 4193 3634
127 428 698
2871 3952 848
3332 3565 1485
1327 720 4978
341 934 4506
3816 376 1902
4154 1495 2366
4193 3408 547
3302 4873 3438
1367 3856 2204
523 4812 4917
1453 107 4408
1157 3134 2751
1668 1001 132
1001 3077 2008
2890 2288 600
3517 902 1306
2697 2496 666
3529 1900 1456
2725 3682 1465
2284 979 4719
2970 1814 4358
2770 3164 2364
1910 3361 2782
2738 2117 1189
784 233 153
3366 3496 1410
1386 4880 4761
2005 3715 2966
977 4350 3462
3210 4638 4866
4838 4383 379
231 4951 1350
2797 2878 3243
2101 4493 1943
2234 998 102
4943 4587 4768
