100
161 2393 3891
2879 2230 270
180 3059 1119
2987 526 3344
1045 1023 4582
136 4940 3476
2188 3186 2098
3209 4871 2998
1951 3016 3341
314 3560 3413
3361 3024 115
1973 4916 151
4343 218 3160
1008 4575 410
2042 4780 988
2495 562 992
3420 1833 2033
1926 890 3157
2468 4219 4431
2469 2106 1903
568 3930 1335
3970 3537 3150
1200 3875 4857
4646 3904 483
3448 4658 856
4468 4063 4664
228 4009 4119
1610 1727 2104
2207 2516 2593
1439 1664 3669
1005 1933 1924
1632 169 1949
1388 3627 4728
575 3228 1124
149 4520 1906
1065 295 286
2091 4303 2473
2823 2401 3663
3359 281 4585
1605 1448 306
2766 3400 1540
4346 1867 677
3003 3283 3427
4209 3718 1664
3038 3906 2769
2434 1313 1932
2150 3120 4649
1079 728 3009
4329 4201 242
3213 583 2993
1206 3974 3300
1230 1709 2144
868 1851 4412
3938 1994 2350
3230 790 653
3044 1984 1493
2724 2124 2009
4435 1748 1068
4897 1343 731
2607 2323 4716
1402 1946 926
841 2780 2229
4185 2848 412
369 3437 4078
393 1543 2114
4072 3876 992
4010 1380 485
2522 956 1351
2057 3384 3485
4858 1216 4555
244 2372 1760
3129 2438 2783
1714 1330 3830
2254 1336 605
2004 3131 608
3577 4021 3905
236 889 1461
4757 3628 4900
3397 2295 2374
3423 724 3293
3875 1324 2763
2322 2040 4957
2208 2905 1064
2729 3371 4165
4291 4259 3790
4129 1311 2156
3796 4802 1075
3121 1125 3531
1745 369 921
4048 2045 3881
232 1345 3252
4322 4074 4873
367 4223 4973
1563 248 2023
1570 3501 4360
1123 2774 4130
3237 3595 1389
4874 4477 3072
1166 4418 4730
3334 4484 2505
