100
4876 3243 1095
4500 4584 3787
4232 3741 2438
582 3316 2736
1506 4148 108
3078 4859 3639
1152 4226 4513
3706 972 3942
2768 675 431
1588 1368 662
4625 183 4259
935 1022 4451
3268 397 4448
3910 4716 2947
3913 1021 3097
1915 859 263
4459 1132 2121
2852 2003 3799
1586 4505 705
3623 3459 3299
2401 2101 4541
4984 1539 3876
2302 1276 1884
4325 1001 4965
2874 4114 815
342 2901 3221
2915 4816 3801
4258 549 4115
2724 3374 2905
4255 4195 4358
2673 3912 1872
122 1530 1819
1740 3610 2071
648 3660 4086
3143 3666 3970
3028 816 1307
1963 3960 1816
735 2508 1792
1684 2130 4155
1395 947 280
4609 2970 4417
1682 1308 1174
4199 1885 4653
3839 392 104
292 2948 3671
4261 1297 4280
2139 1277 4949
3471 4815 3985
1379 1789 4068
3612 1889 4924
1249 4497 640
4182 202 3733
3897 3203 2589
3125 949 819
4061 4011 1466
2537 1194 3408
3336 2125 1786
3926 549 2021
1760 4948 1669
3957 4266 1371
2268 2398 1534
1056 4626 4127
2242 124 4003
1836 1859 949
3751 2557 2164
4900 715 1367
1222 3118 3124
3471 1822 3124
3857 4441 4749
1054 543 882
1103 3642 2395
2409 3432 239
4982 1376 3750
1601 4475 887
4460 1859 4726
1622 387 4636
2666 3477 1426
678 2245 1516
2466 2917 3254
4462 3794 1930
2087 1380 2926
1357 1361 1015
3892 2175 1636
213 4507 4587
2725 2845 111
4243 3751 1140
899 1769 1241
220 157 2578
4321 3252 4107
4282 377 4830
1184 2874 1842
1329 3144 1910
4276 1260 4109
3423 3596 4758
268 1790 4950
2003 1840 619
336 1203 3950
3581 1548 569
504 3720 4696
1062 2882 4383