100
3490 1990 110
150 4235 4587
1697 1659 4086
407 2557 2289
4486 4799 2636
2107 2507 595
1131 3066 1195
3690 2889 727
1550 3390 3948
543 1280 4073
201 2549 3784
2492 4410 1758
2855 2265 1988
2606 341 2643
2339 1892 2247
199 4679 970
3536 3746 4182
3123 4981 3588
1416 219 1046
3355 3764 3665
400 3636 2883
3149 3064 3342
3652 1435 1412
882 196 2247
3542 4886 1440
1706 3780 450
3279 2474 245
584 3923 1978
2455 1966 1996
3311 3688 4522
3372 1075 4110
4497 1473 3486
4016 1928 1488
2017 4340 4819
1510 4837 362
547 280 1964
3677 3110 4520
4921 4129 2766
1019 3537 2943
3055 383 4149
306 1258 272
3852 3591 222
1941 3660 394
446 4149 3479
3483 1877 4512
2475 1906 387
4878 4285 3383
3083 4155 4130
2932 495 2664
194 4977 3444
2333 4716 4259
4452 1834 537
4263 1799 579
4724 3915 1472
3227 3693 1050
940 2455 3810
783 1842 736
939 3858 2323
1559 247 930
475 327 731
4617 3971 4596
753 2274 1839
1160 776 1669
4097 4975 312
343 3868 4434
2753 1758 4746
4474 1238 1929
1578 560 903
863 2566 4047
2443 3717 2411
4440 199 4064
2685 306 3856
2157 1543 276
809 2794 3448
2193 4272 3690
2274 3961 1333
1884 4999 522
2010 1033 1251
2238 4799 879
4761 4280 330
3348 2446 1590
2403 2381 1648
1521 1531 2218
1829 555 2312
752 1007 2099
3674 4462 650
1820 2088 2395
1123 1641 1998
661 1107 4773
4012 4637 2844
4119 1217 4704
4334 1520 2695
4957 2064 4430
4099 2484 692
2416 703 2032
980 2300 2824
1589 206 300
4278 4544 615
2333 2822 2646
4559 3582 1769
