100
955 1584 931
3998 1770 3106
1431 2833 1232
1855 1360 2125
4836 1356 3732
1592 3881 3153
2509 4923 3117
3618 1585 1110
2971 1556 2784
3310 3453 2785
2021 2990 544
1638 2102 136
3324 324 4400
1320 2747 1377
1175 4658 2320
4682 2340 2416
4021 4586 3930
209 4520 2310
3324 3652 514
4431 4817 4969
2350 2485 4483
2653 4242 1804
2465 1809 3912
3222 1318 2703
209 4374 2063
3249 4205 3065
4431 1862 146
4443 3580 1746
3486 375 538
1994 227 3529
668 4374 628
4615 382 4318
3651 411 4958
593 2120 3575
239 999 3652
4623 1830 2839
2210 777 2334
3548 3948 5000
1934 3014 1073
1956 1376 3736
935 919 1725
2268 4816 2075
4933 348 3913
184 2541 437
473 4941 159
1998 2792 1067
2734 3205 2494
734 564 3720
3077 3264 352
1320 1127 146
1858 4076 2302
681 2563 2526
4566 4054 4056
4956 822 4416
883 4070 3672
3675 2960 4503
416 350 1742
3067 4267 1565
3592 550 3168
4599 3389 672
535 4952 1261
103 3565 4936
2921 3647 4620
4287 2520 2144
3823 284 620
2987 4574 1190
1701 313 3604
2759 2416 3807
2629 2728 1448
3448 2814 2267
1178 879 3242
2318 560 2594
3852 3613 662
416 4104 979
1135 458 3413
2882 2948 2319
1751 763 4690
2523 3324 3098
669 1178 4400
1334 3500 4607
4580 4493 900
4147 3761 2270
2336 3864 2573
1104 4643 2896
4714 1210 3067
2899 1780 4281
1510 4615 4902
431 1624 294
4758 2714 2656
3055 4147 4100
609 2500 387
3028 2014 1131
3492 4699 4692
3740 598 1256
1093 3138 1239
184 3325 3429
4315 2658 174
2130 3465 3002
1212 660 4682
1858 143 1388
