1055
18
84
108
483
176
459
259
423
400
323
79
59
336
166
139
69
21
375
112
230
67
438
84
162
447
412
212
216
238
384
61
131
362
139
165
184
154
260
235
262
125
86
388
448
88
255
126
489
282
384
353
334
256
182
417
251
16
164
470
42
495
164
164
336
13
403
494
251
341
444
204
84
47
180
173
489
10
205
179
148
388
310
361
92
268
431
154
109
112
418
386
346
270
266
122
177
454
37
157
366
468
278
133
217
108
97
116
493
296
378
404
415
9
486
303
426
152
442
443
76
271
326
33
69
149
401
326
428
161
283
111
391
309
271
248
296
321
173
349
374
185
173
149
309
67
277
395
356
277
484
349
82
266
320
118
162
172
340
366
83
79
26
109
42
487
191
203
363
392
427
231
39
131
88
400
7
32
70
85
414
470
107
28
267
178
43
10
394
356
484
364
396
388
43
376
253
378
469
157
227
365
40
353
91
91
452
177
165
270
452
104
139
120
64
295
349
150
441
90
245
305
84
187
474
135
432
436
292
297
268
387
108
17
368
21
281
440
107
270
165
334
39
194
83
294
272
106
282
167
455
20
215
92
408
159
111
203
310
399
30
277
492
98
247
482
353
192
120
438
389
214
490
438
225
170
178
284
453
33
74
429
270
370
133
14
68
187
498
358
415
253
360
296
407
85
379
377
343
377
136
395
236
289
80
248
253
440
423
333
73
128
144
63
127
339
111
234
487
131
380
488
291
302
282
7
440
301
414
18
115
495
170
150
265
353
359
418
451
211
454
477
328
112
202
227
293
187
472
247
267
3
295
85
443
247
302
482
332
148
19
188
127
343
83
451
24
8
346
163
109
225
396
119
220
361
67
125
113
119
13
140
212
130
463
336
11
429
485
407
116
57
415
351
328
470
209
122
185
266
271
222
220
406
89
75
32
434
155
491
186
382
58
143
374
133
334
314
314
399
371
187
204
35
155
457
1
72
393
425
390
130
160
340
87
48
221
178
461
233
486
428
213
240
21
118
249
404
292
11
123
114
227
176
36
146
416
72
310
142
182
423
113
433
167
329
114
488
108
483
18
120
165
141
448
129
8
292
193
264
12
196
447
140
476
274
153
441
339
6
448
198
149
326
288
185
161
219
335
126
236
494
373
88
307
364
279
212
447
286
280
138
362
23
283
216
500
317
54
433
474
160
230
65
401
395
55
163
86
387
471
428
322
353
449
227
473
152
63
212
159
436
487
405
46
442
249
312
173
469
379
428
473
389
341
312
202
39
345
5
437
353
319
147
227
498
419
228
233
257
182
223
24
357
247
220
203
377
152
158
459
182
230
107
229
489
336
47
472
359
337
407
161
197
469
346
30
470
271
336
14
408
309
80
304
198
17
375
214
475
122
434
258
480
169
234
330
432
110
219
283
43
102
171
274
147
156
203
77
88
377
290
1
5
380
49
323
134
217
62
44
350
102
495
433
7
114
142
113
133
443
450
442
128
86
478
334
212
451
279
127
318
112
330
229
207
462
88
467
227
1
285
3
165
276
289
5
313
391
406
178
349
28
387
184
320
402
284
390
6
90
78
466
276
168
161
361
30
281
471
207
77
256
346
256
332
339
328
397
253
74
235
176
223
178
298
20
378
41
168
140
262
457
72
461
76
92
107
315
220
461
211
41
244
81
60
453
147
84
91
175
82
493
318
362
247
112
216
49
236
223
225
208
373
347
331
189
125
39
193
384
257
119
127
486
281
458
352
118
52
440
96
82
59
357
303
500
404
146
454
198
63
261
4
144
277
262
448
170
28
189
250
51
264
12
441
298
189
8
292
91
175
491
411
171
30
366
243
491
307
218
298
365
124
492
333
201
52
85
427
117
455
242
157
124
402
95
284
6
181
41
345
322
126
68
110
434
148
500
417
208
313
314
440
372
266
24
204
396
66
445
305
254
79
288
407
204
80
414
93
238
52
58
404
8
46
17
275
60
350
405
130
6
351
272
398
167
212
344
227
277
456
432
160
106
202
69
499
357
299
74
172
29
360
176
220
106
198
338
201
287
121
310
382
459
267
96
255
141
440
232
287
228
328
474
141
377
361
230
9
295
427
481
449
289
499
146
460
459
148
500
201
270
486
279
10
15
57
107
237
236
482
465
314
22
312
450
158
458
282
121
391
438
269
285
219
225
343
306
451
466
111
205
255
351
293
184
242
62
342
51
350
243
57
36
60
280
500
498
485
365
137
327
240
56
330
258
17
139
237
349
85
81
292
455
37
337
358
67
283
6
49
7
397
457
300
113
39
87
66
242
214
281
353
271
115
343
90
492
258
55
235
136
300
328
58
277
97
340
455
421
231
94
486
286
351
130
144
83
128
457
76
307
116
362
95
326
343
298
18
82
15
379
252
487
30