5000
6
1
11
21
52
105
186
301
456
657
910
1221
1596
2041
2562
3165
3856
4641
5526
6517
7620
8841
186
1661
3272
5025
6926
8981
1196
3577
6130
8861
1776
4881
8182
1685
5396
9321
3466
7837
2440
7281
2366
7701
3292
9145
5266
1661
8336
5297
2550
101
7956
6121
4602
3405
2536
2001
1806
1957
2460
3321
4546
6141
8112
465
3206
6341
9876
3817
8170
2941
8136
3761
9822
6325
3276
681
8546
6877
5680
4961
4726
4981
5732
6985
8746
1021
3816
7137
990
5381
316
5801
1842
8445
5616
3361
1686
597
100
201
906
2221
4152
6705
9886
3701
8156
3257
9010
5421
2496
241
8662
7765
7556
8041
9226
1117
3720
7041
1086
5861
1372
7625
4626
2381
896
177
230
1061
2676
5081
8282
2285
7096
2721
9166
6437
4540
3481
3266
3901
5392
7745
966
5061
36
5897
2650
301
8856
8321
8702
5
2236
5401
9506
4557
560
7521
5446
4341
4212
5065
6906
9741
3576
8417
4270
1141
9036
7961
7922
8925
976
4081
8246
3477
9780
7161
5626
5181
5832
7585
446
4421
9516
5737
3090
1581
1216
2001
3942
7045
1316
6761
3386
1197
200
401
1806
4421
8252
3305
9586
7101
5856
5857
7110
9621
3396
8441
4762
2365
1256
1441
2926
5717
9820
5241
1986
61
9472
225
2326
5781
596
6777
4330
3261
3576
5281
8382
2885
8796
6121
4866
5037
6640
9681
4166
101
7492
6345
6666
8461
1736
6497
2750
501
9756
521
2802
6605
1936
8801
7206
7157
8660
1721
6346
2541
312
9665
606
3141
7276
3017
370
9341
9936
2161
6022
1525
8676
7481
7946
77
3880
9361
6526
5381
5932
8185
2146
7821
5216
4337
5190
7781
2116
8201
6042
5645
7016
161
5086
1797
300
601
2706
6621
2352
9905
9286
501
3556
8457
5210
3821
4296
6641
862
6965
4956
4841
6626
317
5920
3441
2886
4261
7572
2825
26
9181
296
3377
8430
5461
4476
5481
8482
3485
496
9521
566
3637
8740
5881
5066
6301
9592
4945
2366
1861
3436
7097
2850
701
656
2721
6902
3205
1636
2201
4906
9757
6760
5921
7246
741
6412
4265
4306
6541
976
7617
6470
7541
836
6361
4122
4125
6376
881
7646
6677
7980
1561
7426
5581
6032
8785
3846
1221
916
2937
7290
3981
3016
4401
8142
4245
2716
3561
6786
2397
400
801
3606
8821
6452
6505
8986
3901
1256
1057
3310
8021
5196
4841
6962
1565
8656
8241
326
4917
2020
1641
3786
8461
5672
5425
7726
2581
9996
9977
2530
7661
5376
5681
8582
4085
2196
2921
6266
2237
840
2081
5966
2501
1692
3545
8066
5261
5136
7697
2950
901
1556
4921
1002
9805
1336
5601
2606
2357
4860
121
8146
8941
2512
8865
8006
9941
4676
2217
2570
5741
1736
561
2222
6725
4076
4281
7346
3277
2080
3761
8326
5781
6132
9385
5546
4621
6616
1537
9390
181
3916
601
242
2845
8416
6961
8486
2997
500
1001
4506
1021
552
3105
8686
7301
8956
3657
1410
2221
6096
3041
3062
6165
2356
1641
4026
9517
8120
9841
4686
2661
3772
8025
5426
5981
9696
6577
6630
9861
6276
5881
8682
4685
3896
6321
1966
837
2940
8281
6866
8701
3792
2145
3766
8661
6836
8297
3050
1101
2456
7121
5102
6405
1036
9001
306
4957
2960
4321
9046
7141
8612
3465
1706
3341
8376
6817
8670
3941
2636
4761
322
9325
1776
7681
7046
9877
6180
5961
9226
5981
6232
9985
7246
8021
2316
137
1490
6381
4816
6801
2342
1445
4116
361
186
3597
600
1201
5406
3221
4652
9705
8386
701
6656
6257
9510
6421
6996
1241
9162
765
6056
5041
7726
4117
4220
8041
5586
6861
1872
625
3126
9381
9396
3177
730
2061
7176
6081
8782
5285
5596
9721
7666
9437
5040
4481
7766
4901
5892
745
9466
2061
8536
8897
3150
1301
3356
9321
9202
3005
736
2401
8006
7557
1060
8521
9946
5341
4712
8065
5406
6741
2076
1417
4770
2141
3536
8961
8422
1925
9476
1081
6746
6477
280
8161
126
6181
6332
585
8946
1421
8016
8737
3590
2581
5716
3001
4442
45
9816
3761
1886
4197
700
1401
6306
5421
8752
6305
8086
4101
4356
8857
7610
621
7896
9441
5262
5365
9756
8441
1426
8717
320
6241
6486
1061
9972
3225
826
2781
9096
9777
4830
4261
8076
6281
8882
5885
7296
3121
3366
8037
7140
681
8666
1101
7992
9345
5166
5461
236
9497
3250
1501
4256
1521
3302
9605
436
5801
5706
157
9160
2721
846
3541
812
2665
9106
141
5776
6017
870
341
4436
3161
6522
4525
7176
4481
6446
3077
4380
361
1026
6381
6432
1185
646
4821
3716
7337
5690
8781
6616
9201
6542
8645
5516
7161
3586
4797
800
1601
7206
7621
2852
2905
7786
7501
2056
1457
5710
4821
8796
7641
1362
9965
3456
1841
5126
3317
6420
4441
7386
5261
8072
5825
8526
6181
8796
6377
8930
6461
8976
6481
8982
6485
8996
6521
9066
6637
9240
6881
9566
7301
92
7945
866
8861
1936
97
3350
1701
5156
3721
7402
6205
136
9201
3406
2757
7260
6921
1746
1741
6912
7265
2806
3541
9476
617
6970
8541
5336
7361
4622
7125
4876
7881
6146
9677
8480
2561
1926
6581
6532
1785
2346
8221
9416
5937
7790
4981
7516
5401
8642
7245
1216
561
5286
5397
900
1801
8106
9821
6952
9505
7486
901
9756
4057
3810
9021
9696
5841
7462
4565
7156
5241
8826
7917
2520
2641
8286
9461
6172
8425
6226
9581
8496
2977
3030
8661
9876
6681
9082
7085
696
9921
4766
5237
1340
3081
466
3501
2192
6545
6566
2261
3636
697
3450
1901
6056
5921
1502
2805
9836
2601
1106
5357
5360
1121
2646
9941
3012
1865
6506
6941
3176
5217
3070
6741
6236
1561
2722
9725
2576
1281
5846
6277
2580
4761
2826
6781
6632
2385
4046
1621
5116
4537
9890
1181
8416
1601
742
5845
6916
3961
6986
5997
1000
2001
9006
2021
1052
6105
7186
4301
7456
6657
1910
3221
596
4041
3562
9165
856
8641
2526
2517
8620
841
9186
3661
4272
1025
3926
2981
8196
9577
7130
861
776
6881
9182
7685
2396
3321
466
3837
3440
9281
1366
9701
4292
5145
2266
5661
5336
1297
3550
2101
6956
8121
5602
9405
9536
6001
8806
7957
3460
5321
3546
8141
9112
6465
206
341
6876
9817
9170
4941
7136
5761
822
2325
276
4681
5546
2877
6680
6961
3726
6981
6732
2985
5746
5021
816
3137
1990
7381
9316
7801
2842
4445
2616
7361
8686
6597
1100
2201
9906
4221
5152
2705
6886
7701
5156
9257
10
7421
1496
2241
9662
3765
4556
2041
6226
7117
4720
9041
86
7861
2372
3625
1626
6381
7896
6177
1230
3061
1676
7081
9282
8285
4096
6721
6166
2437
5540
5481
2266
5901
6392
3745
7966
9061
7036
1897
3650
2301
7856
321
9702
6005
9236
9401
6506
557
1560
9521
4446
6341
5212
1065
3906
3741
576
4417
5270
3141
8036
9961
8922
4925
7976
8081
5246
9477
780
9161
4626
7181
6832
3585
7446
8421
6516
1737
4090
3581
216
4001
4942
3045
8316
761
386
7197
1200
2401
806
6421
9252
9305
6586
1101
2856
1857
8110
1621
2396
441
5762
8365
8256
5441
9926
1717
820
7241
986
2061
472
6225
9326
9781
7596
2777
5330
5261
2576
7281
9382
8885
5796
121
1866
1037
7640
1681
3166
2101
8492
2345
3666
2461
8736
2497
3750
2501
8756
2521
3802
2605
8936
2801
4206
3157
9660
3721
5346
4541
1312
5665
7606
7141
4276
9017
1370
1341
8936
4161
7022
7525
5676
1481
4946
6077
4880
1361
5526
7381
6932
4185
9146
1821
2216
337
6190
9781
1116
201
7042
1645
4016
4161
2086
7797
1300
2601
1706
8621
3352
5905
6286
4501
556
4457
6210
5821
3296
8641
1862
2965
1956
8841
3626
6317
6920
5441
1886
6261
8572
8825
7026
3181
7296
9377
9430
7461
3476
7481
9482
9485
7496
3521
7566
9637
9740
7881
4066
8301
592
945
9366
5861
436
3097
3850
2701
9656
4721
7902
9205
8636
6201
1906
5757
7760
7921
6246
2741
7412
265
1306
541
7976
3617
7470
9541
9836
8361
5122
125
3376
4881
4646
2677
8980
3561
6426
7581
7032
4785
846
5221
7916
8937
8290
5981
2016
6401
9142
245
9716
7561
3786
8397
1400
2801
2606
821
7452
2505
5986
7901
8256
7057
4310
21
4196
6841
7962
7565
5656
2241
7326
917
3020
3641
2786
461
6672
1425
4726
6581
6996
5977
3530
9661
4376
7681
9582
85
9196
6921
3266
8237
1840
4081
4966
4501
2692
9545
5066
9261
2136
3697
3950
2901
556
6921
2002
5805
8336
9601
9606
8357
5860
2121
7146
941
3512
4865
5006
3941
1676
8217
3570
7741
736
2561
3222
2725
1076
8281
4346
9277
3080
5761
7326
7781
7132
5385
2546
8621
3616
7537
390
2181
2916
2601
1242
8845
5416
961
5486
8997
1500
3001
3506
3021
1552
9105
5686
1301
5956
9657
2410
4221
5096
5041
4062
2165
9356
5641
1026
5517
9120
1841
3686
4661
4772
4025
2426
9981
6696
2577
7630
1861
5276
7881
9682
685
896
321
8966
6837
3940
281
5866
701
4792
8145
766
2661
3836
4297
4050
3101
1456
9121
6102
2405
8036
3001
7306
957
3960
6321
8046
9141
9612
9465
8706
7341
5376
2817
9670
5941
1636
6761
1322
5325
8776
1681
4046
5877
7180
7961
8226
7981
7232
5985
4246
2021
9316
6137
2490
8381
3816
8801
3342
7445
1116
4361
7186
9597
1600
3201
4406
5221
5652
5705
5386
4701
3656
2257
510
8421
5996
3241
162
6765
3056
9041
4726
117
5220
41
4586
8861
2872
6625
126
3381
6396
9177
1730
4061
6176
8081
9782
1285
2596
3721
4666
5437
6040
6481
6766
6901
6892
6745
6466
6061
5536
4897
4150
3301
2356
1321
202
9005
7736
6401
5006
3557
2060
521
8946
7341
5712
4065
2406
741
9076
7417
5770
4141
2536
961
9422
7925
6476
5081
3746
2477
1280
161
9126
8181
7332
6585
5946
5421
5016
4737
4590
4581
4716
5001
5442
6045
6816
7761
8886
197
1700
3401
5306
7421
9752
2305
5086
8101
1356
4857
8610
2621
6896
1441
6262
1365
6756
2441
8426
4717
1320
8241
5486
3061
972
9225
7826
6781
6096
5777
5830
6261
7076
8281
9882
1885
4296
7121
366
4037
8140
2681
7666
3101
8992
5345
2166
9461
7236
5497
4250
3501
3256
3521
4302
5605
7436
9801
2706
6157
160
4721
9846
5541
1812
8665
6106
4141
2776
2017
1870
2341
3436
5161
7522
525
4176
8481
3446
9077
5380
2361
26
8381
7432
7185
7646
8821
716
3337
6690
781
5616
1201
7542
4645
2516
1161
586
797
1800
3601
6206
9621
3852
8905
4786
1501
9056
7457
6710
6821
7796
9641
2362
5965
456
5841
2126
9317
7420
6441
6386
7261
9072
1825
5526
181
5796
2377
9930
8461
7976
8481
9982
2485
5996
521
6066
2637
240
8881
8566
9301
1092
3945
7866
2861
8936
6097
4350
3701
4156
5721
8402
2205
7136
3201
406
8757
8260
8921
746
3741
7912
3265
9806
7541
6476
6617
7970
541
4336
9361
5622
3125
1876
1881
3146
5677
9480
4561
926
8581
7532
7785
9346
2221
6416
1937
8790
6981
6516
7401
9642
3245
8216
4561
2286
1397
1900
3801
7106
1821
7952
5505
4486
4901
6756
57
4810
1021
8696
7841
8462
565
4156
9241
5826
3917
3520
4641
7286
1461
7172
4425
3226
3581
5496
8977
4030
661
8876
8681
82
3085
7696
3921
1766
1237
2340
5081
9466
5501
3192
2545
3566
6261
636
6697
4450
3901
5056
7921
2502
8805
6836
6601
8106
1357
6360
3121
1646
1941
4012
7865
3506
941
176
1217
4070
8741
5236
3561
3722
5725
9576
5281
2846
2277
3580
6761
1826
8781
7632
8385
1046
5621
2116
537
890
3181
7416
3601
1742
1845
3916
7961
3986
1997
2000
4001
8006
4021
2052
2105
4186
8301
4456
2657
2910
5221
9596
6041
4562
5165
7856
2641
9526
8517
9620
2841
8186
5661
5272
7025
926
6981
5196
5577
8130
2861
9776
8881
182
3685
9396
7321
7466
9837
4440
1281
366
1701
5292
1145
9266
9661
2336
7297
4550
4101
5956
121
6602
5405
6536
1
5806
3957
4460
7321
2546
141
112
2465
7206
4341
3876
5817
170
6941
6136
7761
1822
8325
7276
8681
2546
8877
7680
8961
2726
8981
7732
8985
2746
9021
7816
9137
2990
9381
8316
9801
3842
445
9616
1361
5686
2597
2100
4201
8906
6221
6152
8705
3886
1701
2156
5257
1010
9421
496
4241
662
9765
1556
6041
3226
3117
5720
1041
9086
9861
3372
9625
8626
381
4896
2177
2230
5061
676
9081
282
4285
1096
721
3166
8437
6540
7481
1266
7901
7392
9745
4966
3061
4036
7897
4650
4301
6856
2321
702
2005
6236
3401
3506
6557
2560
1521
3446
8341
6212
7065
906
7741
7576
417
6270
5141
7036
1961
9922
925
4976
2081
2246
5477
1780
1161
3626
9181
7832
9585
4446
2421
3516
7737
5090
5581
9216
6001
5942
9045
5316
4761
7386
3197
2200
4401
9806
8421
252
5305
3586
5101
9856
7857
9110
3621
1396
2441
6762
4365
5256
9441
6926
7717
1820
9241
9986
4061
1472
2225
6326
3781
4596
8777
6330
7261
1576
9281
382
4885
2796
4121
8866
7037
8640
3681
2166
4101
9492
8345
666
6461
5736
8497
4750
4501
7756
4521
4802
8605
5936
6801
1206
9157
660
5721
4346
6541
2312
1665
4606
1141
1276
5017
2370
3341
7936
6161
8022
3525
2676
5481
1946
2077
5880
3361
4526
9381
7932
185
6146
5821
9216
6337
7190
1781
116
2201
8042
7645
1016
8161
9086
3797
2300
4601
706
621
4352
1905
3286
8501
7556
457
7210
7821
2296
641
2862
8965
8956
2841
626
2317
7920
7441
886
8261
9572
4825
4026
7181
4296
5377
430
9461
2476
9481
482
5485
4496
7521
4566
5637
740
9881
3066
301
1592
6945
6366
9861
7436
9097
4850
4701
8656
6721
8902
5205
5636
201
8906
1757
8760
9921
5246
4741
8412
6265
8306
4541
4976
9617
8470
1541
8836
361
6122
6125
376
8881
1646
8677
9980
5561
5426
9581
8032
785
7846
9221
4916
4937
9290
7981
1016
8401
142
6245
6716
1561
786
4397
2400
4801
1606
2821
8452
8505
2986
1901
5256
3057
5310
2021
3196
8841
8962
3565
2656
6241
4326
6917
4020
5641
1786
2461
7672
7425
1726
581
3996
1977
4530
1661
3376
9681
582
6085
6196
921
266
4237
2840
6081
3966
6501
3692
5545
2066
3261
9136
9697
4950
4901
9556
8921
3002
1805
5336
3601
6606
4357
6860
4121
6146
2941
4512
865
2006
7941
8676
4217
4570
9741
9736
4561
4222
8725
8076
2281
1346
5277
4080
7761
6326
9781
8132
1385
9546
2621
616
3537
1390
4181
1916
4601
2242
4845
2416
4961
2486
4997
2500
5001
2506
5021
2552
5105
2686
5301
2956
5657
3410
6221
4096
7041
5062
8165
6356
9641
8026
1517
120
3841
2686
6661
5772
25
9426
3981
3696
8577
8630
3861
4276
9881
682
6685
7896
4321
5966
2837
4940
2281
4866
2701
5792
4145
7766
6661
836
297
5050
5101
456
1121
7102
8405
5036
7001
4306
6957
4960
8321
7046
1141
612
5465
5706
1341
2376
8817
670
7941
636
8761
2322
1325
5776
5681
1046
1877
8180
9961
7226
9981
8232
1985
1246
6021
6316
2137
3490
381
2816
801
4342
3445
8116
8361
4186
5597
2600
5201
3406
7221
6652
1705
2386
8701
656
8257
1510
421
4996
5241
1162
2765
56
3041
1726
6117
6220
2041
3586
861
3872
2625
7126
7381
3396
5177
2730
6061
5176
81
782
7285
9596
7721
1666
1437
7040
8481
5766
8901
7892
2745
3466
61
2536
897
5150
5301
1356
3321
1202
5005
4736
401
2006
9557
3060
2521
7946
9341
6712
65
9406
4741
6076
3417
6770
6141
1536
2961
422
3925
3476
9081
746
8477
2280
2161
8126
181
8332
2585
2946
9421
2016
737
5590
6581
3716
7001
6442
2045
3816
1761
5886
6197
2700
5401
4306
9421
752
8305
2086
2101
8356
857
9610
4621
5896
3441
7262
7365
3756
6441
5426
717
2320
241
4486
5061
1972
5225
4826
781
3096
1777
6830
8261
6076
281
882
7885
1296
1121
7366
37
9140
4681
6666
5101
9992
1345
9166
3461
4236
1497
5250
5501
2256
5521
5302
1605
4436
3801
9706
2157
1160
6721
8846
7541
2812
4665
3106
8141
9776
8017
2870
4341
2436
7161
8522
6525
1176
2481
446
5077
6380
4361
9026
381
8432
3185
4646
2821
7716
9337
7690
2781
4616
3201
8542
645
9516
5161
7586
6797
2800
5601
5206
1621
4852
4905
1786
5501
6056
3457
7710
8821
6796
1641
3362
1965
7456
9841
9126
5317
8420
8441
5386
9261
72
7825
2526
4181
2796
8377
930
461
6976
481
982
8485
2996
4521
3066
8637
1240
881
7566
1301
2092
9945
4866
6861
5936
2097
5350
5701
3156
7721
9402
8205
4136
7201
7406
4757
9260
921
9746
5741
8912
9265
6806
1541
3476
2617
8970
2541
3336
1361
6622
9125
8876
5881
146
1677
480
6561
9926
581
8532
3785
6346
6221
3416
7937
9790
8981
5516
9401
642
9245
5216
8561
9286
7397
2900
5801
6106
3821
8952
1505
1486
8901
3756
6057
5810
3021
7696
9841
9462
6565
1156
3241
2826
9917
4520
6641
6286
3461
8172
425
226
7581
2496
4977
5030
2661
7876
681
1082
9085
4696
7921
8766
7237
3340
7081
8466
7501
4192
8545
566
261
7636
2697
5450
5901
4056
9921
3502
4805
3836
601
5106
7357
7360
5121
646
3941
5012
3865
506
4941
7176
7217
5070
741
4236
5561
4722
1725
6576
9281
9846
8277
4580
8761
826
781
8632
4385
8046
9621
9116
6537
1890
5181
6416
5601
2742
7845
916
1961
986
7997
3000
6001
7006
6021
3052
8105
1186
2301
1456
8657
3910
7221
8596
8041
5562
1165
4856
6641
6526
4517
620
4841
7186
7661
6272
3025
7926
981
2196
1577
9130
4861
8776
881
1182
9685
6396
1321
4466
5837
5440
3281
9366
3701
6292
7145
6266
3661
9336
3297
5550
6101
4956
2121
7602
1405
3536
4001
2806
9957
5460
9321
1546
2141
1112
8465
4206
8341
876
1817
1170
8941
5136
9761
2822
4325
4276
2681
9546
4877
8680
961
1726
981
8732
4985
9746
3021
4816
5137
3990
1381
7316
1801
4842
6445
6616
5361
2686
8597
3100
6201
7906
8221
7152
4705
886
5701
9156
1257
2010
1421
9496
6241
1662
5765
8556
41
226
9117
6720
3041
8086
1861
4372
5625
5626
4381
1896
8177
3230
7061
9676
1081
1282
285
8096
4721
166
4437
7540
9481
266
9901
8392
5745
1966
7061
1036
3897
5650
6301
5856
4321
1702
8005
3236
7401
506
2557
3560
3521
2446
341
7212
3065
7906
1741
4576
6417
7270
7141
6036
3961
922
6925
1976
6081
9246
1477
2780
3161
2626
1181
8832
5585
1446
6421
516
3737
6090
7581
8216
8001
6942
5045
2316
8761
4386
9197
3200
6401
8806
421
1252
1305
586
9101
6856
3857
110
5621
396
4441
7762
365
2256
3441
3926
3717
2820
1241
8986
6061
2472
8225
3326
7781
1596
4777
7330
9261
576
1281
1382
885
9796
8121
5866
3037
9640
5681
1166
6101
492
4345
7666
461
2736
4497
5750
6501
6756
6521
5802
4605
2936
801
8206
5157
1660
7721
3346
8541
3312
7665
1606
5141
8276
1017
3370
5341
6936
8161
9022
9525
9676
9481
8946
8077
6880
5361
3526
1381
8932
6185
3146
9821
6216
2337
8190
3781
9116
4201
9042
3645
8016
2161
6086
9797
3300
6601
9706
2621
5352
7905
286
2501
4556
6457
8210
9821
1296
2641
3862
4965
5956
6841
7626
8317
8920
9441
9886
261
572
825
1026
1181
1296
1377
1430
1461
1476
1481
1482
1485
1496
1521
1566
1637
1740
1881
2066
2301
2592
2945
3366
3861
4436
5097
5850
6701
7656
8721
9902
1205
2636
4201
5906
7757
9760
1921
4246
6741
9412
2265
5306
8541
1976
5617
9470
3541
7836
2361
7122
2125
7376
2881
8646
4677
980
7561
4426
1581
9032
6785
4846
3221
1916
937
290
9981
16
401
1142
2245
3716
5561
7786
397
3400
6801
606
4821
9452
4505
9986
5901
2256
9057
6310
4021
2196
841
9962
9565
9656
241
1326
2917
5020
7641
786
4461
8672
3425
8726
4581
996
7977
5530
3661
2376
1681
1582
2085
3196
4921
7266
237
3840
8081
2966
8501
4692
1545
9066
7261
6136
5697
5950
6901
8556
921
4002
7805
2336
7601
3606
357
7860
6121
5146
4941
5512
6865
9006
1941
5676
217
5570
1741
8736
6561
5222
4725
5076
6281
8346
1277
5080
9761
5326
1781
9132
7385
6546
6621
7616
9537
2390
6181
916
6601
3242
845
9416
8961
9486
997
3500
7001
1506
7021
3552
1105
9686
9301
9956
1657
4410
8221
3096
9041
6062
4165
3356
3641
5026
7517
1120
5841
1686
8661
6772
6025
6426
7981
696
4577
9630
5861
3276
1881
1682
2685
4896
8321
2966
8837
5940
4281
3866
4701
6792
145
4766
661
7836
6297
6050
7101
9456
3121
8102
4405
2036
1001
1306
2957
5960
321
6046
3141
1612
1465
2706
5341
9376
4817
1670
9941
9636
761
3322
7325
2776
9681
8046
7877
9180
1961
6226
1981
9232
7985
8246
21
3316
8137
4490
2381
1816
2801
5342
9445
5116
2361
1186
1597
3600
7201
2406
9221
7652
7705
9386
2701
7656
4257
2510
2421
3996
7241
2162
8765
7056
7041
8726
2117
7220
4041
2586
2861
4872
8625
4126
1381
396
1177
3730
8061
4176
2081
1782
3285
6596
1721
8666
7437
8040
481
4766
901
8892
8745
466
4061
9536
6897
6150
7301
356
5321
2202
1005
1736
4401
9006
5557
4060
4521
6946
1341
7712
6065
6406
8741
3076
9417
7770
8141
536
4961
1422
9925
476
3081
7746
4477
3280
4161
7126
2181
9332
8585
9946
3421
9016
6737
6590
8581
2716
9001
7442
8045
816
5761
2886
2197
3700
7401
3306
1421
1752
4305
9086
6101
5356
6857
610
6621
4896
5441
8262
3365
756
441
2426
6717
3320
2241
3486
7061
2972
1225
1826
4781
96
7777
7830
261
5076
2281
1882
3885
8296
5121
4366
6037
140
6681
5666
7101
992
7345
6166
7461
1236
7497
6250
7501
1256
7521
6302
7605
1436
7801
6706
8157
2160
8721
7846
9541
3812
665
106
2141
6776
4017
3870
6341
1436
9161
9522
2525
8176
6481
7446
1077
7380
6361
8026
2381
9432
9185
1646
6821
4716
5337
8690
4781
3616
5201
9542
6645
6516
9161
4586
2797
3800
7601
4206
3621
5852
905
8786
9501
3056
9457
8710
821
5796
3641
4362
7965
4456
3841
6126
1317
9420
441
4386
1261
1072
3825
9526
8181
9796
4377
1930
2461
5976
2481
1982
4485
9996
8521
66
4637
2240
2881
6566
3301
3092
5945
1866
861
2936
8097
6350
7701
2156
9721
402
4205
1136
1201
4406
757
260
2921
8746
7741
9912
5265
3806
5541
476
8617
9970
4541
2336
3361
7622
5125
5876
9881
7146
7677
1480
8561
8926
2581
9532
9785
3346
221
416
3937
790
981
4516
1401
1642
5245
2216
2561
6286
3397
3900
7801
5106
5821
9952
7505
8486
2901
756
2057
6810
5021
6696
1841
462
2565
8156
7241
9826
5917
5520
8641
5286
5461
9172
6425
7226
1581
9496
977
6030
4661
6876
2681
2082
5085
1696
1921
5766
3237
4340
9081
7466
9501
5192
4545
7566
4261
4636
8697
6450
7901
3056
1921
4502
805
836
4601
2106
3357
8360
7121
9646
5941
6012
9865
7506
8941
4176
3217
6070
2741
3236
7561
5722
7725
3576
3281
6846
4277
5580
761
9826
2781
9632
385
5046
3621
6116
2537
2890
7181
5416
7601
3742
3845
7916
5961
7986
3997
4000
8001
6006
8021
4052
4105
8186
6301
8456
4657
4910
9221
7596
41
6562
7165
1856
641
3526
517
1620
6841
6186
9661
7272
9025
4926
4981
9196
7577
130
6861
7776
2881
2182
5685
3396
5321
1466
1837
6440
5281
8366
5701
7292
3145
3266
7661
6336
9297
6550
8101
3956
4121
8602
7405
536
8001
9806
5957
6460
1321
546
4141
2112
4465
1206
2341
7876
7817
2170
941
4136
1761
3822
325
1276
6681
6546
877
9680
2961
726
2981
9732
985
6746
7021
1816
1137
4990
3381
6316
3801
5842
2445
3616
9361
9686
4597
4100
8201
6906
221
8152
705
7886
9701
6156
7257
3010
3421
8496
8241
2662
1765
5556
4041
7226
5117
7720
5041
7086
3861
5372
1625
2626
8381
8896
4177
4230
9061
8676
3081
2282
6285
5096
8721
7166
437
8540
1481
9266
1901
9392
1745
8966
1061
8036
9897
6650
8301
4856
6321
2702
4005
236
1401
7506
8557
4560
5521
1446
2341
8212
9065
4906
5741
1576
2417
8270
9141
5036
5961
1922
2925
8976
81
6246
7477
3780
5161
1626
3181
9832
1585
8446
421
7516
9737
7090
9581
7216
1
7942
1045
9316
2761
1386
5197
4200
8401
7806
2421
2252
7305
7586
3101
3856
9857
1110
7621
9396
6441
8762
6365
9256
7441
926
9717
3820
3241
7986
8061
3472
4225
326
1781
8596
777
8330
1261
9576
3281
2382
6885
6796
2121
2866
9037
640
7681
166
8101
1492
345
4666
4461
9736
497
6750
8501
5756
8521
6802
605
9936
4801
5206
1157
2660
9721
2346
541
4312
3665
8606
9141
5276
7017
4370
7341
5936
161
22
5525
6676
3481
5946
4077
7880
7361
2526
3381
9932
2185
146
3821
3216
8337
9190
5781
8116
6201
42
9645
5016
6161
3086
5797
4300
8601
8706
4621
6352
3905
7286
6501
1556
2457
9210
1821
296
4641
4862
965
2956
841
4626
4317
9920
1441
8886
2261
1572
6825
8026
5181
8296
7377
2430
3461
476
3481
2482
7485
8496
5521
8566
7637
2740
3881
1066
4301
3592
8945
366
7861
1436
1097
6850
8701
6656
721
902
7205
9636
8201
2906
3757
760
3921
3246
8741
412
8265
2306
2541
8976
1617
470
5541
6836
4361
8122
8125
4376
6881
5646
677
1980
9561
3426
3581
32
2785
1846
7221
8916
6937
1290
1981
9016
2401
2142
8245
716
9561
4786
6397
4400
8801
9606
6821
452
505
6986
9901
9256
5057
7310
6021
1196
2841
962
5565
6656
4241
8326
8917
6020
9641
9786
6461
9672
9425
5726
8581
7996
3977
6530
5661
1376
3681
2582
8085
196
8921
4266
6237
4840
81
1966
501
5692
7545
6066
1261
3136
1697
6950
8901
7556
2921
5002
3805
9336
1601
606
6357
8860
8121
4146
6941
6512
2865
6006
5941
2676
6217
6570
3741
7736
8561
6222
725
2076
281
5346
7277
6080
1761
4326
3781
132
3385
3546
621
4616
5537
3390
8181
9916
8601
4242
6845
6416
2961
6486
6997
4500
9001
506
9021
4552
7105
6686
3301
6956
7657
5410
221
2096
1041
7062
165
356
7641
2026
3517
2120
7841
686
661
7772
2025
3426
1981
7696
577
630
7861
2276
3881
2682
8685
1896
2321
9966
4837
6940
6281
2866
6701
7792
6145
1766
4661
4836
2297
7050
9101
8456
5121
9102
405
9036
5001
8306
8957
6960
2321
5046
5141
2612
7465
9706
9341
6376
817
2670
1941
8636
2761
4322
3325
9776
3681
5046
3877
180
3961
5226
3981
232
3985
5246
4021
316
4137
5490
4381
816
4801
6342
5445
2116
6361
8186
7597
4600
9201
1406
1221
8652
3705
6386
6701
4656
257
3510
4421
2996
9241
3162
4765
4056
1041
5726
8117
8220
6041
1586
4861
5872
4625
1126
5381
7396
7177
4730
61
3176
4081
2782
9285
3596
5721
5666
3437
9040
2481
3766
2901
9892
4745
7466
8061
6536
2897
7150
9301
9356
7321
3202
7005
8736
8401
6006
1557
5060
6521
5946
3341
8712
2065
3406
2741
76
5417
8770
141
9536
6961
2422
5925
7476
7081
4746
477
4280
6161
6126
4181
332
4585
6946
7421
6016
2737
7590
581
1716
1001
8442
4045
7816
9761
9886
8197
4700
9401
2306
3421
2752
305
6086
101
2356
2857
1610
8621
3896
7441
9262
9365
7756
4441
9426
2717
4320
4241
2486
9061
3972
7225
8826
8781
7096
3777
8830
2261
4076
4281
2882
9885
5296
9121
1366
2037
1140
8681
4666
9101
1992
3345
3166
1461
8236
3497
7250
9501
256
9521
7302
3605
8436
1801
3706
4157
3160
721
6846
1541
4812
6665
7106
6141
3776
17
4870
8341
436
1161
522
8525
5176
481
4446
7077
8380
8361
7026
4381
432
5185
8646
821
1716
1337
9690
6781
2616
7201
542
2645
3516
3161
1586
8797
4800
9601
3206
5621
6852
6905
5786
3501
56
5457
9710
2821
4796
5641
5362
3965
1456
7841
3126
7317
420
2441
3386
3261
2072
9825
6526
2181
6796
377
2930
4461
4976
4481
2982
485
6996
2521
7066
637
3240
4881
5566
5301
4092
1945
8866
4861
9936
4097
7350
9701
1156
1721
1402
205
8136
5201
1406
6757
1260
4921
7746
9741
912
1265
806
9541
7476
4617
970
6541
1336
5361
8622
1125
2876
3881
4146
3677
2480
561
7926
4581
532
5785
346
4221
7416
9937
1790
2981
3516
3401
2642
1245
9216
6561
3286
9397
4900
9801
4106
7821
952
3505
5486
6901
7756
8057
7810
7021
5696
3841
1462
8565
5156
1241
6826
1917
6520
641
4286
7461
172
2425
4226
5581
6496
6977
7030
6661
5876
4681
3082
1085
8696
5921
2766
9237
5340
1081
6466
1501
6192
545
4566
8261
1636
4697
7450
9901
2056
3921
5502
6805
7836
8601
9106
9357
9360
9121
8646
7941
7012
5865
4506
2941
1176
9217
7070
4741
2236
9561
6722
3725
576
7281
3846
277
6580
2761
8826
4781
632
6385
2046
7621
3116
8537
3890
9181
4416
9601
4742
9845
4916
9961
4986
9997