3758
-7380
4024
-872
6966
3030
-5285
21
8720
3196
-1457
7328
-5848
1906
3112
-3170
-6509
-8956
-6504
-2837
-6811
3035
-8186
7748
-4177
7039
-8248
-452
7206
6269
-4730
-9115
6073
-3611
7726
-974
-9730
5993
4986
5871
-6144
-451
9192
-8364
6135
6262
-1773
-3005
-2884
-8368
-1850
-4813
5152
-2894
9706
-9958
6492
5067
1647
-3501
4756
629
-239
6959
7885
1288
-2843
-2460
4310
7281
7732
-6554
43
-4694
-6714
6436
-3543
-1308
-4510
-8129
1080
3271
5109
2924
-6032
7600
-5494
-9879
5295
-5624
-4875
8066
-3830
4847
-2750
-3012
3924
-1351
9065
-6801
8896
7522
-2133
-7749
-5626
1970
5218
-1537
9037
-5034
-4664
4660
7028
2525
-9482
3975
-824
-9334
7814
-2825
-5926
6546
-1752
-9893
-9139
9209
-4613
-1380
4069
-2565
-8118
-3391
817
-2302
-3224
3921
360
4640
498
-3886
-1658
2315
-4932
-9740
4720
7757
-1967
655
0
-3805
6122
7872
9859
-4677
-6266
-3861
5099
6097
1056
-3048
5374
2156
-8647
580
-2430
8778
6309
3353
5855
-9451
-8975
-5095
8897
-7242
-938
-7217
6230
-961
6529
-9741
9870
-8665
4910
-1639
-7446
-8181
977
541
-4912
1118
5003
8897
-4853
2489
115
-692
6862
6559
-6313
-7760
-8002
-9274
9477
8882
-2761
-3419
8672
6714
3506
175
-4566
4990
-1294
2275
2320
6927
2031
-2072
9617
7488
-2175
-408
-2492
-5394
3442
701
6762
6013
-9026
-3015
922
-5738
-382
29
4599
-2406
6504
6854
-5914
845
6081
6933
-1311
-2905
-8405
-1353
7243
-1911
7908
-2475
9046
3996
-2150
2130
-3037
5782
-7703
2810
3054
-8491
3833
-91
2399
-9958
8973
816
-6996
-183
9037
-9433
-4329
-3520
-906
3212
4069
90
10
-2555
-392
-6594
2379
-4763
7043
-9570
-865
-600
5447
-6493
-109
3250
1095
4673
-5958
3916
-8033
-4108
-5815
335
-2587
-3195
7801
-8152
7204
-4864
2893
2374
-9286
1111
-4706
2342
3255
-923
-1246
867
-2800
6518
-2242
5980
6101
3332
2203
6822
-4123
2070
4801
-4893
-7584
-2041
-8315
3684
5542
4189
1159
-1943
-7093
6402
-3060
-2132
7075
9162
-9172
3551
-2250
2935
6021
9775
332
-8345
-3184
1529
-2525
7160
4428
165
1191
-3414
-3672
-4196
4796
-7680
-1810
-261
-2732
4948
-2367
-476
3137
3082
-2539
852
143
-3516
3962
6442
1087
-5542
1799
-9205
2918
-6183
-1460
9572
-5749
2856
-3309
8710
-3441
-8868
-7635
9259
-411
-2700
-3241
-3968
-2745
-4932
2510
-9024
-4121
-5684
7304
8760
5041
-9841
9792
-9993
2393
-183
6539
3895
931
1287
-8939
-8683
2324
-5694
-683
-9908
7163
-5416
5494
-5789
-5183
-3457
6039
-9253
-6513
939
9946
8837
-4837
-389
-7399
-8558
-2200
-3132
-7947
2650
8684
-2981
190
-1092
9056
232
-6965
-398
2959
7826
-7033
-3464
-1149
8665
3634
847
-2768
6567
-6790
2550
-9900
7687
8773
-445
7798
4163
-9628
-6161
-9861
9592
-8466
7831
4401
-4164
8214
2506
2896
-1899
5901
-1054
-6946
1379
-1277
-3663
-893
678
-4456
5224
-6291
2430
-4886
-4909
6420
-7070
4653
9478
-4543
-6017
714
-6405
8514
7248
-2761
-893
1635
4505
6257
2701
-2447
-5408
8081
-6514
7888
301
-3129
2658
-9605
4767
2833
-7947
-1290
4385
-6589
-3908
-5328
5123
367
2262
7066
7412
4878
7674
-1073
-7478
839
2802
-6234
-6463
-7887
4021
-1252
-8921
9925
2672
-3529
-1110
1283
7961
4671
1448
5793
7932
-5911
4021
-191
-7741
-4122
4037
-6110
-2824
-1539
-9682
929
4859
6415
1817
-7647
7959
-4336
6944
-3782
4940
2302
-2675
-9247
-9152
6068
1345
2375
8414
4448
8449
7690
-1018
-7994
9020
8408
419
-6084
-2231
2456
6377
-6058
1711
3707
-6791
-6918
1522
-3593
-2590
25
6510
3493
302
708
1994
-2862
-6207
-1429
3630
1240
-2441
-8130
-3621
7442
-6090
-6353
7671
8692
-516
5093
4489
-5813
-6632
-291
-777
1400
9744
-1441
8882
1185
-3191
-1366
7237
936
-8123
4709
-1525
-4475
7106
6039
7499
3207
-7921
-5255
2124
-8219
9899
7288
-97
-383
-7743
6271
-3947
4183
-28
6650
-6180
-3669
-8774
-4287
2751
-4126
-3966
5134
-5312
-3403
-7546
-938
-2082
5313
1423
9106
6109
-1333
4543
1330
-9750
1556
-158
2227
6759
386
-7356
1358
-6292
-6962
-6079
8931
1432
-214
7000
-8816
6880
-4837
-2434
-7429
-3216
-9513
-247
9407
9829
8972
-4845
-3939
-1756
9056
2588
3283
9019
6477
8025
-2607
-5711
-9208
-8561
-3420
-3019
9227
3617
-9780
8984
-903
9015
9064
4370
-9162
5907
-5740
-8006
7436
8180
-1628
7163
-7770
-6259
6526
-4103
-3342
-5068
-4580
-6592
4153
-9898
9529
-9203
9498
-5538
3317
-6649
6762
-1753
7636
-7325
911
-3355
4573
-5936
-2839
85
-1502
-3995
-4221
1270
9238
2251
-9673
-508
2496
-2534
847
-3373
2443
2753
-4869
2432
1962
-5374
-7315
8488
6171
-4071
-415
8670
-3805
651
-2727
7234
9821
-2931
7920
1307
1878
-1502
-2286
-2051
3083
-11
2405
-4999
4251
6375
-1307
-6880
3546
-3244
9523
5324
-8652
615
8097
-3568
1694
540
8775
-3748
-382
-5981
-4353
8459
-4643
-9576
5188
-1065
9058
-5228
-4787
-4772
-9021
7233
-2936
-7042
6298
-9460
4403
-4640
1511
-9346
-4869
8197
-3542
-4757
-315
8820
814
4898
9483
2170
-9126
-328
2669
6393
-2351
-3869
754
6203
-5433
912
4900
7161
6436
-8043
9584
8237
-7743
5824
999
2452
-446
-6865
-7072
-8900
-4171
-8875
5171
233
-4614
-508
-2615
4751
6220
-5760
-5702
-4558
2094
3451
-8670
-7798
-6662
6137
-9524
3525
-98
1385
-909
2882
2803
4288
-3308
9699
3910
7285
2597
-7512
-6938
6056
7604
3196
-5854
3641
1043
-456
-9314
2539
-6799
-6596
7871
9528
4965
-5043
8935
-4369
-8895
2966
4595
2362
6433
-6607
1054
-3513
-3892
7600
-3499
2114
-6712
1384
8612
2178
-6657
1279
-9166
9154
-6809
-7424
-8337
6898
8833
208
-5845
3600
8678
-1983
-1327
-8575
-1299
-8448
-49
-7939
6326
-9296
-8139
8804
3913
-6061
7614
-8939
-4552
-4787
-4672
3488
1950
-9740
-6573
-8806
9620
9324
-1850
3816
3058
-3205
-4202
-2496
-1365
8624
9075
-3443
-5183
-1694
-3624
-8428
1846
-7492
-9136
-5853
-546
-4211
8883
-7241
1228
5157
6062
6893
-326
-9125
291
-2279
-2762
-3617
-3942
-3895
-5741
-5173
-6538
3279
2153
-6019
-8798
5892
9026
9212
8315
-7994
4408
-5900
8798
-3352
-8205
-3509
-9668
3228
6936
704
-3170
6195
1374
-5723
3719
438
2247
6344
8308
5707
3327
4617
1412
-8092
158
-1888
3362
8548
-7092
4692
-584
-8357
2095
-2716
8449
1690
-8863
-8291
5183
-5316
5052
9337
-1793
-3410
-9628
6459
8863
-9695
7381
7560
3309
-4482
1979
-53
8541
7104
1786
-9322
8215
7771
4614
4142
-1399
-3283
5877
-1980
938
2699
-2151
-9714
-47
-1540
6767
112
-1285
1950
6472
-3068
-3825
2604
-3925
-5289
-3115
4083
-8236
-9686
-3813
-458
4419
7689
-131
-3534
-3382
-8784
8607
5714
-6707
7639
-2582
972
-3643
3970
-6063
-835
3458
9619
-8855
3364
-592
3971
-8673
-9102
8747
2763
-7364
-1909
8737
3011
2574
7868
2055
-3841
9308
-8363
-362
4806
9917
7883
-647
-3530
-3317
7236
6918
-9610
540
1841
-4502
7891
4684
3768
1412
2131
2462
4708
7317
214
-8553
1090
6490
7905
-8395
-566
-2602
-3824
-7908
5489
7921
1238
778
-7360
2120
-6427
-742
-7618
3790
8131
2495
7624
-8299
7699
-9206
290
-7842
9898
-5430
1298
-4780
-5444
-7373
-6678
8150
-2839
2219
-2592
5707
-2412
8944
3802
5016
8522
4663
4720
-8437
-1802
1411
-5328
-9152
4729
-3942
9097
-7996
-3949
8910
192
5942
-5594
-9187
8809
-3721
-7938
-4118
-3596
1079
-1266
-9547
4814
-4219
8756
-7319
9507
-1064
2948
-1198
7812
-1027
2096
5383
59
-743
2013
5747
4927
-2992
4231
-9309
-605
-3181
9036
4100
-2600
7172
-7793
343
9904
3231
3047
-3956
8415
-8528
-9313
9252
3429
2341
186
3280
1239
-8395
1231
2274
9643
167
184
-3648
-2752
-8149
5615
4007
2238
-3488
5018
9721
2616
-733
6457
3180
-316
-5687
-5249
-2220
2903
969
4797
-2160
-1001
8427
7231
-2336
7960
-9243
768
-812
2486
5907
-7785
-7490
-8007
-8773
-1533
8711
8633
-2053
-8901
-6915
-4134
-6081
-3378
3148
4974
4157
6379
-1085
19
7148
-7766
3047
-6191
-8778
-1608
-1922
7473
261
-4143
-2423
-3168
-1321
1799
-4964
-631
-9345
-8078
232
-5206
-5681
9149
5096
-4707
4996
-8945
4490
323
812
-4488
-5098
-5099
9907
-9724
4524
5532
7792
4548
-240
4965
3327
2799
-2497
683
3652
-6974
-8195
6361
30
7179
5514
-4834
-566
-8913
-893
5777
-3562
3739
8885
-105
3156
9041
6245
8378
62
5788
985
-4628
-3960
6737
5925
-2730
7786
5002
6493
8559
-2481
-7127
4897
8696
3559
-8764
-2662
-2553
7443
-7480
-2063
-720
-3350
2289
-7256
9975
1727
-6848
-8121
-6214
9517
-9086
-5933
-5019
-5533
-9497
3
9571
5081
-4543
-6900
-5210
5117
4585
-7566
2739
-1978
-8543
224
6892
2788
-7719
-9252
1018
1897
4758
-712
-4588
-7002
5628
7705
-6957
9401
8677
3747
312
-6171
8365
-2395
4792
-5721
3055
8238
-1536
736
8036
9012
-853
-276
6721
1308
-691
4973
5707
-896
-860
9470
-6200
9365
-940
-5069
-5473
-6554
7763
-5158
9512
-9613
3648
-6115
4316
9819
3211
-6253
-6043
-2240
-2468
1438
-7237
5688
6760
-3467
4951
5061
9876
-6026
-3306
3415
-5316
3149
9522
-9353
1317
7029
-6315
9184
671
2164
-6544
-9392
6242
3997
512
219
981
-4245
-4604
-4970
-6996
-6532
-8638
-1969
1497
-4313
9337
-1621
-8186
-5170
331
-7114
6064
9242
-7862
2680
-6403
-3948
2126
-4838
6764
9680
6435
-1825
-9757
201
1265
7623
-2672
-6014
2259
1570
3448
-8313
-1449
-4658
5760
7880
7943
-621
3930
3320
-5134
-2363
-5038
-5671
-7487
-4915
4052
332
7134
7122
-7236
-3909
2467
3757
-2701
-5847
-9254
4434
2527
5109
2755
-6572
-2694
8049
-4986
5159
8097
-8615
604
-674
-3256
1194
6454
7772
5981
-2597
702
8399
4010
7652
-3390
-6814
-5757
-726
9150
5897
6636
-4610
-1052
-658
-6136
-1650
985
-1455
258
-5876
-9652
-6486
9744
-5143
834
-8627
5059
-1056
6522
8405
-8096
2173
131
-5512
632
5242
3654
8522
-1228
3448
-8420
7736
2395
5757
-3994
5077
8439
-5532
1114
4638
-1441
-9846
-2003
2824
9838
4311
-6810
6007
1670
178
-9260
-1233
4848
-539
438
-1839
8732
228
-4934
-8411
-9944
7038
-9313
2012
-3061
-2209
6349
-8424
5288
1826
-4897
-3076
-210
120
5972
-9075
-874
5327
2829
5631
-3888
-9442
7752
-3036
3294
-9794
5405
-8650
-7891
-5289
-7874
-9873
-5265
703
-6796
5617
2393
-7106
114
4070
5113
-9940
-7883
-9592
-280
-4153
7192
-1321
4843
7814
-793
-5854
2604
-2156
-6317
8887
2866
-8524
1839
6692
4556
-7443
-1209
1145
-6633
2249
-98
-621
1785
-8879
3248
5617
-1409
-9820
-7570
3112
5108
941
-1516
-5582
-73
6036
5937
1748
-7319
3748
730
8528
-1110
5261
-5413
1985
-4696
2826
9604
2580
-2718
-2475
5921
-343
6343
9704
9762
-492
-7752
-6721
6080
7896
-9149
7894
-2003
3313
-9127
-8545
1890
-4373
-4215
-8612
-3323
1541
5512
5794
5715
862
7667
5746
817
-2174
-136
-9352
-900
-2219
2695
3516
6607
-1404
1638
-914
-4987
839
-7197
1847
2897
4787
-2364
6910
-8656
-8878
4999
5937
8912
-5327
6174
-844
-3098
9585
1888
-8880
4746
4181
2506
891
1077
764
9835
4286
-1102
9180
-9215
9370
-838
-9142
-927
-8757
7638
3580
-6657
1030
-948
-3849
5263
3614
-6104
1360
-293
-1915
2636
3472
-2787
6663
-2161
8822
8287
8486
-1833
679
9985
8567
-2608
8557
9012
-4852
-5041
7363
2207
7314
192
1766
2967
1242
-546
2470
6301
3525
4913
2368
803
-6983
-4543
-1399
370
-1559
-2265
-8447
3683
-4324
9864
8726
4031
4932
9897
4298
-5025
7585
-1129
9380
3922
7896
9309
5722
-5266
-561
-2183
5336
-4949
5438
-676
-1046
615
-5477
1595
-6106
-1417
5353
3292
598
-8495
2081
4469
-1637
9872
6130
-3932
6253
3590
4838
-4560
2387
-813
-4534
-1497
-6779
-6660
-2274
3221
-6488
5995
1446
5993
9874
7157
5287
5374
-2711
8548
7089
-4110
-7215
-9529
-8791
5963
-4802
420
1223
-878
-1232
-4268
-7913
1745
9215
-7346
-1084
1603
-6073
7753
-9603
4376
1820
3022
-4424
277
-1509
-1666
2778
4475
7086
-4576
9556
3812
4432
-2811
-1438
9610
-3223
6112
921
3067
5510
-4754
-7250
4310
-3299
8512
-4708
-9729
6228
2282
-7098
-1670
-2594
9717
-8475
8610
-4051
-1739
948
8741
-7525
4791
8865
810
8517
-5973
8730
6595
-8170
-2296
4686
-3219
4231
-6446
4915
6519
-2430
4584
-7494
3097
1984
-4832
683
-9916
-7066
1847
7643
8347
-9175
-3162
894
81
5807
-7843
8626
6161
-442
6005
-8548
-7121
-6625
6485
4945
4783
-4336
-8027
-5206
-241
670
3708
-2186
-3362
-6949
7975
-8114
-8178
6647
6549
9827
-1916
-2803
2427
-452
-2697
-3152
7299
-1281
-1709
-1160
5518
-4987
-282
-5943
-3605
-7085
3664
6938
-7117
3685
6257
-1284
4978
-4673
-520
-7236
-297
-3223
9074
-9912
837
-5661
-2454
-9304
8675
4480
9214
7498
-242
8386
4345
-4881
-7885
9437
-1716
-9648
3957
5707
-9053
-5386
2223
-6093
-2985
-5328
7953
-1356
3267
-30
9707
3249
6994
7578
-3663
374
-5623
2310
-3544
6472
-1059
-3791
9740
-9401
-1663
-7880
-3212
-9624
7226
3100
98
-3561
4301
926
-4727
-3214
9067
9211
-8432
6183
-4359
2584
4316
7182
6466
2009
6798
-7090
-4380
5126
3818
-9782
-4013
5363
-8221
-5765
-8998
-6852
-8131
-3425
-423
-3027
3336
2771
5292
4055
-3723
-8212
-2427
-409
-6674
4053
-8309
6635
-7560
1012
-6625
7418
9812
-6881
-2243
-2921
-2945
-2049
-7671
7257
-629
3898
5226
1709
-7622
-2218
-9962
7579
-3838
-3072
1863
-2698
3486
-994
-7264
-2345
7350
-6069
-625
-3027
3290
-8623
-5128
9521
3766
-2820
-4095
-3776
-4110
3436
7132
3993
7230
-3221
5864
-3978
2477
6073
8946
2161
-6434
-2495
6818
3526
-5588
-8523
7480
-6027
4999
-8810
-2019
-9756
8143
8849
-4755
9594
4339
3398
-4008
-2435
-3466
5157
-4672
-8395
9679
4408
-6922
-101
2723
9743
-8643
-3435
4822
-8766
-1093
-2898
6695
-7428
7460
2177
3901
3200
-3870
5510
-1642
8197
5006
-7530
-9021
-212
7164
1780
-4162
-1846
-7678
3828
5633
-6140
2736
2803
-8186
5453
7986
7719
3365
-8229
9601
7873
8873
7025
9791
8416
6975
-453
-5361
317
-4568
8453
9213
-1515
-2974
-5805
836
5584
-3466
-6039
-3542
1311
747
6296
-4747
4969
-1676
-6489
-37
99
7362
-4780
-3481
-8726
2918
-3656
2917
4158
-1335
5030
-5562
-5865
-6783
6591
-727
3409
-5962
6596
7744
5713
2561
6094
-3507
-9298
-2476
5757
3309
-7366
5750
-2717
-2512
6263
-3858
-1683
-5085
389
7438
-3380
6468
8714
5365
-967
-3460
5498
-61
-2897
930
2773
-4004
8417
1183
-4227
2001
-3380
-9114
-9639
5742
-5390
-3542
9669
-9753
360
-809
7848
3102
2174
3198
-492
3323
-1360
7016
-6061
-7369
-8505
-8405
-5889
-1020
1175
3686
656
1488
-2205
-8225
6722
-1727
6958
-4762
6252
8238
929
4876
-1252
2227
5390
3461
1814
-1507
1464
-6957
-1263
-6993
-9299
-1400
-7037
-63
-2237
-8938
9615
1281
777
9908
2010
-2064
-4980
6054
-5958
9437
7239
-4722
1353
4922
8355
-8992
-59
-7174
2059
-9159
1856
3451
-1805
2634
5122
-5501
2591
1952
-2315
5813
-8257
4615
5624
-7544
927
-8734
5091
5401
373
2290
8204
6318
-2619
-6194
-2409
3795
-469
8556
-8699
-4338
6786
9762
-7801
-5705
2948
5198
634
-9825
8216
854
4226
-3417
-5472
-7421
-4630
6217
-7622
2226
-5348
7050
4595
6571
3449
8401
-6876
8980
3458
-9467
4412
4409
-8379
4732
9777
-8146
-514
9558
-5414
5111
8439
-5869
-8212
6475
4122
8049
-4762
1676
-9869
-883
7859
-7091
-7282
-3016
3026
-3573
9072
1226
-9484
4928
9972
909
-6024
8103
-6588
-6219
5872
3548
-6528
-8212
2926
3647
5143
213
5924
-8048
7335
3393
-1489
6702
-2094
-1447
9198
-9353
-4812
2851
-4569
4081
8572
-4688
1659
-8355
266
3003
1241
-9216
7730
-1115
-5833
8729
-4762
6979
3832
7180
-7626
-3203
6521
6525
6757
7860
-7334
2658
6266
-4221
-9027
9471
-965
3188
-5585
3772
1421
-2703
-2349
650
-3255
-1529
-6684
-1667
9339
5672
7045
-8384
-4674
6086
-4722
-376
-1138
8629
-1391
-6200
-4345
-7655
2569
7558
-3789
-9635
6912
2983
184
-5799
716
3801
664
9282
5459
5749
2798
5196
7900
5154
-775
77
9458
-8869
-6005
-7364
9654
1691
9113
3459
1934
-4145
-3725
4115
-4496
-2134
5673
-926
1936
3110
-852
1075
-9820
6669
6017
2190
-4120
-7232
-9396
-6085
6927
2811
1219
-6059
7856
1492
812
-9722
-6913
8734
-2806
2919
-7377
-3574
-5978
4791
-5151
4761
7196
-5677
3453
1936
-7787
-9793
-5994
-6753
3702
-5174
8339
-2399
519
-2314
3635
-3827
-3500
3437
3360
1295
9840
7552
334
9553
-6168
-9962
2309
-6712
9011
-3762
8819
-9063
5120
-5104
-6955
-519
1954
9038
4177
-7662
3364
9889
-2101
3577
9630
8584
-3283
2173
-8904
-4592
-387
-1783
7752
4066
2538
-1818
4321
5234
812
-965
6173
-2470
-4839
-1086
3168
-2824
8047
5000
-4405
4332
-8191
5112
-7653
5334
7034
6918
7888
2591
-9895
-5156
-3382
6953
-2164
9094
-3019
-1273
2786
5196
-3516
-6178
4197
-2664
-880
-5719
7375
-1317
7189
-3711
5429
-8216
486
-7091
4545
-7495
-8865
-252
3316
-5331
4218
-174
6281
8444
4051
6853
-958
-3542
-8393
-3874
-9279
-447
-4426
-3851
-9202
7038
6246
5920
-812
9145
-134
-6832
-9917
-7949
-7607
6691
2999
-435
3087
-9037
6266
-6102
-3524
-7053
9891
-329
6508
-4123
-3442
-8718
-2240
-6177
-3612
-4296
-2636
6785
-9045
7892
-8600
-5421
9476
1977
9440
7644
-4028
-7620
-3497
-8996
-1028
9749
-6752
1737
-8187
8332
-1034
-7939
1641
-6843
4949
2261
-3828
-7542
-6498
-5335
-6609
8392
6977
-4853
4693
1
-8338
8066
59
-4766
4234
-4856
2673
-76
-4008
-8146
8225
9308
8612
5098
-6657
6553
5063
6086
1311
-4380
5210
6382
-7774
9202
-6010
240
7673
5412
-8994
-2781
-6607
-4405
-4959
-7214
-4496
7853
-6172
9267
-9094
4741
-6315
7863
2695
8488
-9735
5186
-1451
-8615
-7388
-993
2256
3754
9387
-2501
-4090
9731
-9914
-5690
4616
9049
8838
-7552
-6122
508
9680
8902
2086
-6865
7922
6853
6583
9732
7968
8159
-5639
8425
-206
-2121
11
448
-6010
-3113
-782
3186
-5389
-9936
8927
7472
2324
3009
-8074
-9267
2000
7026
-4612
-2679
-5232
1148
-3483
-5804
-4532
-9184
-9401
-9504
9699
-2345
-4446
-3253
9120
-1340
4316
4220
-1308
-1188
-9850
-4551
-2090
-160
6406
-3860
-1035
-681
9165
-60
-1054
2855
-4554
7299
-1991
-3571
-2812
6356
-8395
4281
-1499
3932
2912
8327
2647
-4051
4966
4906
1808
2899
-5610
1685
4439
6277
-8367
-861
-952
-176
5871
8184
-3484
-6262
5652
1065
-5703
3558
-663
-6576
574
-8160
-1078
-3078
2422
-5592
-9537
-5697
-7700
1392
-7657
-7842
-4022
1348
-879
-9076
-5410
9994
-8346
-4733
4649
-1474
1617
9394
5964
-9087
9371
2085
-8276
-4288
-3873
-5170
3317
2206
6350
580
-7131
3261
-345
-2461
4182
4948
2760
-8490
4321
3130
3428
7619
1549
6986
-6818
-847
-8561
6523
-7955
-7041
-4978
-3405
-2425
5375
8001
-3785
-3586
-7806
8558
-442
-8732
-8052
4814
-62
-7669
8461
6875
-4327
6227
-234
8102
-228
-5193
-8972
4398
4870
900
-1856
-3708
548
7033
8625
-3653
-4907
-7834
4214
7684
7631
-9724
-771
-3266
2450
-107
-2638
-8257
3877
2554
-3148
6475
-822
1817
2752
-2210
3035
6272
3790
1940
-298
-5811
882
-4388
-5127
-4079
636
8295
9771
7100
-4138
1137
-5422
5426
2463
8798
-3158
-342
4298
-1892
-2660
-7172
775
5866
-1776
-5768
4889
6499
-9555
471
-9726
-8907
2164
5760
-7793
2063
9107
6074
5425
5172
-9997
6763
2557
-5798
7888
-3040
9954
6291
-9092
-5310
-9214
9851
8969
1459
-8990
-4873
137
9886
-9291
-9109
2681
-3882
-6951
-5957
2225
8151
2793
-1147
468
5878
5558
4981
6762
-55
1121
3371
-2906
-323
6081
-1695
9834
-4612
-5950
-5545
4326
-8431
-8017
-4072
-72
3138
-9251
-3748
-2899
-4781
-9705
7681
-9814
9365
-2147
5430
-8318
-3806
-1818
9523
-6325
-3590
-2125
7217
182
2820
1782
-171
-5664
-8671
5208
-3286
-466
6269
2364
565
-4407
-8358
4893
6702
-8710
7602
8699
-416
7179
1124
5343
8326
-8706
-1712
5908
-4606
9884
-5390
-8134
5953
-8833
0
-7425
-1487
3442
-6781
7582
-4648
-9570
2834
-1412
2296
2346
-5775
-5606
6772
-6956
-897
-9223
8999
-9583
7909
-2880
3357
-2033
-4950
-3351
-8423
7466
-4320
4079
4296
5272
7326
-9928
9959
-1989
-1243
-2727
-5139
-549
4936
8081
1432
-1237
-616
711
3445
8702
1806
4803
-7406
25
7910
-71
-5486
1765
-4724
-5519
-1012
4177
-726
5081
-7862
8561
-8515
-871
4022
-6903
-7323
6102
-2665
474
7603
4031
1433
3330
-6094
4996
-8748
1814
-5014
-448
8048
-5103
-7450
2250
-3930
-9559
795
-3217
3881
-8909
6678
-3172
-5869
-6565
-5802
7583
-6601
4940
1219
8150
-249
-9170
-3382
5864
-9507
-6694
-3586
3599
9838
6343
-1702
3230
652
-4328
3729
7850
-5268
-7769
5447
-1539
-5004
6015
9708
-4034
-9144
-8435
-7016
3880
616
5191
-363
-1128
5880
-2752
-8325
8888
-4800
7479
-2947
1152
7301
4040
-1693
-8706
4289
9661
-6408
-9419
-5137
8240
6702
-9279
-9408
-9284
-1874
-2794
7723
6667
-1478
430
9294
-3046
4007
5225
3133
-508
2928
6239
-9436
4622
-3283
6761
1230
-8823
-1738
1024
-5485
-1540
1018
-3179
-2145
-4408
1748
3751
3938
-2045
-5349
7760
-9016
-7530
2171
1288
8706
-5779
-90
-804
-1187
-3083
2304
7484
3839
-6773
5710
7834
-4222
-4041
8601
-3435
-798
3657
7552
-1699
-3263
-1594
-8637
-1389
6694
-6969
1733
7589
1349
5394
-9792
-2964
-3386
7849
8075
3545
2960
6751
-1048
-4856
9630
559
3711
-3636
1675
-5312
-9483
2832
8313
9809
-5758
-7303
-7425
-6947
5397
-9775
7584
-2548
3496
3127
-9406
-1868
-6961
3322
3969
5335
-241
-8427
-7755
-7563
5371
4191
9021
5574
-4194
7568
6049
4731
5963
9282
7165
1980
-9068
1046
-7451
8336
5577
-1559
2768
-4949
-8467
7587
1995
6612
-6529
-4867
-1557
5
7207
3827
-3230
-6297
-7996
6776
7866
5390
2024
2099
-8949
6250
-7399
-7687
6779
-4276
-7382
-5366
214
5138
-1766
9099
-8803
6393
6062
241
-6244
-8211
-6679
-3837
-1626
-3112
-6895
3562
2660
7364
6108
-7836
-4019
-8326
-387
5696
-2435
-3049
-5797
4609
4348
-2812
-629
4019
-6132
-3279
-6220
3364
9580
-7843
7495
-670
-9763
448
5494
-6557
1552
712
-7596
5159
7140
-7995
3900
-1426
8261
5011
-5324
-4985
-3613
-3128
-2336
9885
7403
3560
8798
27
2066
-9090
-5739
5952
-6595
1086
7551
-2484
8069
6777
-4498
-5397
-1283
-7091
2737
6128
4708
6125
3880
1592
4115
6863
-297
-5580
-887
8067
9659
6017
-9579
4136
-5839
8254
4268
-8536
-6379
4925
8130
9058
-3399
-3810
9996
-7325
5158
-848
-649
-991
-6625
-3968
-5934
4716
-2681
2266
-8781
8374
-4403
-3611
-4036
5725
-6837
8094
95
3719
-5099
-1460
2294
1580
-1828
-3785
244
3439
2296
-2807
2395
-517
-7403
-5019
419
-7426
-7822
1399
-4532
-5473
5904
9092
2914
-9750
8387
2962
8325
-5720
-6770
8369
-7076
6520
3420
-1864
-3531
9988
-6348
-4626
5724
-1749
-8684
4302
-6143
4601
9534
-5253
-1583
3896
6655
2721
-9994
-4837
-3773
-7074
8965
7530
5643
-7822
809
7854
6574
4315
8827
-9855
-9729
555
7473
7405
4977
-7344
-2921
-1576
-2407
6879
-9004
-338
5701
-1002
8696
7944
6746
3004
-2619
-8004
3933
-8410
8436
6634
9016
-2972
1536
7398
-4005
4366
4315
-9522
5916
9939
-3695
-7459
-2944
7368
-7202
-1741
273
-2271
-591
4378
2826
-418
9883
-6687
-9216
6876
-7522
616
-5554
-3553
-8500
-1587
-5016
-9638
129
-8069
-6498
-5069
2255
1123
2837
7333
7526
-6195
4821
8652
4084
8806
-50
-1711
6627
4102
-6283
9884
971
-6950
-2033
7581
4587
1245
-9165
-4965
-809
1206
2348
-4607
5133
6880
9033
4897
-9220
2082
-1502
2991
-5171
4126
-8741
5400
9815
5430
7241
-7582
8943
9701
-6345
729
-5409
-7772
-2881
2998
792
-7782
-7510
-8020
-585
2232
-3630
-1434
4623
-1782
2232
6055
2860
-5822
-740
-7748
-597
-7599
-6707
2645
2289
-6088
1892
9888
-3031
-1723
6963
9543
5696
4911
4534
2219
1276
7349
-2674
1049
-1473
-1196
-1048
-8571
-6252
-4977
-6338
7307
5141
-6429
-3932
-167
4992
-7182
-4146
-4757
-4028
6133
-5863
293
8269
-4598
-3371
-5106
-5534
-7625
-5222
1692
4447
8280
5108
1413
-3852
-3902
3620
-155
2000
8768
-9514
-2040
-4546
6174
-4486
3527
-257
9353
5805
-3614
4042
224
-3756
8164
-2288
4722
-982
7384
-5500
-9079
-2192
-6017
8281
538
-8127
-4742
1784
2074
-5276
6443
8289
-2745
-4687
8496
8202
1486
239
-9157
-2499
8210
-3246
-9638
4694
-7673
3543
-1851
6789
-5258
-1025
-6858
5416
7124
-9975
-1192
-7428
-6048
4294
-3865
8903
-6994
4900
8273
-304
2054
7030
-8281
6641
-7764
3010
-7638
4924
873
2537
-1699
3450
-3849
4747
4602
9097
-1201
7361
-4778
-8277
-4570
-8554
1694
-7437
-7633
9418
9134
-1147
-6121
-9843
9576
-5061
-5726
-9789
9855
4197
-4344
-9308
-4779
3614
-395
-6477
1343
964
1316
2211
7918
9034
4091
-776
9189
-8372
-2526
-5556
611
5832
-2183
2032
1967
7123
7250
3821
9981
-5747
-8181
-2400
-1982
-4928
3708
103
-4302
4663
-9271
6374
3127
-447
-1490
-9546
-4512
7393
7925
573
-1195
145
9493
-4449
-4922
-783
6434
746
5251
-4282
2664
521
4036
9088
-2674
-9121
9681
974
-8894
4783
871
-71
9747
-431
1776
4055
5878
9963
-4673
4318
-166
9570
6275
8475
-1128
9099
7634
5429
-1326
8583
-4409
7811
8558
5187
-4832
-3034
6391
-8487
-5516
5577
-6993
-904
-3293
-9954
-5140
5627
-4526
3369
-1247
9123
2735
2948
170
-6656
-4836
-3346
-48
-6132
4273
3096
-8538
7265
3529
7377
-950
7931
5512
798
-8703
-632
-1799
-1042
7709
-9949
3698
-7123
4015
-3741
-572
-4088
-793
-4041
-9724
-1717
4508
530
-5361
8050
6166
-3509
-1945
-7010
4719
5529
2066
1060
-2774
6621
5285
-3734
3966
5611
-353
-4895
4869
3233
8695
-1188
-3357
-2601
576
62
-1615
-2748
4053
952
8888
7627
515
903
-9734
8239
-3436
6292
2026
-5494
6116
6592
1119
9709
-8540
-9311
3909
1294
7470
-1037
7157
-6135
8365
1027
2124
-90
3235
407
325
-3122
8474
-6177
-2695
3237
-5631
-4210
-4621
-971
-3969
8733
-6751
8537
8940
5681
-7411
6663
1006
1063
-4091
7197
7328
-3505
9949
-246
-8598
3248
9098
6199
-4651
-5985
8833
5080
-6242
3124
6371
3094
-7343
6901
7666
4889
-6247
2833
4546
1787
4061
6635
-5138
-1256
-4739
-5055
-300
6141
-3321
-1471
-475
-8200
959
1701
8089
1689
5206
-9627
9414
3070
7055
-6437
-1095
7639
5476
3055
4965
-2035
-9433
-6133
-88
5839
9063
2005
-7949
-3668
1357
-2294
3947
149
-9181
-3870
-4516
-3334
2544
963
-9058
-4623
-7060
-4997
-4875
-9318
3983
219
2283
1707
-5827
-3428
-7472
6436
1366
7180
7063
2438
3444
-6286
4063
-9596
-1834
4589
9652
-1183
-4248
-4218
-1104
7831
977
-224
7538
1795
5087
-8255
-6724
3004
103
-9353
1050
-3768
9505
-1645
-5437
6859
9503
3200
4484
-6075
-4493
5732
7434
-9194
-6089
-1708
-9015
-2231
1080
-7530
4894
-1222
-5463
1036
646
9107
3819
-4686
9017
8917
858
2453
-3087
5567
-5592
9479
-503
-3127
-4393
-2438
2141
-4730
8724
7009
-472
4644
-3199
-8996
-190
-2403
-9752
-7056
2784
-8918
5947
5113
-7789
-3192
3794
516
-3564
1805
5454
-1736
-9903
-2574
2751
-8080
3359
-5574
1839
-7731
-4220
-3737
-192
1210
6469
-721
-3379
-9079
9159
-4282
-4788
-4098
-7274
4241
2693
-697
-4466
-3766
7255
-4248
-7393
4218
2679
3247
-2689
-3964
211
826
-3870
2782
-981
3747
7501
9518
-3790
2501
7988
-6080
-1253
-4248
-9904
7476
2571
453
-8162
6560
-5855
9599
-1675
-4584
-7440
2142
5118
5994
6287
3884
-5430
7290
1294
-8345
6327
-3778
6120
-9655
2423
1499
-2765
1845
-2462
-8093
2948
899
1443
-4881
5290
6749
-6331
4741
-7420
-9740
-9906
-9562
-4233
6608
-1619
-3016
7880
9160
4896
-7542
7522
1087
8789
-4533
-7080
-6760
9418
404
-9340
-2442
8638
-6462
7048
1957
4574
-4213
1282
-5745
-3926
3505
7535
-3939
-2580
246
-2810
5710
5963
-1463
-5943
8218
-5062
6758
1544
-8889
947
-2424
2553
7164
3540
-8848
1614
-1605
8624
1161
-5813
-3348
-7618
6242
6433
-4848
3976
-6034
-8933
-7462
9554
3374
3902
-919
-7565
4289
9579
-5924
-3393
2316
8972
4158
8817
2276
-7209
-5946
8620
-6861
-1501
-5410
3840
5177
-1140
-8681
-9157
1308
-670
-2330
-2067
-7282
8073
-8513
7588
-4128
-2937
-4222
4684
-4812
-5092
-65
-3184
-2972
244
-4627
4324
4797
5422
-1874
-6665
9377
-3135
839
-1791
4942
-5377
-6002
5213
-290
8246
4207
-9606
-7006
-4305
9459
-7810
2074
-1856
2467
6523
-2863
4998
-9946
-5056
-1455
7215
-9899
2513
-7591
-9342
-7760
-3942
8341
1496
-1134
3115
6573
9890
-3395
6498
-4520
1347
-2148
8932
2003
-8273
-1194
6128
-5555
-7210
-9105
-2452
-310
-4302
1371
-8407
3023
-8405
-6290
5048
1204
6994
-9241
-1468
6105
-9694
3708
4086
-7069
-8131
5360
-2001
-326
-4862
535
-2772
-7548
2767
7259
8416
-3413
4898
-6989
3625
-1542
-8139
-6841
-2784
3181
7313
-8790
-6518
-2822
-1955
-5226
-1260
8117
-3807
-2009
8451
-4648
7702
-3639
-5414
6621
-9065
5736
-6427
-2786
-138
-6837
-4733
-1269
5033
7260
-4055
8527
-5704
5194
-2673
370
2698
-5449
-5303
2507
-3848
6416
-5366
9931
-4974
199
469
56
-9049
8350
9078
-8294
7462
4231
-7403
5779
9304
3745
-1920
-900
4642
-9703
-6255
-8310
-1668
5267
-2372
9539
5581
-941
-7334
-7911
403
-3477
-6469
6059
-2637
4828
-5960
-4669
9459
3096
-6690
-3838
-7341
-5039
7467
-7981
2340
-1472
-8188
1018
166
7439
-8809
7264
7931
5001
4627
9858
-8140
-8506
-4938
3936
3197
-6321
-7965
-8998
9413
2707
2004
5252
-7843
7214
-5001
-9596
-1657
5526
-6574
598
-7437
-8768
-3865
107
-2076
-2525
6289
-7703
7243
154
5608
-6449
-2912
5487
-2354
-37
735
-7442
7222
-7268
-3358
-1607
2510
2692
4242
-8314
-7157
7009
2395
2981
-8194
-3273
2587
-9375
6331
-9027
681
2992
-3790
-652
-3404
-8685
6889
-8972
196
5669
-9111
-4931
2569
-5141
-1229
9635
-6409
2953
-6894
-5000
9267
4175
-8249
8372
-4306
3988
-3769
-1277
-2991
9905
3449
-7227
-2812
-1597
716
5208
1992
-7210
9508
-824
2584
-1222
-4435
5119
-3390
-9474
-7639
-1619
744
-392
-2936
8394
-1300
-8668
9981
-3466
7576
-1624
1095
-5199
7391
4041
6174
5847
300
8560
5343
-4272
-8891
2466
-199
9475
834
-4847
4230
-7947
-9323
-6648
6418
4357
-1302
4259
9887
-3264
-7897
5601
2172
-4205
-6313
1967
6133
4597
9411
-7457
7603
-6776
-6396
-4128
363
4602
-3724
4587
6273
-5557
-856
8033
4263
9964
3959
-5454
7253
-4970
-5018
-5317
7771
-4602
-7558
9964
2883
2433
3682
-8682
1870
3660
2809
-6655
4547
2873
3350
-9104
7416
-9472
-3975
-3215
1791
-8000
-4764
-1345
-2648
-9871
2526
-8820
-8701
-1915
4193
-2393
-3878
6992
1051
8434
-5963
-4071
1302
-7631
4099
-4300
-6736
9244
-1690
4371
-5442
-4676
-5175
-6964
1510
-7802
-1999
-5631
2747
-3432
9009
1277
-4438
8702
3708
7849
224
-5669
3208
2754
5867
-4772
-7361
-3157
-9429
-4974
-7308
8087
-6707
-7035
1995
5092
-3397
275
-2756
5406
-6005
2212
-5616
-4307
-5908
-9895
-582
-3968
7120
-4800
5312
4669
1075
3738
-6260
-3384
1577
9072
-1688
3646
8427
-5742
9829
-2941
5007
9338
-8005
8588
-7035
3863
-6286
-1857
7521
6659
7321
-1324
8216
107
-973
-7357
-4898
-9160
5030
5472
9103
-8627
2333
-4898
4589
3216
4034
-3961
-6873
-4856
9127
1402
7166
1142
2095
-1945
-8367
7089
721
7940
-9529
4574
505
7616
-6379
-8996
-6837
-7826
4363
-3788
6854
-5330
9997
5366
-406
7326
1187
9601
28
-3592
8269
1138
-7311
-2837
-1365
9086
4146
-7857
1089
2582
3390
-14
-8201
-6213
-7293
-7871
2574
-8220
2858
3111
2936
5611
1085
1153
-319
5869
8102
4364
6324
-4039
-2467
-8730
9599
-2538
1004
-572
-7705
-156
-9516
-2606
-4727
-2882
9251
5606
-4243
9715
9527
-2111
-7420
-3145
924
4270
6380
-3422
7686
-7232
5107
2298
3755
714
4931
-6138
-2266
-8316
1713
-2942
-6369
6624
5428
2447
6648
9816
8396
-454
6471
1600
4769
-9818
7321
-641
765
-34
1652
2063
-7258
1160
-8478
9720
-91
313
1708
909
-5215
-9037
-1137
495
2393
-8153
4571
-5483
9612
-3824
3984
6244
1377
9161
1213
7118
-2474
3838
-1051
-6447
4358
2266
-1808
9493
-9181
5446
-9030
-5485
-4401
2982
7125
309
-6261
-6730
-1541
5512
5790
-9440
-7978
-1139
-5322
-4594
7225
-7886
9764
1436
-1927
-5299
3702
-5050
5490
9913
-1707
-8425
8938
-8427
-4606
-4424
-552
5026
-3018
-6608
-2362
3148
2112
-9789
-6821
-5471
-14
-5768
2803
-9896
3695
8765
4572
-6915
-561
5410
1886
7203
-2850
-7558
-9926
4570
-5960
8526
4495
1900
9878
-5052
5490
-5836
3242
-6246
-3034
8
5359
7036
-7406
7702
-8382
-5211
-991
8006
-7724
-2439
-9310
-477
1473
-9858
2137
-6203
-3952
-4509
-8070
-1959
-31
1429
-7445
-4471
-4370
9645
6721
1853
-6743
8946
-9515
2397
5925
7208
2247
-3402
1103
-9315
9781
8633
-3557
-708
8836
2296
7686
-3150
-7298
4029
7016
616
5702
7205
-6835
-3332
-910
3488
1780
-126
-5114
-3900
4337
-7585
5518
2955
-2009
-9513
3009
3326
-8166
-2115
5613
168
-2076
1583
4341
-6864
5385
9212
-8744
3349
6694
6447
-5496
4393
9599
-5557
-8890
-45
-7112
5833
2345
-2204
-2565
8592
-7134
-5377
9422
-335
7793
947
-2726
4858
2345
-1063
947
3231
1584
6736
5305
4587
-9632
-3271
-899
9510
6336
-1966
-263
-4110
-5174
6062
5558
-7392
2865
-2688
-538
2424
6765
1414
717
1913
-8358
7855
-3285
1309
-3041
3502
-6673
-6761
3441
-3669
1962
-4638
-9010
-6883
-2725
3706
7758
-7616
4945
1169
-4460
1336
-2412
4909
2375
-164
8807
6466
-8856
-5180
5033
-7650
8564
-6683
9674
-1676
-6667
-3142
-1552
-4893
5063
8984
-1277
5885
-3913
-2333
5613
5757
-4974
-6200
-7840
2263
3251
9136
-3876
-7330
105
9141
-380
-1441
2854
9241
6063
-4144
9287
-5338
-4575
-7655
2388
-8695
3463
-9661
2301
6144
-2516
-7059
6832
-8520
-7018
4412
5354
8045
-3816
-8231
-243
5663
3043
-7272
-4749
715
3256
3532
-5278
6871
-5884
-4965
-4233
7626
-9726
-6966
703
-7303
6673
7757
-3822
-7179
-4255
4607
-7673
1072
-6700
-5671
8432
-2082
-5366
-8670
-8022
-3183
-168
-163
-4720
1881
-5830
9708
-2966
5703
-8199
-3424
-9460
7587
-4443
2122
36
-2272
9161
-5549
4249
1318
3299
7944
3862
6077
-6890
8395
-6961
-3212
-8430
-8022
3969
-9662
473
4756
-951
-5508
4294
-4924
-8652
9608
4662
-9542
514
4554
1572
-4931
-1431
-9611
-4616
-4635
3611
5115
-7064
8234
2011
-8541
-9110
-3967
-8669
-369
-2048
6319
4367
522
-9013
-5781
5171
-6034
1874
-5194
-3669
6659
-6735
-1938
-1978
-667
-2892
-8748
-5760
7421
-9049
3086
-1988
-4109
3423
9441
-3794
4896
-3974
4387
-3441
6387
1450
7703
-2528
1619
-2709
9945
-1842
3192
-8556
-7770
7334
4240
2051
1050
21
-9239
-5017
-1243
9783
-8983
3224
-9312
8099
6119
4144
763
-1838
5738
2433
9657
-1787
-8134
8452
-3169
7897
-7121
35
-1567
-6819
9987
1977
6732
-4244
-5529
-9350
-775
-6036
-7788
3230
-4433
6836
-6678
-9598
-3108
9247
6965
6233
-4176
3904
-178
-2879
6282
2647
-8691
9128
-2463
-2100
1351
-9159
845
8440
7436
3582
-6395
-2011
4906
5624
2406
584
-7630
-9880
-260
7315
-3146
-2090
-850
-8487
-7786
97
711
-6679
-7948
5288
-6765
3608
-7595
1435
-7344
8631
-3002
-6384
9710
8861
9932
-1605
-1778
4406
6122
5539
5784
3280
2889
2388
-2698
-1068
-4359
5871
2016
-2388
4039
5674
1711
4351
-3849
-7228
-2565
-2471
-79
-8336
-5052
318
-1066
4235
-5724
-707
-9870
9745
-8550
-7512
-4735
471
3315
-3767
-6351
-7613
-5039
-49
4656
8342
3156
-8029
-7201
826
-7201
137
5860
6425
-4797
-1119
9414
2669
4971
8111
-3261
5015
-4061
-8952
8232
-9439
6072
2148
9203
-5731
-3276
7987
-2388
-2372
-5554
-983
-5287
-6672
-1300
-657
-9603
-6215
-7637
9463
-6108
-9180
-7742
6309
-8039
920
3143
-8719
4572
1940
-321
-885
-9537
3615
6861
-9970
647
2204
440
-7365
-9604
-5670
-6353
-8981
2884
-2626
5380
-6628
-9930
-9204
1704
-7434
7008
5055
1680
9288
6017
-8342
-5468
-7107
9546
-7878
-2992
9331
2552
-8172
4245
-1837
-3770
-5251
-36
-2007
8897
7960
-7430
2819
-9051
-7666
-1213
6293
-2102
571
-3700
8408
9089
5997
2395
8047
3014
-6897
-129
-7793
8667
2997
-370
-6544
5388
328
9223
3018
5807
-7722
-2982
9739
-7393
9472
-4767
4732
2269
9444
8879
4250
9265
3461
498
-8324
976
1086
2187
-3820
3342
9439
2405
-6182
-2674
-8721
1140
-3828
-8223
-225
5184
6926
-1626
734
-845
-1516
-6576
-8979
6481
-8438
4162
6925
-4677
4362
-6277
3805
-670
660
-5006
8771
4604
-4138
9384
595
4494
-3008
-1320
7770
5602
1831
-2011
-3090
2074
8357
-1000
-4672
8251
-2895
-134
720
4921
8727
-6065
769
-2466
2700
5632
9877
1477
-6511
-2590
3083
1222
-1322
2791
-4210
-6206
-9376
-1392
-4353
8122
-6669
-878
7875
-6575
5210
-2989
9785
-5376
-8170
5763
-896
9710
3869
-6328
2976
3013
-5225
-245
9113
-7395
-2124
-7489
1443
-8049
9020
-2701
7411
1871
-5701
2888
7532
6021
-2011
-1794
-1005
6418
-4135
6642
-5210
-7591
5538
8742
-5579
5281
256
8447
-7074
-611
8213
3206
-2337
2680
8666
-3794
-1159
-6637
-797
1076
2282
-7684
1462
9921
-8979
-3301
3026
-7410
9863
-1931
-6285
-2933
3283
5559
-7327
-7964
-6637
2728
-7057
-1354
4030
-7490
-3846
-4719
1911
5863
3584
-4413
-2525
-7170
2069
9637
-7636
1098
-2069
9573
527
9200
-9261
6503
-1824
-4357
-8695
-6320
6083
2453
5451
1814
4536
-1505
-7509
7981
2906
8186
-1338
6945
7360
5380
-5445
2483
9653
9744
4710
-4321
-8734
-3744
5976
-674
9877
1915
4062
-439
-7969
-5757
6983
8292
-8740
-625
1193
-1397
-5657
-5402
-616
6359
-4689
8067
6878
7817
6450
9962
1180
8318
6422
-4831
2843
-491
-2097
-3973
3572
-6544
3597
-5036
1933
9376
7122
4404
4051
1344
-9898
4930
6924
-4137
8690
6947
6562
-5014
-8757
-2516
-4475
7689
6375
-3679
-1063
5700
6740
-2673
2284
-7564
1011
-1995
1768
-4622
6065
2675
-1963
-6791
3470
9728
-765
-3956
3382
-9133
-1538
798
4137
-6027
4983
9558
-2750
2791
4654
3487
-2195
-3909
1365
-4965
8069
2144
-9313
-3360
-1904
8707
-6222
-8319
-4512
-2052
-3456
-3461
533
1690
-2268
3842
7320
925
2483
3746
9807
-3236
-531
-8646
-9534
96
9016
-3861
3811
-4836
5057
679
-927
-9292
-4112
6050
9229
-6604
7159
-7251
5629
-5469
961
3016
-5953
-3224
1907
3927
8917
6326
287
-835
8822
-8085
2302
4594
-7968
-2563
3916
2882
-3385
-5726
-9332
5193
1290
457
2228
5943
-6621
-2203
-1105
-4182
2166
4982
-7509
-5898
-7
6238
5723
2926
6120
-8972
-1654
920
6005
811
6945
5441
-4896
5586
-7492
2631
102
-209
-9828
-1817
-7537
2029
4200
-4461
-7881
-3271
8658
-9830
-1924
-7914
-7008
3899
8119
-6511
-9180
-7318
402
-1030
-5291
-2893
7019
6936
8351
-9624
-6885
-3740
-243
6936
-6787
1192
-9713
-7096
510
5667
-71
9651
-41
4876
-8456
-4065
4546
590
2077
1705
-9243
7715
-68
-4947
-2743
2509
-8386
3840
6188
-9403
-7679
-4023
9862
1501
-5720
5269
2785
227
9086
522
1108
-856
-2928
5524
-3624
8839
-6778
6764
-3058
-5320
-5552
3162
9002
-3550
-5754
-2089
317
-8753
5126
5972
-4301
4083
9224
-7231
5304
-17
-1963
-3794
5005
3537
5379
8961
7800
6780
-5898
-5498
-442
-5110
4865
-8618
952
-1931
7654
-711
590
-6187
8746
4460
-5952
8905
6115
9867
1933
8024
-9621
1772
-6219
9711
-6798
2866
2506
-2436
407
-9104
740
-9889
660
-9038
-7342
8103
6613
-9460
-1785
7994
-3589
7532
7476
2752
6326
-8127
-5132
-561
-8083
3869
2947
1600
8290
-2284
-9825
-914
6216
-7998
-5168
-3400
-7599
-2161
5203
3182
9536
-9036
8785
-2553
344
-4161
-2633
2194
-2836
7298
9312
4173
5207
5993
6485
2303
7802
3747
-2844
3468
-6673
-5327
7403
169
260
-7975
9212
-4760
-3030
897
-1826
-582
2199
7679
2808
-1354
7276
-1014
-1318
-6264
-1255
7860
122
5438
-6222
5560
2698
4111
1785
-5075
-9266
8892
2426
-5187
8476
7199
-2055
6454
-9723
2388
7511
199
-8484
7254
6392
4899
-531
-9621
-5188
2539
-3458
-6789
4562
8668
8300
-1765
-4832
5417
6395
-7580
7849
-2161
3761
2575
6204
-8377
-9524
875
-991
-4711
5075
7346
-2313
3253
594
492
-4687
-2938
-7333
-8845
7782
-5448
9145
5055
1396
-5866
-7661
-5821
8009
-6702
9739
1456
7259
-4514
8815
-3605
-9619
3624
-8541
-3675
5472
2586
-8429
-3125
3597
-5632
-5929
-6994
5711
4856
-639
7284
2486
7754
3433
-297
-3650
7124
-5846
8842
-8465
-6002
-9096
1821
7842
-7976
-1868
-5872
-4539
8295
6698
3152
926
3994
-3336
-247
8965
1275
-8718
-8460
9247
-7092
-8804
3027
-7729
1744
-9219
2151
-5
1603
-9532
6677
3537
9357
-7212
-6878
4347
-3794
3423
1232
7251
2246
9271
-5779
9843
4544
9402
-5078
2922
3506
1961
-1913
-2102
-4968
6834
-7357
5071
-6707
190
-8194
148
1679
4517
-7171
-119
-8799
3418
-2713
-1177
8636
-7530
6886
7908
-6860
4754
6445
2361
6132
8832
7904
-7215
4117
8713
-4558
-4358
-7284
-2328
-3781
-4155
-9013
8502
9680
-511
-5059
724
-4503
3223
-9015
-6148
-4230
2963
-7175
3305
-2605
-2173
2836
-5759
-9144
-9772
-3154
6786
1893
-2384
-6310
6247
-9112
-5660
9770
6523
-521
-4818
-3523
5290
-7053
-3243
788
-2057
3039
-6786
-3069
-8175
5386
-2485
-8909
-1469
2861
396
6507
-4226
8552
-8775
9161
5491
-8511
6981
3874
-3586
-3204
-7477
7889
-3953
-6614
7343
-2085
-6023
-5877
-5206
194
3816
-5872
5281
-5445
-1378
8756
784
-5300
4936
6466
1456
-743
4113
9086
5477
-8156
-7096
-4894
-280
1781
-3255
-6885
4155
4894
3668
-8428
423
-3472
-3345
1400
1683
7482
-976
-3928
-2239
-8802
-5042
7260
8997
9159
-611
-6798
-9265
-950
-7882
-1983
6658
-4033
-9613
-652
-8246
5949
3739
-1135
2883
-1191
-7773
-2057
-9108
-5968
-262
4434
-7679
4641
2892
7530
-2666
-9226
-329
-330
-5204
9411
161
9994
-854
-4424
-2312
9561
-6921
-5225
-9849
70
502
-3464
5819
-1576
8146
-208
3073
-5821
-2300
1780
8914
8067
1800
-3172
4486
5922
-5205
4545
7325
8284
5580
-5954
5555
1056
3141
-5312
-8955
1941
3210
8705
8242
-3269
4553
2432
7889
-4657
-3761
-2235
5075
6664
-106
-2229
5358
5419
2222
-7207
-9388
-1466
-2812
-581
-7909
-3038
7816
-7050
4810
-3655
-3921
-4182
7493
-1138
1545
9739
703
-735
9950
8005
-5252
4849
-8013
-4817
-2901
5013
7468
3195
9704
3148
8922
-7986
-4042
4615
-3745
-9219
-740
1750
3566
655
-6923
5553
-2212
-7667
-8659
-705
-312
871
-164
-9948
-2230
8270
-9921
-7088
-2260
4470
4479
8309
-9773
5624
-9300
8569
5555
-4347
9099
321
-9090
-2271
-4198
-3817
-1258
-8421
5765
-745
-6987
-9249
-5855
-5656
-1480
-7551
3387
2817
-3622
-8686
4848
-5144
6508
6309
4634
7457
4637
-9045
2842
-4155
-3741
-2306
-4057
2334
4036
-6934
-3297
1864
-5649
-7883
-2009
198
833
5523
-8090
3434
-1451
-5089
2700
-8743
192
6283
7782
4627
-1052
-8675
-3794
9096
-5272
-6946
-1431
541
-7880
-6291
-263
285
5320
-207
-5639
1761
-973
-4991
51
8294
7971
3028
-5616
4169
9140
-3005
1252
3424
1567
2320
-2930
7367
-8203
8335
-2526
3667
-3885
-9384
152
8293
2468
-2205
-6996
4247
6757
2976
516
6633
-9752
5726
4202
7001
-2197
1451
5759
-2672
-5206
86
692
-4999
368
-769
8443
-7642
-5992
-5792
-6733
3827
-5800
61
924
5046
2852
-8259
-9429
483
4803
4029
5591
2502
9596
6934
9397
6317
-8674
-9468
-400
-8468
3822
-9747
5949
-7209
-5987
1972
3221
5973
6782
5415
9109
4094
-2988
1951
6230
-9893
-8883
-316
3615
3486
1336
-6014
2583
9148
5160
4048
60
-7181
-8688
9361
-4549
7436
-1593
6546
-3528
-2927
718
-7472
-508
-9150
-782
8672
-7315
370
5985
-2261
-1551
3331
-5727
4414
-698
8760
1810
-2260
-9092
-940
-3487
-6417
214
-6926
-9686
-7122
-7052
-5277
9645
3252
5223
-3853
5597
8467
49
2722
-2973
7141
9177
4508
6462
5467
67
9684
-5370
692
3142
-3800
2532
-4272
8819
8255
-4660
-8412
-3344
-6939
7814
2814
7205
8255
-5410
-9123
-6881
7899
-1637
9703
5005
256
6451
-8616
6465
251
-3497
5818
9701
801
4502
7243
-8396
1597
1480
-6260
-5993
8774
-2910
-914
-2161
5143
646
7953
-5496
627
5305
-3617
7209
3369
5114
2250
5208
-2381
1542
-2543
-2059
-6137
242
3351
2624
-5097
-1536
-1825
6149
-1789
-9219
2251
2197
4691
5288
3865
1095
-235
9375
9151
-7737
-5487
-6145
2516
-1833
-6286
-2380
-119
-7716
8806
-1117
8508
-6733
5208
3783
565
5061
-2192
7138
-9589
4159
-8501
3641
-8376
6251
695
-7472
4875
6732
-7974
2469
-7826
9011
-7434
-368
5026
9747
-3115
1650
3573
-6894
7501
1699
-107
-4583
7872
-9019
5467
330
6343
-4301
-9028
8606
-4425
2858
-8397
3481
-9442
2706
4801
9405
-2323
-1895
-719
-4360
-1584
-5490
-3624
5607
-5260
-5100
7089
-6684
2651
9035
-2994
4131
-8941
-5454
2868
1466
-4478
7804
-322
1282
7392
8694
-6223
-2230
5250
-3220
-9185
8368
7223
-963
9541
-104
7442
2103
-7887
-5286
9778
5183
7037
-7799
-5186
-7169
-9237
7785
2402
-9862
2490
-4370
1263
-6120
-2590
-1012
7207
9240
-339
-5971
2596
-1278
-4415
-2349
264
-2476
-4050
6805
-8022
-9440
4038
6423
3779
-4406
1423
4230
3573
2511
-1512
-9674
-1037
-7862
-6846
-3071
-8373
4942
-6022
-1282
-2868
-8475
-6919
4795
-1027
2982
-6369
1022
-8585
3270
-7236
736
-133
-7790
1912
-9564
-6546
-3769
-5273
-6873
751
1816
4441
-3897
-2681
-3304
8779
663
-1764
6185
-1709
5614
2515
-8861
-7998
8562
-7065
-535
-6879
-6832
7174
-8334
-4420
-6690
1160
-435
6164
-9459
-7465
6924
-7871
-4430
9215
9169
-5722
8983
8099
-3969
9210
824
-9187
-2382
7412
9165
-1054
2714
-8652
4941
-7723
-2983
-3322
6515
-9295
8138
431
-9248
1795
2814
-2190
5739
-4249
-4994
-5646
2565
-9637
-6182
1633
-1211
-9392
9649
-4488
8955
-4015
-1663
7212
6497
1468
-171
6363
1857
-3420
5114
-6956
-259
-347
-9863
-4755
-5458
-3104
-6984
883
-4530
-2948
7030
-471
-5992
-8662
2492
-2556
3980
-1462
7885
-3030
6766
-6466
6618
-3276
-4573
1714
-4251
9691
7495
-3014
7340
65
-9376
9673
9950
-811
-134
1422
8909
-5106
-8985
-3316
9613
9702
-4508
-2455
1149
-1224
-3536
1181
2615
8999
532
8555
2761
4174
1551
9171
-1590
7596
7397
-743
1098
6407
1007
2781
270
-9194
5064
2736
-2619
-4639
1906
7541
3149
7340
-3603
1451
459
7360
4758
8543
-1613
-9090
-6535
9211
730
-5757
7452
-9117
-4128
328
-2349
2014
-1099
6585
-5531
-6844
4765
1349
-1502
-1075
-2181
-8926
5319
4382
9822
-9002
-229
-68
149
800
-2273
1086
5192
7372
4253
-2525
2883
-4098
-7080
5383
-3947
2649
4784
-4848
-5344
3532
4417
8833
-526
8825
6318
-3926
-130
4472
-6110
3392
7797
8851
-3852
-8176
-1865
6157
5124
3230
-9451
-154
9518
-6272
650
-1318
1376
-4963
8187
7463
-7930
-3667
1599
3360
4509
747
-9792
3348
9738
-4227
4448
-9753
7367
61
-4127
9726
932
-4658
9918
-7584
-8838
-4922
3872
1770
1208
-1115
1270
-6425
-5391
1873
-2277
8075
-1609
-9048
-3577
9865
-5026
7789
-9873
-1829
6650
-9747
-2045
-1673
5777
-4602
298
4735
-3028
-5096
-8292
5342
4960
955
745
2436
-644
5605
-9165
9517
7289
-8800
8098
2103
-9252
-8207
5288
-9359
7168
-7439
6625
4660
-7178
-1456
-3524
-7156
3068
62
3800
-2157
-8583
-7726
-6544
-7283
-8916
6957
7738
-1375
-8651
-2561
6190
-1831
-8020
-3744
9936
-4394
5969
2123
8315
1535
-6450
173
-9271
5781
2663
-8909
-3964
7644
2638
-4427
-2302
-5720
7778
-1021
9548
2174
-6178
-5985
-9663
-6180
-5033
5742
-540
-3743
7927
6817
-1201
2596
-844
6243
3371
4186
-675
-3441
1338
282
533
5850
9447
-4298
-6827
8100
4770
-8678
7915
-3336
-4547
-463
6747
3347
4105
4356
2725
-5503
-5226
1926
-9299
1100
9856
4539
9639
3303
-735
6084
7689
2413
-1877
5201
9523
-6007
-8947
2382
-1561
-8617
-3904
-8164
-2258
1109
-3731
8082
9123
4713
8561
8820
-8155
-5002
-8701
7509
6143
1997
-3760
393
-1193
6713
-7368
-1963
-6277
-4001
-5009
-3250
-7406
-6061
-9172
-7082
8664
7980
-4522
-7869
5594
468
-2959
-2659
8047
-2524
-7834
-650
-3977
-3924
1531
-52
-1380
232
-4323
8182
-7513
-207
6359
-8387
-4458
-6566
-7905
-7993
-2445
-7986
9842
1796
-4884
1228
5339
2934
4113
-9279
-9792
3727
-3361
6226
9252
-6067
464
7706
422
5182
-9726
319
3107
5579
-1183
-416
4727
-1395
-120
3320
3012
6603
-1746
-9941
-3466
-3303
8065
2253
1375
5487
252
-1862
7615
9289
9733
260
8711
-4210
7162
8010
-5641
-1948
-9768
9653
5097
-1697
-4826
-9030
2724
-5547
-2634
6710
-6623
3897
1151
-5566
-928
9776
4138
-4876
8991
-3184
-8295
6565
-8265
3058
4605
-5962
3864
4033
-7531
-8689
9565
-6623
7222
7196
9986
6417
929
-481
9819
-6291
-8317
-4873
-8620
-7999
-5220
3000
1131
-986
-3976
554
7413
472
4869
-834
6937
-4037
9534
9806
-5508
-8688
-2936
-4777
6891
-8799
-2537
-7661
1439
-6389
5560
1117
-9416
8413
-1008
2922
2086
6359
6193
9237
-9417
4515
-7547
-4040
6237
9143
-6575
4145
-1879
-4707
4158
9827
-3285
2605
7159
-6965
-1056
-75
5393
9208
9942
-5434
-7365
3469
9350
1861
-7385
-398
283
3209
-5159
-3532
-6548
6448
-978
-6937
-2545
-7642
-3979
8531
-6570
2999
-8416
-3580
39
-8748
-6767
7130
-2269
2716
6189
-874
-8564
6361
-2631
-8205
2048
-7976
8526
-8174
6425
-7500
-6184
9576
511
-7700
4096
-5316
-9232
9072
8972
6871
-2797
7886
2319
225
5704
1833
-7625
4317
4635
5172
949
9532
4663
601
-5087
8021
-3019
9370
-2365
-8435
2556
4066
-3240
-5434
7761
8935
-1484
5755
3953
-7198
-6059
6890
4371
-8445
7412
2148
-1583
8744
-6208
7972
-3264
2704
9679
-3902
-241
3860
-4588
3918
8616
5803
-4077
4819
2230
-1068
-7171
-2368
8786
6971
-8501
-1438
7940
8157
4379
4201
8539
-4124
-4984
-9915
-8385
-8989
3865
6038
-4335
-5692
5908
9089
-8884
-2622
-3733
-7370
-1288
-7900
3078
-5036
5388
5434
9846
-9622
1090
3400
547
4897
1952
9016
9177
-4732
3235
-6430
-9861
1241
-8601
-6485
7379
-1330
-980
6806
-9143
9756
9034
-6514
-4271
-328
-1794
9962
-3438
-1017
-1205
-2261
-7022
-360
-3922
-104
5296
9412
-5406
9746
-8943
-2243
-6908
6917
7221
1497
-8568
9588
-7122
8850
6375
-371
-2852
-9060
-7608
-5414
-5254
-7596
3493
2430
-7803
9760
6952
2617
7708
2205
-8778
6813
-7083
-7250
-8467
1423
9876
6085
-4638
-8596
-7923
6538
8518
-2169
9369
9165
962
1185
3251
7295
-9068
-6486
-9060
-9954
2157
8434
-5470
1701
-3476
-6227
6064
8891
-772
4600
5613
7086
1808
7989
-1695
194
3747
7657
-7795
3241
-1931
-1095
2406
-8426
-2600
6832
8937
-619
878
8456
6480
-9079
1746
-3229
-3424
-3457
-7284
6824
-742
6631
-1037
7992
824
-9792
-8136
-9390
-5299
4875
-5125
7476
-6504
8676
5869
8686
-5480
-8825
3173
-357
-3524
-990
553
596
-3301
2291
7484
-2830
1077
-9848
5827
-8979
-7585
-2394
-3308
5191
-5317
-6694
-9544
-9500
3045
5147
-1530
-6646
672
-9930
1200
-1564
-270
8613
-9251
1528
7414
-927
-9951
6085
3946
-7967
6229
1509
-3128
-8982
3007
-2097
1439
6936
5060
-811
3477
-4084
7087
-3657
-8639
-868
5689
-2104
604
9713
3437
-835
-4395
-1775
9433
-3163
9972
9262
-3750
-585
716
-32
1635
2039
-195
4491
-1913
-4505
5458
9857
-3037
9602
-9805
-798
-2160
3460
3943
2928
-7219
-6131
-8474
-8428
8167
6606
1429
-4320
-2771
-6988
9479
-5761
3961
-7443
-2717
7063
-7416
7301
586
643
9172
8713
1549
-8067
2945
-6380
9297
9212
5046
1064
-1572
433
787
-4294
-4476
9780
-5043
-9736
-9852
-9047
-6998
9110
2710
-76
2143
-7430
-541
6014
-251
8079
-3220
9871
-7380
2853
6186
8055
8442
9793
1094
7821
-2334
6736
-315
-9706
7481
6470
3827
-8166
386
5259
-1530
8863
-4086
5724
6664
7321
6788
4433
5069
-8569
-7436
-9732
8545
4322
632
-8910
7928
-8300
-4208
3701
9351
9942
4594
-1073
354
4740
-8741
-6294
498
-6912
-7336
-1877
3389
-752
733
1734
-5313
8180
8221
383
-4465
2644
5141
1031
-1437
9015
138
-2024
9730
4206
-3440
-7575
328
-5173
-5698
-9680
7163
-9531
-3032
7653
-2758
8150
628
-7457
2466
9863
-1175
3430
6029
278
-5480
5537
-8877
5776
-9670
3492
-2109
-6391
-5210
8475
2956
-21
-8163
7885
4975
-3068
-563
7539
801
8721
307
6520
-3070
2057
-4145
-1906
-373
-677
6848
-4186
7939
7763
5176
-7985
-1236
4768
-9525
274
8460
3572
5070
-2037
-7837
-9186
7393
9110
-7374
-7521
-2907
-8646
-5929
653
5312
2759
-5253
-137
-6214
2316
-186
3991
-852
1984
340
-5510
2032
8492
2630
447
-7358
-7537
7625
-2487
7311
7566
7064
-5545
9935
8506
6365
4538
-6982
2076
-2954
6954
-6276
280
1432
-9244
8147
-414
-5265
5063
8427
344
-440
7771
-9211
7762
-74
3941
3686
7250
-779
-3557
-5159
1144
587
-5041
6030
6597
-7052
6040
1633
-2821
1481
-2981
-4798
4819
9376
-6207
-8573
-9605
-9841
-2066
813
4051
6985
-8586
8354
6729
9765
8811
1197
2448
5276
-6085
-9243
6312
-3432
-4856
-9180
1316
6421
7569
-2001
8164
-277
7814
-9916
-6894
-3629
613
-972
4287
1881
-8709
-4567
-5884
-7744
9086
7929
-4850
5838
5104
-8151
-3288
3859
-6790
-297
-4168
1408
5731
4768
8946
-9783
4099
8544
-6502
8416
-7973
-415
-9746
-5101
-9461
1319
2157
6473
-3001
-22
7878
-4151
-942
-6030
6627
6868
-3541
-676
6155
6593
-2600
-1406
-5571
9616
9367
-4942
-760
297
3322
-579
-1460
-9043
7146
-3531
-3951
-8258
-4942
-5983
-8965
4467
-2059
-5025
9314
-9333
-7416
6112
-8278
-4448
7020
-1770
-7167
-5597
-1367
-3630
-6685
2250
2031
-1993
-8940
-2473
3193
9227
6203
-4139
1320
-7606
2479
4163
8280
-7294
1364
8272
-1654
-6694
5170
3549
-1529
1004
-3580
2578
299
5769
-4805
2999
4718
9122
2844
865
9885
-1797
-7365
5
1055
8522
-2673
2913
-940
-1649
4578
8669
-7175
-6221
-4011
1176
-7916
-9614
3821
724
-5937
-1443
1622
1820
9432
8901
6898
1583
-6860
-286
-9082
-955
-9698
2360
-1059
4172
-1290
5094
3998
-9458
-4438
-7553
7546
-9491
-8470
-5605
-671
9853
-950
-4955
4390
1666
-2548
2537
-1977
2187
6452
-7387
5163
-6067
-4107
-932
4268
-1728
6287
4548
-1226
-638
-5111
-2251
-1196
7648
-3775
-3292
2418
-1110
1681
5269
6128
468
-2858
-538
-836
1784
1213
-2225
-4657
5808
-6345
-8590
8907
9049
2305
-5908
-9091
-9533
7846
1385
1584
385
7900
-1411
-6337
-9747
8394
688
-1130
1613
3600
-1116
3921
-85
-6316
-2130
3293
9924
5208
4003
9959
-8552
-1115
-6545
-3667
-911
389
1273
-1178
-3103
7749
6202
-594
-8668
-8404
3111
-2226
3325
4972
9692
-7790
5877
-7683
8155
-5817
-1566
-9703
-277
-3895
-5879
-4967
-3524
-9688
9156
8637
-4372
8526
-915
-3136
4416
-46
5970
253
-7554
-6269
5652
-7259
-6100
-1393
5151
8009
5010
2459
7087
5773
-5318
-4357
-8535
-6309
6674
380
3060
-73
2466
2568
-9428
3764
7698
-6939
1975
-3118
6845
7077
-451
-8498
8076
3182
9939
2489
-2116
1494
6889
-9749
8435
-6015
-4711
4534
-268
-202
1568
460
9206
-2116
-2174
2455
2069
-587
-1696
675
3815
221
8756
7879
-1018
-2857
5876
-4788
-1449
-4562
-2190
-8340
-7199
-3816
8242
-2312
-6968
419
-9209
6523
-8664
8704
6992
1160
-6447
3680
1586
8186
-6434
-4943
-4691
6376
-4463
-6906
4678
-9623
2329
4641
-9244
-1964
-8158
5132
5813
5340
-1067
8480
510
-7399
-8473
1581
3810
9367
-2569
3364
-3627
508
1603
1320
8778
8858
1657
-6398
-443
8766
-1749
-620
1973
3792
4246
-1480
4369
-3986
-9972
4499
-9806
-5727
-6609
-2243
-3066
-667
-8193
4952
9231
5552
5853
-4127
6839
7162
5705
1963
-2042
-9111
5780
7859
-3990
-6683
4720
-1493
-2735
1687
-1749
6670
9900
-4293
6801
3300
5479
7451
-9131
-4640
8582
7965
-3375
-725
-6503
-6245
-214
3091
-5400
4281
-1799
6303
-3186
-643
906
7630
-5645
8387
-2466
-4111
-6877
3785
-7905
8334
1035
-567
-5074
7973
-7366
-3259
4582
3427
2629
716
-1882
-8791
1515
3772
-5326
5173
5633
1931
-2794
7582
2844
-7596
-3723
-7856
4082
-2703
-1766
-4802
-6087
-106
-921
6825
-2724
6680
-5656
4129
3072
4724
-2242
-868
-6908
-6730
5561
-2749
-27
-2466
6849
-5815
1317
6522
-127
-1864
-7506
5947
6671
-4465
8673
-3424
-6686
-1110
991
9263
-5118
2025
6172
-1254
8210
-8045
-9513
9323
-1804
9612
-31
-9442
9654
2852
-8678
6942
-8102
4945
5125
3055
2104
8614
-2621
-9669
-5444
-8027
-336
4427
2064
-1156
-8311
9056
-2364
-5916
1544
7626
-5760
7153
9916
-5706
-6856
-6020
-4277
8077
-511
2480
-1465
-3975
-2666
-1053
-1913
8862
4592
-6162
781
-7215
-1926
-6111
697
-6553
-5882
7208
-2165
-3083
-5958
-3007
-5101
982
-2468
2632
3191
9566
-2765
-4650
-9308
-7408
-2146
-1155
-6079
4013
8633
6716
-4868
-5450
-1967
-5429
-1781
-6828
148
-7222
7710
9473
-8658
4922
9571
-6001
-3267
-8988
-60
-5118
6649
-7635
2942
6194
-4258
7676
-7011
-8134
-9159
8485
6920
-4056
-6877
3692
2544
2891
-5812
-8734
-6419
9548
1680
-7103
8469
2820
-2580
7224
3032
-8525
7520
-9012
77
-3436
6254
1559
-5389
-92
-402
-9994
-5257
-8872
-4630
2037
3039
-5545
2213
9058
-1927
-8287
-7785
2955
-8746
2803
-6164
5801
8011
-8734
-4113
-4320
-5236
-8547
368
-9894
4787
8906
3917
9549
-3381
6085
-4751
969
1762
3152
1663
-8785
9417
5362
5328
4714
7102
6840
-4152
8450
1160
6645
-6394
-5985
498
-472
6693
3420
-2543
3103
801
9583
-8571
-2634
5404
-1950
-8742
-9916
-4216
6425
-2515
7070
-3635
-3378
-7745
-67
-6395
-6248
-357
-3244
3051
1777
6076
-3847
4296
8122
6797
-2803
-2230
-4686
3239
-3041
5103
-4066
-9386
-445
6039
7586
-9877
-7982
-1449
2090
8448
-6041
-3637
-9671
-6778
1328
4813
-8458
7466
3586
-4330
-9861
4399
2534
-2676
-7077
-5517
-3854
-5135
-2513
5791
7595
1775
2885
1697
-6436
-3161
2029
5179
616
8914
2507
6609
4496
-8845
2060
5811
2986
-8748
5056
6789
-8972
-6519
2670
-9329
-7287
-5502
3152
-4852
-4647
-652
3381
6597
-7354
5291
-6521
9720
20
6803
956
5739
-8275
4417
5884
-6620
3569
-1901
-7839
8076
-33
6253
-8957
-3476
796
4473
-54
4977
-551
358
-9264
-5191
-1798
-6588
6503
4147
775
9763
8188
-8009
-803
-818
5494
2672
-7138
-2893
4611
-7653
-4075
-608
5978
4819
-7847
7776
1440
8399
-388
488
7088
5042
2347
-4054
-9213
-5277
-7149
-9449
-281
-5632
6019
9828
3743
-3245
7279
-3784
-7252
4911
-46
-1977
-736
-72
372
9320
430
-8071
-6789
8069
-8283
-593
9560
4059
7503
909
-7278
5610
3227
1056
2928
-4638
-852
9951
9592
-2450
1521
3138
-319
-6231
-8291
-8004
4439
4169
-7420
-114
-64
9945
1647
-5334
-4213
-4552
-3754
-4655
-198
-6399
7327
-6260
842
-2738
-46
-65
7134
-6819
7146
-6828
-724
-213
-2348
1706
8742
-3815
255
-5876
5308
-6677
-5790
3938
-3081
707
-8893
2896
-1368
2521
-2028
-6654
1046
857
6391
2603
8715
7694
5209
576
4902
3830
6918
-8874
-4231
4886
843
-1194
-2574
-3620
-527
1849
-4246
9507
-1604
2997
-3583
-4705
-8158
-5358
2209
-4113
-9004
-1020
-8575
-1255
-3408
3662
-1890
-1167
-8731
7974
8074
6457
6550
-1442
-6632
-5436
7937
5887
3860
-2784
-7937
7772
-6775
9805
413
1818
2381
-2433
9906
-5724
-9851
-1511
196
4619
8176
2368
5095
3988
-3978
5035
-5490
-8399
3105
7215
4247
-3324
6365
4624
7599
-8767
1393
-7321
-3588
7755
-139
2013
4840
-5315
2374
-8205
6900
4763
-7268
3386
8330
9445
-9524
-2242
-221
3590
4518
5548
-8855
-9098
-5758
-3180
7782
-4169
-4301
7296
5497
-4741
-450
-6128
-3630
4880
7110
4830
-9138
6143
1144
-9845
-6963
-2328
-4133
-5876
5970
3007
-4918
3803
5873
2755
-1905
-6894
-519
2972
-1157
7774
-4883
1902
350
-4049
627
9925
-2721
-9702
7364
-4904
-3533
7921
-6557
-1865
3166
-8573
-8631
5730
-4434
-5733
5443
635
-158
9849
2437
-8686
-3799
9793
7088
-6028
-5037
9815
784
5804
-8161
2093
-8768
3538
-3723
4363
4695
5228
2058
7689
2814
9531
1828
-5668
-8543
1421
-1678
3980
-6120
5168
-3145
1980
-3438
-8889
9912
9891
6042
2159
9047
-4022
8790
-2956
5982
181
1525
5609
-8837
-6922
-404
-9005
3025
2860
-5921
6480
5593
-3365
9232
1655
-8757
-6276
-7801
-9405
6554
353
1989
8245
8119
-2023
298
-9298
-3572
3484
3771
-1379
-2284
5129
-3685
-7387
8674
9726
-4311
5108
723
7175
3071
4715
8996
109
-564
9283
-3941
7659
4910
3174
3400
-180
5415
-3067
9377
-9837
2902
-996
-3962
4967
1809
-3954
-7345
-3215
-3248
2640
-1540
-2938
7608
-5190
-3155
4624
-3675
-7529
1603
8798
732
7516
3763
3921
2944
-8737
-6806
-1104
-5504
-7781
7773
1442
-9003
-6582
5345
6494
-3431
-9450
-4810
154
1837
-8223
-1490
-9530
-5058
5780
9647
-1400
-2270
-6583
-2595
-8706
-7424
3945
6835
9476
7750
-7416
1580
-1213
7847
3282
2329
-1026
4018
820
3253
6109
1498
-3076
-8372
-3513
-335
1058
-2967
47
-3678
-9123
2633
-902
4392
861
-3539
-4515
-2411
8799
-5289
9178
4067
5704
7065
-7534
6556
-7759
5634
-2024
-908
-7043
6136
3656
6049
-8453
3272
276
3997
-4922
7930
3214
8894
-3972
-2282
2645
-295
-9834
-5014
2664
7333
203
-8042
2972
-196
-414
-4909
-3644
-6624
-3103
-9719
-7403
8048
9432
7340
4476
6743
-6995
1272
2528
2823
101
-9012
-8435
-3399
3824
-9860
-3806
-1967
-9466
5101
1562
7904
-6460
3339
5805
-5507
-6685
-3961
-7974
6315
-9903
1096
-4164
-2688
-1793
-1610
6367
-7445
-5119
-2306
8244
3918
6014
7513
3601
-2754
6832
-1600
6103
-603
3740
9751
-2487
-8907
-3900
7875
1585
7454
575
-3199
4877
8315
8699
779
-1867
3468
-1861
-2527
9084
-4498
-5076
5964
6307
6024
734
-4405
-4189
6369
6339
-4634
4365
5999
2218
-9755
-4788
6034
4728
-9532
7083
3457
-4062
1234
3223
-9175
6438
9617
-1602
-2643
-2248
4227
616
4569
-2301
8661
-3701
2877
-7828
5044
-1134
5845
-7830
-4762
-9975
-943
9355
9803
-7821
-631
1911
-3079
8215
6796
114
2750
4704
8196
5651
-964
-9634
-2138
4388
-714
7754
-9824
132
3014
-7926
-2720
6556
4865
-1748
-2165
6037
6571
7423
-8674
5754
-7985
-8591
5736
5073
-587
-3526
5857
-3723
-4127
6448
-6130
-6929
173
-8491
-8018
-9781
-9240
3125
-8398
-6143
4658
7273
-1087
8887
4971
814
7537
2583
-703
3134
-370
7718
-3336
-6839
6536
7776
-3671
5029
-8826
6330
-5557
2620
-3516
-1598
-6338
4579
-6867
-2964
-5877
3345
2983
-6880
4858
-2561
8298
-6881
37
954
-7653
8625
3287
4665
-4326
-8072
7355
9356
128
979
8483
5034
364
9189
-3842
8253
6226
-2212
-4962
8595
5244
6407
398
4197
-5491
-6144
3158
3209
-9914
-579
-617
-5389
5136
2303
-6192
-778
7860
2474
3121
-5616
-4307
-4484
-4134
23
2252
-2201
-6443
-708
6244
-6365
8940
-5960
-6034
-5332
-9312
2804
4792
2721
-8709
-8116
-2522
-2511
-2644
413
6875
-18
7300
4275
-3093
4265
-8533
-160
-2026
9701
6639
-2017
5613
771
-7520
4360
-9476
-6623
-8030
320
-6726
-3958
-3726
-2217
7106
-219
4899
8518
-7882
1769
-5398
2021
-9748
-719
391
-1777
6222
8398
-5337
-5885
-7545
-2470
7988
-2653
-4037
-9951
-8308
-5317
-198
-3882
-7563
9112
843
2510
5809
-9100
-7894
-7793
6000
8992
1647
-2068
-4979
-5318
6706
2144
-1636
-1908
2190
9944
-2593
-4120
-1952
-9996
-7873
7632
-6303
7630
1531
-2760
-7704
-3087
4789
-5416
2753
7084
7952
-6757
-1130
7637
-1232
9099
3817
5510
-6267
-4521
3408
1153
2814
7008
-7904
4998
-411
-1069
6877
4962
-2906
1536
6011
-2731
-2630
8536
-1321
3621
3973
-7663
6693
4858
-1551
-8622
-2259
5571
4249
-3709
4640
7242
3610
3014
9361
3471
8015
8014
7481
948
1734
8159
-8139
9771
2457
444
6701
9892
8360
-3823
-3389
-6299
8164
-745
-3614
-7753
-6722
8810
3107
-6845
4211
4394
-8982
-6372
5530
-5124
-1999
-1403
2180
-5335
-4715
-9852
1604
5746
-9173
1418
9074
6824
156
5633
-7526
-9472
-7667
8442
6436
-717
5492
-9398
1745
-7942
271
-609
-7422
4403
5108
-5689
-6177
6203
4986
3261
8502
-3459
9871
-7146
-5875
-2480
-3853
7052
-8217
-6025
-9664
-1024
-8766
-2399
9887
-4346
-8306
-620
-9991
7238
-8365
4248
-7777
-8168
2025
-2240
1426
-3146
-6549
-5769
-6772
7119
-6886
-2880
5905
6430
-9023
8092
1439
-5534
-8621
4182
6497
-6194
1027
-8343
-3271
35
-8459
3214
-6330
-1956
-905
-2628
-6160
-6425
-40
3271
-8270
962
7286
8184
3184
-3809
2065
-8706
8531
-762
6938
-8183
-7523
-1846
1306
6114
5165
5140
1925
-5662
-1900
7236
-6516
-8380
1958
6549
500
-4088
-9897
6561
-8904
-8812
3479
83
-9055
2371
3676
5509
-7051
-928
6009
108
-6277
-6290
-1961
-2519
-4984
-2191
-4752
5703
9788
3337
-152
-6714
-1933
6840
444
-3863
-5765
-5032
-2102
1201
5638
-2025
-6440
-3731
9220
-69
-4255
-6937
-7665
1792
8215
-3437
5944
-4693
580
-3930
4181
8278
6664
-574
9322
-2566
-5447
-7004
722
2495
-2447
9688
1661
4684
1423
-5170
-2590
-8332
-776
7685
-5165
-4392
-6028
-1605
-244
-4207
-1892
-558
6154
270
-285
-271
917
-540
4665
-9948
2526
-5731
6237
4154
2005
3028
-5092
-5974
8143
-5534
8543
5725
6085
-6259
9368
-462
-4532
-9698
-5492
-1802
-8305
2583
-9441
-7538
-5636
2291
6437
-9109
-6383
-7884
-1980
-8147
-6547
5417
-9956
-7526
-4817
-1338
1543
-9202
1645
726
-6359
4120
-3427
-4997
-4087
9598
7094
5424
6873
-3263
2815
267
-5937
5237
-6797
-4907
166
2622
-5215
5229
-1911
9642
-6826
-9642
7778
4478
-5046
-6903
-5292
-7195
-3997
9473
5839
9525
5190
-9360
-5746
2642
-7934
4178
7880
-1261
9138
-6384
-2822
3116
593
8262
5683
-1786
-1730
-2980
-703
-5762
-1284
8060
-8517
383
-6440
-1333
-1257
-9079
-4316
-1857
4568
-3276
-8278
-9405
-2274
-9028
9041
-3984
9552
-8791
-7008
-8634
-4435
2347
-5575
2051
-4496
-9875
-4019
-7153
3537
-2132
-34
-6256
7761
2988
6160
8445
6806
2698
-1085
-2206
6047
5916
-7691
863
8283
5519
9174
4272
3777
8369
-6708
-6189
-101
2089
3568
-6665
137
-2259
-108
2759
1369
9130
-4212
-3400
9225
-3635
4432
9333
-7605
-3476
7983
7189
5856
-2848
-4869
-3587
9297
8054
-5636
259
8713
-8195
-705
-2028
-8648
-1155
9489
-7657
-5248
-4615
7289
3158
-7861
-2561
3337
-3911
-5491
4364
9835
-9042
5645
-173
-9191
4603
-5170
-5796
-9387
8516
-2003
387
-3633
9722
-4706
2300
-2499
-4945
9023
7202
9031
6869
200
3148
-3173
7298
5234
4789
-7865
5047
-694
1238
-9735
5308
-3480
2033
-4150
-7780
-3070
-8566
968
-8546
3350
-6023
4284
-635
7200
-9729
-973
-6806
9372
1177
5591
-8473
9757
8397
2465
7073
-5375
-4418
4192
-8292
7243
8445
811
-8249
2218
5204
-849
-9227
-1407
-2776
3265
-7774
7648
-8287
-58
-9813
-5119
-9262
5470
-6177
5094
-4152
-3102
-1113
-9825
-215
-7758
-7120
-9862
-4412
-2827
8374
-4998
-1658
-6539
-1718
5085
2361
2760
-1678
6286
-6477
8057
-3684
-3796
5215
5529
1666
-3748
-2508
-3813
8311
1177
5728
-7275
-295
5469
-810
483
-8250
-8843
9015
-5970
2041
-1807
-5338
-5526
8861
-1254
-2249
2080
9244
-2719
-296
-7865
-201
-7970
-8733
-8491
-6700
9390
-3191
507
3592
1860
8614
6286
-594
-3956
-9511
9956
-7452
7610
-4655
-8921
-4511
-2756
807
239
9133
-5953
5641
-1648
4621
9819
2737
-4438
5634
4828
4895
-1724
7635
3658
3305
-9892
-3471
-6386
5951
-6634
8883
591
6515
-1585
4559
7478
1052
603
6170
5498
-2360
-9704
2885
3817
1688
-6423
5263
1931
1052
7406
100
-2027
1929
-5912
-350
-8949
9701
4007
6772
-1704
3174
-3400
-5080
-6451
1675
-5357
-6457
7102
-3959
-6427
-284
-8702
550
-291
191
4535
956
5884
-3560
-8711
-6232
-4798
-2966
-2543
-5281
1128
739
-6420
-4831
-788
6695
2610
9883
893
-6298
9828
8121
5372
2802
-5276
-2218
8248
-9932
-7646
6513
5798
-7299
8929
4294
129
6135
2154
4637
6813
9154
6935
-9280
1844
6392
7918
9282
-6127
-611
7058
6099
-8680
6698
1390
3146
9112
200
786
-4886
-9295
-1757
9629
-3310
-7678
-89
399
7325
-105
-1103
-1418
-7080
-4273
-555
-2563
-8465
7607
5965
-8540
7358
-8250
1197
-9457
4760
2308
6140
-6241
6062
-5574
-9040
6957
6182
1231
-2737
-6535
5212
7020
8674
-5434
-7834
-8366
989
-401
31
-4966
-3226
4407
-2188
-3511
-8830
5419
-5292
9111
3995
5337
-7859
-1351
-7106
-2406
-4685
-938
-3277
-5999
-6976
4326
-1078
-2752
-6834
-7733
3018
-8614
3006
-6840
-7093
8297
-2222
2799
3506
1222
-1532
562
-4361
-1826
5525
8839
-7302
-9328
5666
-182
167
7386
1813
7834
-9406
-1389
-6976
-3606
4765
3776
-6681
4732
8295
-10
-256
-3077
-9942
-4191
-8361
7490
-7561
672
579
5526
4177
9200
-3113
-2556
4406
8118
2246
9536
5291
-9390
9322
-2511
3589
7952
1738
8537
-898
5424
-3
-9753
4718
-3593
9778
8085
177
-7882
-394
5455
-4469
-7465
3255
-6445
-393
7404
-5092
-1018
5710
-8620
-3520
-4801
-6827
5356
-7187
-1049
9696
4903
-5885
9506
-8948
-7864
-8660
-9395
3690
5360
-2484
-848
-4705
1115
-2983
-6603
477
-9524
1768
-6210
1687
-2694
-495
-5917
-8184
5718
-4161
-2103
3266
3251
5897
-8389
-2913
-6396
-2268
2082
-1797
6154
-8257
1490
-4235
-6895
3156
-533
4448
5353
-581
8965
-9664
-6871
6079
5067
-4907
-5812
2454
8290
-6386
-1915
3641
-3928
-3467
-2764
9591
8664
-2987
-2143
7324
1105
-8968
637
1812
-5763
4544
9266
9993
-8574
129
-2634
9206
-4438
7317
-602
2877
-8463
1585
-3193
-1114
7561
-1933
4483
8248
-8684
-685
2776
8813
2840
-2879
-6805
-3537
-3173
-287
-9799
3582
9381
-5625
-9777
4030
-1617
2053
4968
1574
6895
-8430
-8457
-9847
-5286
-1825
-9292
-4611
43
5099
-3652
-4716
-1072
9179
9187
8067
1080
4417
5820
-402
8278
-4575
8809
1098
157
6757
-6648
-5482
2415
6699
-3722
7757
-8155
-3715
4342
540
4229
-9028
3007
-8099
-5201
8655
-5311
-163
1633
-3045
-2446
-5596
-910
-7084
-916
5275
6879
-3521
6796
4405
-7937
6662
-7843
-3306
64
6510
2563
-7814
7738
-3172
1868
2030
6034
2099
6545
3169
-1854
7268
-8576
-3925
2322
-6604
-8844
681
139
-6624
1200
1984
-9002
-4678
7699
-9294
6256
-5032
-9634
8340
-5478
-4491
-6413
1215
48
-8049
7565
-9571
-5217
4297
3531
3608
832
5516
-3262
6603
7029
8140
8461
9063
-4888
2615
8142
2338
-6182
-2110
-3491
-2798
-5497
-8252
-1134
2037
6036
-7480
5891
365
2597
-2640
3325
2641
1343
-2465
-8747
2795
9026
-9392
777
-38
-8785
7630
1391
-3573
9101
4107
-8308
7013
4107
-3607
-3534
-7538
3834
5560
2918
545
8260
1344
3073
-3153
-185
-4505
-2194
-9177
-200
-7129
-4066
8673
-64
-8929
3053
487
4599
9484
7806
485
-8300
186
6293
-8575
4897
7410
-8980
-9654
7089
9385
1754
4454
-4190
-4864
-3215
466
7689
2130
-5486
-6881
-1813
2851
4294
4374
-4939
-8036
-6781
6088
9963
7032
-8885
-5075
-1887
2905
-1869
1690
-9317
-1865
9610
-6434
-9650
-4432
-7809
330
2680
2284
-3492
5565
-3507
6926
2611
-999
1591
2330
4748
-2940
7394
9612
-3615
-694
4844
-7755
-734
-2734
-2170
-889
601
6218
8152
-4575
5151
9051
4264
-3512
-2239
-1424
9457
8856
-8449
-2099
-3867
-33
3153
-5654
1506
-3040
3426
3666
-6880
-4228
8659
-5882
9863
5295
-436
-3110
-2100
-1662
1077
5426
-554
4188
2050
-9035
-7700
7683
9446
-9865
-4365
-5293
7515
-8734
4722
2498
-7863
-645
-8944
-3298
2648
909
-7926
4713
-439
6909
-4531
3482
-4166
5294
-3833
2625
-487
4506
5602
2588
7175
2858
3555
3207
1782
-8500
-3667
-2820
9855
9104
271
-795
-1434
7508
-6703
-6661
-9433
-799
-7965
3836
5365
-7476
-5764
407
273
6123
9896
1367
4610
-3
-8791
9853
8577
-5861
85
-8078
-9925
7413
9369
-2679
9433
1854
9543
4399
-7173
5428
9809
4871
-3202
-1562
8004
-601
-3125
3413
6518
7339
-8712
3685
9414
-4362
-3419
1131
-5827
-4089
-4407
-8910
1019
-6024
4320
5233
-7702
-8418
-3514
6653
-8876
5487
4342
-3976
-1801
2947
-1559
-3487
-96
-1341
2173
335
4135
8635
-6268
8094
-2188
-164
5896
-9439
-2235
-142
-2813
6165
3081
3034
-1358
-3755
-6009
-9664
6120
2726
1177
9814
-8677
-9933
-556
252
7681
-8568
-1092
8638
8701
1869
4186
-6063
-9590
-4497
-7699
-7901
-9059
-1083
-4487
-9486
-7281
5083
-7389
4989
-4047
-1282
-3043
-421
8394
-1412
7774
-3149
-5940
-908
-5868
-5948
-5610
8574
-5781
-9981
7724
-6929
4773
6848
5186
-4189
9549
-9472
3206
-3909
5967
-4667
5987
6713
-9109
5624
5100
1845
-2863
-3374
-4750
784
822
-9620
496
883
6037
-3335
4794
-6616
-3104
8754
-1057
7823
7360
-8501
1689
4714
-3671
6852
2791
2658
-7645
8220
-8698
7517
-3267
7767
-5590
2271
-5591
-1909
5068
-2225
-3033
-9920
-721
-9818
-7150
9659
-1748
2729
5695
8858
9696
21
5569
-7126
-3418
-8904
4898
1911
2835
537
-2769
-6997
-3676
5101
558
-9129
-7153
-3042
3080
-8492
4786
7971
-7348
8652
9492
-5994
2299
4769
-7145
-7296
3116
7767
1487
8984
-2375
-1689
-4619
-6265
3659
3125