1000
28
822
846
241
938
696
544
459
942
200
397
133
937
134
244
949
374
486
513
560
244
706
92
368
646
783
632
821
289
655
337
238
592
245
13
803
910
208
595
704
114
828
530
725
938
531
692
505
573
833
645
887
298
544
406
524
990
327
646
955
937
604
770
344
118
955
39
910
496
382
963
474
424
172
811
195
957
190
91
919
843
797
456
676
255
304
701
474
780
207
622
194
809
747
155
878
215
254
332
182
854
704
610
724
303
674
175
425
217
726
644
987
881
944
39
257
114
956
708
991
145
334
105
861
626
139
109
493
279
745
683
98
960
590
675
772
619
930
400
49
5
385
346
871
953
490
45
344
79
166
599
670
478
509
373
290
708
261
336
27
483
467
865
45
691
665
553
521
484
319
31
388
334
287
129
286
977
478
975
974
810
603
587
789
588
946
371
307
562
362
489
133
553
634
513
166
872
679
591
453
669
932
751
879
942
50
844
718
235
9
245
827
179
711
788
956
41
141
852
93
665
793
377
377
766
440
454
464
127
690
516
483
8
692
583
901
436
686
204
121
37
161
563
663
952
197
380
130
324
761
681
261
888
833
341
431
203
58
951
926
339
635
859
99
634
939
518
57
720
636
892
768
513
306
706
923
742
187
896
928
663
168
954
492
914
802
19
570
162
827
796
643
720
277
777
828
275
878
367
596
568
469
152
411
564
556
700
440
50
733
378
666
194
821
619
257
317
98
183
839
850
188
889
493
371
334
732
535
782
24
151
86
970
614
56
778
220
693
976
612
388
990
446
696
107
193
508
222
798
636
140
940
709
256
580
409
756
735
931
326
563
727
984
498
562
470
717
983
758
655
22
202
718
240
465
872
290
587
744
871
172
746
768
167
958
898
550
769
415
113
301
335
251
695
568
606
337
572
752
941
435
49
538
518
371
189
734
105
840
110
675
604
881
705
606
27
701
601
502
205
772
208
472
744
412
573
543
207
391
599
757
997
435
608
448
313
329
828
463
867
728
650
997
586
817
862
375
905
379
48
801
131
578
784
308
929
469
962
98
349
379
694
486
628
279
155
890
40
549
46
101
998
93
70
60
378
269
152
649
688
137
350
146
658
360
986
418
660
324
329
112
143
785
622
373
765
344
904
408
172
588
885
69
430
512
776
111
263
612
378
111
149
61
285
197
350
616
509
144
512
730
811
482
176
998
329
361
253
274
946
263
550
392
439
429
363
144
14
894
409
394
844
863
509
996
378
792
239
461
30
63
859
86
408
961
382
317
201
64
217
84
87
990
288
553
217
727
123
329
762
446
151
725
556
248
677
36
578
937
8
193
972
594
56
49
618
355
835
28
987
246
399
230
58
211
151
284
26
431
789
568
103
919
982
131
191
513
143
97
908
238
383
418
272
887
526
24
618
982
351
685
158
22
769
279
604
373
821
760
682
798
626
846
107
112
236
701
589
694
43
334
660
137
533
543
140
630
262
925
914
689
942
208
345
634
129
862
32
623
163
228
871
146
319
212
675
179
319
68
534
399
753
555
590
326
22
139
312
520
372
420
503
417
448
231
566
336
605
406
491
499
157
986
385
831
438
999
335
312
995
696
276
383
183
882
676
740
720
697
90
770
173
956
3
997
109
714
489
369
594
114
87
340
87
860
648
197
87
346
226
966
31
353
522
119
933
450
665
185
309
676
227
380
406
259
739
555
989
239
739
169
742
280
757
750
501
542
403
263
604
557
476
836
587
996
7
379
590
476
262
391
153
937
195
910
919
227
264
395
136
423
215
116
435
509
69
747
324
291
876
216
501
699
185
653
382
454
216
986
263
860
598
281
632
925
58
932
872
790
424
230
878
947
556
261
138
831
324
954
205
361
466
807
349
454
269
101
227
244
635
675
627
873
934
612
961
969
666
627
475
131
934
733
339
119
185
669
270
58
723
884
789
424
234
303
461
396
893
329
288
288
655
190
282
619
973
827
855
913
466
887
630
488
596
107
636
886
79
435
961
815
61
980
25
819
847
918
364
279
955
890
3
730
766
856
345
143
234
7
874
522
428
486
43
518
430
219
479
734
598
791
312
553
994
357
509
476
663
689
296
545
911
607
343
223
704
661
104
644
232
859
353
839
823
132
279
542
327
894
362
664
163
386
617
958
976
235
815
3
452
889
136
264
688
952
568
627
43
81
309
807
912
258
917
593
711
333
75
53
500
68
17
558
277
882
495
466
165
397
868
183
359
437
616
594
216
908
261
57
647
356
161
593
744
402
499
84
711
689
946
