100
402 10
132 438
389 135
404 116
336 247
389 357
500 345
54 452
51 75
434 169
494 169
182 324
270 262
489 269
47 405
147 393
17 265
138 234
326 277
180 18
375 12
467 336
226 269
152 88
110 147
154 144
165 181
315 302
420 201
294 74
311 215
166 353
159 69
281 362
222 277
222 401
340 291
142 161
87 154
480 424
222 342
19 349
238 355
300 390
109 262
372 55
31 208
434 427
197 389
464 482
111 477
274 497
165 277
452 133
195 16
247 326
120 129
110 297
326 125
340 406
84 279
317 216
83 59
80 70
201 433
31 111
460 412
380 379
310 52
167 175
144 268
327 92
426 149
285 355
494 297
333 64
115 370
181 344
411 225
410 42
73 267
256 42
253 460
348 359
463 225
377 118
263 16
403 161
25 319
461 38
12 228
274 325
412 373
462 262
109 97
264 254
332 90
479 389
16 489
378 214
