100
402 127
165 446
325 311
447 99
401 298
251 32
61 288
417 202
495 111
295 57
284 478
15 429
469 385
42 262
498 406
108 451
153 466
488 293
202 460
404 204
165 329
26 48
372 86
372 59
358 231
490 483
50 94
435 214
107 330
65 291
416 318
212 111
458 203
408 133
381 223
354 482
362 438
166 186
36 81
368 26
459 37
410 213
247 445
346 235
132 74
339 178
58 469
119 312
403 47
14 205
235 249
356 414
169 67
38 181
13 78
493 43
210 162
333 266
23 434
391 116
99 251
99 154
494 296
488 491
416 272
230 375
360 465
390 144
149 166
291 151
461 260
142 417
235 424
433 242
444 213
342 331
55 326
111 256
341 108
231 47
113 192
30 90
381 27
122 98
292 166
331 91
110 106
195 389
16 308
56 123
398 181
163 67
143 153
341 235
461 96
169 491
286 493
457 446
28 413
348 33
