100
49 13
328 204
53 269
374 322
262 293
449 344
403 463
92 451
340 137
249 291
210 434
120 362
195 167
291 128
102 90
12 491
138 350
146 455
455 51
119 171
67 186
409 269
280 95
57 214
299 304
463 453
494 239
169 205
125 331
341 115
334 451
141 103
404 63
169 442
414 148
325 64
237 17
84 313
403 100
71 487
436 392
86 339
435 349
458 83
384 216
130 51
379 30
227 375
183 182
487 87
396 455
34 300
24 132
392 231
107 81
164 64
481 444
248 97
412 357
92 177
64 448
375 171
456 469
311 91
189 243
136 271
364 42
271 483
331 240
475 167
470 74
20 371
241 369
178 204
124 191
412 471
493 72
153 103
473 81
214 139
145 389
293 92
203 16
127 87
426 167
72 233
344 131
294 480
116 418
109 289
287 57
158 473
211 214
304 193
427 45
379 39
21 246
121 469
11 457
381 133
