100
401 490
892 739
481 162
519 818
635 834
955 710
500 647
120 717
396 482
838 889
454 151
770 612
434 945
162 742
956 109
321 547
720 721
227 928
672 861
591 409
904 982
321 715
536 468
426 382
494 693
874 751
516 369
738 809
623 302
435 394
186 611
668 602
544 116
910 105
286 733
563 730
552 940
616 180
757 218
365 827
423 837
193 713
867 711
546 781
695 279
594 578
400 369
762 254
558 697
100 144
175 928
649 275
132 539
547 445
521 801
992 795
668 812
675 163
632 832
742 636
203 201
493 270
520 652
880 460
398 438
988 867
325 684
689 724
714 150
255 462
554 150
488 299
667 141
275 222
673 782
681 538
158 796
675 771
537 184
292 387
654 380
104 183
121 507
656 835
995 516
697 792
361 333
917 122
132 203
475 967
117 168
935 645
893 616
857 494
231 319
531 782
352 640
643 903
770 134
468 581