5000
1028 248
9067 6507
8624 5344
5725 125
6356 8536
5543 2743
2272 3632
5049 889
900 1000
5811 5571
5808 2688
3877 4357
7524 3384
3775 3375
1616 5856
5073 8833
2132 1432
4299 9579
7600 8000
7021 4141
1588 9928
5287 7607
8624 6224
5625 5625
276 5176
3603 4723
6592 5632
3749 69
6100 7000
9631 3711
4368 1968
9297 8257
7924 7864
7275 2875
8336 4496
7133 413
1652 8232
9399 6359
2400 4000
9641 2281
148 8808
1907 8307
1424 2304
4725 1125
1796 1816
1663 5903
3312 1232
7249 2449
2500 5000
3051 7851
4928 448
9117 9757
5124 3544
3975 6375
6656 5136
3193 1193
7572 6632
3299 2339
2400 6000
5861 8421
4708 6888
6927 4607
5024 5584
1025 4625
8916 2456
7723 6283
432 6432
3549 29
8100 3000
4071 1991
5488 8128
1337 4857
7124 2424
1875 1875
4576 1776
1253 1173
7892 2632
3999 9519
5600 2000
3681 6561
3268 4168
8347 2507
7424 8064
2525 4125
9636 1096
9783 5863
5952 7232
649 4809
900 9000
691 131
4048 5006
3957 9557
1924 6504
8975 7375
96 8416
9313 353
612 2232
9499 9899
101 101
1101 701
3828 648
4167 8007
6624 1744
7225 7625
1956 1736
5843 4643
7872 9632
6549 8789
8900 1000
911 6271
8608 1088
4977 9857
7524 7784
3275 875
1216 9056
5373 8733
3732 1432
7799 5479
3600 8000
6121 4841
4388 6328
2387 7107
624 8624
3125 3125
3876 8376
3903 2623
4192 9632
9249 3969
100 7000
2731 4411
7168 6368
2397 1757
1924 8264
2775 375
5936 7696
7433 6313
5252 6232
6899 8259
4400 4000
6741 2981
2948 1208
1007 5807
7424 704
8225 8625
3396 5016
1963 9803
2912 3232
6749 2349
2500 5000
4151 8551
7728 848
4217 1257
3124 9944
5475 3875
2256 8336
3493 3093
3172 2632
4799 239
400 6000
961 9121
7508 5288
8027 107
5024 9984
525 2125
8516 5656
8023 6183
2032 6432
7049 5929
4100 3000
3171 2691
8288 4528
8437 4357
9124 4824
9375 9375
8176 4976
1553 9073
5492 6632
9499 3419
9600 2000
6781 7261
6068 8568
1447 6007
1424 8464
8025 1625
7236 4296
83 1763
9552 5232
8149 6709
2900 9000
7791 831
6848 7408
3057 7057
7924 4904
2475 4875
1696 1616
9613 4253
212 4232
8999 9799
101 101
2201 1401
6628 1048
9267 9507
4624 8144
8725 5125
7556 4936
6143 6543
3472 5632
8049 6689
6900 1000
6011 6971
1408 9488
6077 5357
7524 2184
2775 8375
816 2256
5673 8633
5332 1432
1299 1379
9600 8000
5221 5541
7188 2728
9487 6607
2624 1024
625 625
7476 1576
4203 523
1792 3632
4749 7869
4100 7000
5831 5111
9968 768
5497 5257
5924 8664
8275 7875
3536 896
7733 2213
8852 4232
4399 159
6400 4000
3841 3681
5748 3608
107 3307
3424 9104
1725 6125
4996 8216
2263 3703
2512 5232
6249 2249
2500 5000
5251 9251
528 1248
9317 2757
1124 6344
6975 1375
7856 1536
3793 4993
8772 8632
6299 8139
8400 6000
6061 9821
308 3688
9127 5607
5024 4384
25 9625
8116 8856
8323 6083
3632 6432
549 1829
100 3000
2271 3391
1088 928
5537 3857
1124 7224
6875 6875
1776 8176
1853 6973
3092 632
4999 7319
3600 2000
9881 7961
8868 2968
4547 9507
5424 8864
3525 9125
4836 7496
383 7663
3152 3232
5649 8609
4900 9000
4891 1531
9648 9808
2157 4557
3924 3304
5975 2375
3296 4816
9913 8153
9812 6232
8499 9699
101 101
3301 2101
9428 1448
4367 1007
2624 4544
225 2625
3156 8136
6443 8443
9072 1632
9549 4589
4900 1000
1111 7671
4208 7888
7177 857
7524 6584
2275 5875
416 5456
5973 8533
6932 1432
4799 7279
5600 8000
4321 6241
9988 9128
6587 6107
4624 3424
8125 8125
1076 4776
4503 8423
9392 7632
249 1769
8100 7000
8931 5811
2768 5168
8597 8757
9924 9064
3775 5375
1136 4096
8033 8113
2452 2232
1899 2059
8400 4000
941 4381
8548 6008
9207 807
9424 7504
5225 3625
6596 1416
2563 7603
2112 7232
5749 2149
2500 5000
6351 9951
3328 1648
4417 4257
9124 2744
8475 8875
3456 4736
4093 6893
4372 4632
7799 6039
6400 6000
1161 521
3108 2088
227 1107
5024 8784
9525 7125
7716 2056
8623 5983
5232 6432
4049 7729
6100 3000
1371 4091
3888 7328
2637 3357
3124 9624
4375 4375
5376 1376
2153 4873
692 4632
499 1219
7600 2000
2981 8661
1668 7368
7647 3007
9424 9264
9025 6625
2436 696
683 3563
6752 1232
3149 509
6900 9000
1991 2231
2448 2208
1257 2057
9924 1704
9475 9875
4896 8016
213 2053
9412 8232
7999 9599
101 101
4401 2801
2228 1848
9467 2507
624 944
1725 125
8756 1336
6743 343
4672 7632
1049 2489
2900 1000
6211 8371
7008 6288
8277 6357
7524 984
1775 3375
16 8656
6273 8433
8532 1432
8299 3179
1600 8000
3421 6941
2788 5528
3687 5607
6624 5824
5625 5625
4676 7976
4803 6323
6992 1632
5749 5669
2100 7000
2031 6511
5568 9568
1697 2257
3924 9464
9275 2875
8736 7296
8333 4013
6052 232
9399 3959
400 4000
8041 5081
1348 8408
8307 8307
5424 5904
8725 1125
8196 4616
2863 1503
1712 9232
5249 2049
2500 5000
7451 651
6128 2048
9517 5757
7124 9144
9975 6375
9056 7936
4393 8793
9972 632
9299 3939
4400 6000
6261 1221
5908 488
1327 6607
5024 3184
9025 4625
7316 5256
8923 5883
6832 6432
7549 3629
2100 3000
471 4791
6688 3728
9737 2857
5124 2024
1875 1875
8976 4576
2453 2773
8292 8632
5999 5119
1600 2000
6081 9361
4468 1768
747 6507
3424 9664
4525 4125
36 3896
983 9463
352 9232
649 2409
8900 9000
9091 2931
5248 4608
357 9557
5924 104
2975 7375
6496 1216
513 5953
9012 232
7499 9499
101 101
5501 3501
5028 2248
4567 4007
8624 7344
3225 7625
4356 4536
7043 2243
272 3632
2549 389
900 1000
1311 9071
9808 4688
9377 1857
7524 5384
1275 875
9616 1856
6573 8333
132 1432
1799 9079
7600 8000
2521 7641
5588 1928
787 5107
8624 8224
3125 3125
8276 1176
5103 4223
4592 5632
1249 9569
6100 7000
5131 7211
8368 3968
4797 5757
7924 9864
4775 375
6336 496
8633 9913
9652 8232
6899 5859
2400 4000
5141 5781
4148 808
7407 5807
1424 4304
2225 8625
9796 7816
3163 5403
1312 1232
4749 1949
2500 5000
8551 1351
8928 2448
4617 7257
5124 5544
1475 3875
4656 1136
4693 693
5572 6632
799 1839
2400 6000
1361 1921
8708 8888
2427 2107
5024 7584
8525 2125
6916 8456
9223 5783
8432 6432
1049 9529
8100 3000
9571 5491
9488 128
6837 2357
7124 4424
9375 9375
2576 7776
2753 673
5892 2632
1499 9019
5600 2000
9181 61
7268 6168
3847 7
7424 64
25 1625
7636 7096
1283 5363
3952 7232
8149 4309
900 9000
6191 3631
8048 7008
9457 7057
1924 8504
6475 4875
8096 4416
813 9853
8612 2232
6999 9399
101 101
6601 4201
7828 2648
9667 5507
6624 3744
4725 5125
9956 7736
7343 4143
5872 9632
4049 8289
8900 1000
6411 9771
2608 3088
477 7357
7524 9784
775 8375
9216 5056
6873 8233
1732 1432
5299 4979
3600 8000
1621 8341
8388 8328
7887 4607
624 624
625 625
1876 4376
5403 2123
2192 9632
6749 3469
100 7000
8231 7911
1168 8368
7897 9257
1924 264
275 7875
3936 3696
8933 5813
3252 6232
4399 7759
4400 4000
2241 6481
6948 3208
6507 3307
7424 2704
5725 6125
1396 1016
3463 9303
912 3232
4249 1849
2500 5000
9651 2051
1728 2848
9717 8757
3124 1944
2975 1375
256 4336
4993 2593
1172 2632
2299 9739
400 6000
6461 2621
1508 7288
3527 7607
5024 1984
8025 9625
6516 1656
9523 5683
32 6432
4549 5429
4100 3000
8671 6191
2288 6528
3937 1857
9124 6824
6875 6875
6176 976
3053 8573
3492 6632
6999 2919
9600 2000
2281 761
68 568
6947 3507
1424 464
5525 9125
5236 296
1583 1263
7552 5232
5649 6209
2900 9000
3291 4331
848 9408
8557 4557
7924 6904
9975 2375
9696 7616
1113 3753
8212 4232
6499 9299
101 101
7701 4901
628 3048
4767 7007
4624 144
6225 2625
5556 936
7643 6043
1472 5632
5549 6189
6900 1000
1511 471
5408 1488
1577 2857
7524 4184
275 5875
8816 8256
7173 8133
3332 1432
8799 879
9600 8000
721 9041
1188 4728
4987 4107
2624 3024
8125 8125
5476 7576
5703 23
9792 3632
2249 7369
4100 7000
1331 8611
3968 2768
997 2757
5924 664
5775 5375
1536 6896
9233 1713
6852 4232
1899 9659
6400 4000
9341 7181
9748 5608
5607 807
3424 1104
9225 3625
2996 4216
3763 3203
512 5232
3749 1749
2500 5000
751 2751
4528 3248
4817 257
1124 8344
4475 8875
5856 7536
5293 4493
6772 8632
3799 7639
8400 6000
1561 3321
4308 5688
4627 3107
5024 6384
7525 7125
6116 4856
9823 5583
1632 6432
8049 1329
100 3000
7771 6891
5088 2928
1037 1357
1124 9224
4375 4375
9776 4176
3353 6473
1092 632
2499 6819
3600 2000
5381 1461
2868 4968
47 7007
5424 864
1025 6625
2836 3496
1883 7163
1152 3232
3149 8109
4900 9000
391 5031
3648 1808
7657 2057
3924 5304
3475 9875
1296 816
1413 7653
7812 6232
5999 9199
101 101
8801 5601
3428 3448
9867 8507
2624 6544
7725 125
1156 4136
7943 7943
7072 1632
7049 4089
4900 1000
6611 1171
8208 9888
2677 8357
7524 8584
9775 3375
8416 1456
7473 8033
4932 1432
2299 6779
5600 8000
9821 9741
3988 1128
2087 3607
4624 5424
5625 5625
9076 776
6003 7923
7392 7632
7749 1269
8100 7000
4431 9311
6768 7168
4097 6257
9924 1064
1275 2875
9136 96
9533 7613
452 2232
9399 1559
8400 4000
6441 7881
2548 8008
4707 8307
9424 9504
2725 1125
4596 7416
4063 7103
112 7232
3249 1649
2500 5000
1851 3451
7328 3648
9917 1757
9124 4744
5975 6375
1456 736
5593 6393
2372 4632
5299 5539
6400 6000
6661 4021
7108 4088
5727 8607
5024 784
7025 4625
5716 8056
123 5483
3232 6432
1549 7229
6100 3000
6871 7591
7888 9328
8137 857
3124 1624
1875 1875
3376 7376
3653 4373
8692 4632
7999 719
7600 2000
8481 2161
5668 9368
3147 507
9424 1264
6525 4125
436 6696
2183 3063
4752 1232
649 9
6900 9000
7491 5731
6448 4208
6757 9557
9924 3704
6975 7375
2896 4016
1713 1553
7412 8232
5499 9099
101 101
9901 6301
6228 3848
4967 7
624 2944
9225 7625
6756 7336
8243 9843
2672 7632
8549 1989
2900 1000
1711 1871
1008 8288
3777 3857
7524 2984
9275 875
8016 4656
7773 7933
6532 1432
5799 2679
1600 8000
8921 441
6788 7528
9187 3107
6624 7824
3125 3125
2676 3976
6303 5823
4992 1632
3249 5169
2100 7000
7531 11
9568 1568
7197 9757
3924 1464
6775 375
6736 3296
9833 3513
4052 232
6899 3459
400 4000
3541 8581
5348 408
3807 5807
5424 7904
6225 8625
6196 616
4363 1003
9712 9232
2749 1549
2500 5000
2951 4151
128 4048
5017 3257
7124 1144
7475 3875
7056 3936
5893 8293
7972 632
6799 3439
4400 6000
1761 4721
9908 2488
6827 4107
5024 5184
6525 2125
5316 1256
423 5383
4832 6432
5049 3129
2100 3000
5971 8291
688 5728
5237 357
5124 4024
9375 9375
6976 576
3953 2273
6292 8632
3499 4619
1600 2000
1581 2861
8468 3768
6247 4007
3424 1664
2025 1625
8036 9896
2483 8963
8352 9232
8149 1909
8900 9000
4591 6431
9248 6608
5857 7057
5924 2104
475 4875
4496 7216
2013 5453
7012 232
4999 8999
101 101
1001 7001
9028 4248
67 1507
8624 9344
725 5125
2356 536
8543 1743
8272 3632
49 9889
900 1000
6811 2571
3808 6688
4877 9357
7524 7384
8775 8375
7616 7856
8073 7833
8132 1432
9299 8579
7600 8000
8021 1141
9588 3928
6287 2607
8624 224
625 625
6276 7176
6603 3723
2592 5632
8749 9069
6100 7000
631 711
2368 5968
297 3257
7924 1864
2275 7875
4336 6496
133 9413
7652 8232
4399 5359
2400 4000
641 9281
8148 2808
2907 3307
1424 6304
9725 6125
7796 3816
4663 4903
9312 1232
2249 1449
2500 5000
4051 4851
2928 4448
117 4757
5124 7544
8975 1375
2656 7136
6193 193
3572 6632
8299 1339
2400 6000
6861 5421
2708 888
7927 9607
5024 9584
6025 9625
4916 4456
723 5283
6432 6432
8549 9029
8100 3000
5071 8991
3488 2128
2337 9857
7124 6424
6875 6875
576 3776
4253 173
3892 2632
8999 8519
5600 2000
4681 3561
1268 8168
9347 7507
7424 2064
7525 9125
5636 3096
2783 4863
1952 7232
5649 3809
900 9000
1691 7131
2048 9008
4957 4557
1924 504
3975 2375
6096 416
2313 9353
6612 2232
4499 8899
101 101
2101 7701
1828 4648
5167 3007
6624 5744
2225 2625
7956 3736
8843 3643
3872 9632
1549 7789
8900 1000
1911 3271
6608 5088
5977 4857
7524 1784
8275 5875
7216 1056
8373 7733
9732 1432
2799 4479
3600 8000
7121 1841
2388 328
3387 2107
624 2624
8125 8125
9876 376
6903 1623
192 9632
4249 2969
100 7000
3731 1411
5168 368
3397 6757
1924 2264
7775 5375
1936 9696
433 5313
1252 6232
1899 7259
4400 4000
7741 9981
948 5208
2007 807
7424 4704
3225 3625
9396 7016
4963 8803
8912 3232
1749 1349
2500 5000
5151 5551
5728 4848
5217 6257
3124 3944
475 8875
8256 336
6493 2093
9172 2632
9799 9239
400 6000
1961 6121
5508 9288
9027 5107
5024 3984
5525 7125
4516 7656
1023 5183
8032 6432
2049 4929
4100 3000
4171 9691
6288 8528
9437 9357
9124 8824
4375 4375
4176 6976
4553 8073
1492 6632
4499 2419
9600 2000
7781 4261
4068 2568
2447 1007
1424 2464
3025 6625
3236 6296
3083 763
5552 5232
3149 5709
2900 9000
8791 7831
4848 1408
4057 2057
7924 8904
7475 9875
7696 3616
2613 3253
6212 4232
3999 8799
101 101
3201 8401
4628 5048
267 4507
4624 2144
3725 125
3556 6936
9143 5543
9472 5632
3049 5689
6900 1000
7011 3971
9408 3488
7077 357
7524 6184
7775 3375
6816 4256
8673 7633
1332 1432
6299 379
9600 8000
6221 2541
5188 6728
487 1607
2624 5024
5625 5625
3476 3576
7203 9523
7792 3632
9749 6869
4100 7000
6831 2111
7968 4768
6497 257
5924 2664
3275 2875
9536 2896
733 1213
4852 4232
9399 9159
6400 4000
4841 681
3748 7608
1107 8307
3424 3104
6725 1125
996 216
5263 2703
8512 5232
1249 1249
2500 5000
6251 6251
8528 5248
317 7757
1124 344
1975 6375
3856 3536
6793 3993
4772 8632
1299 7139
8400 6000
7061 6821
8308 7688
127 607
5024 8384
5025 4625
4116 856
1323 5083
9632 6432
5549 829
100 3000
3271 391
9088 4928
6537 8857
1124 1224
1875 1875
7776 176
4853 5973
9092 632
9999 6319
3600 2000
881 4961
6868 6968
5547 4507
5424 2864
8525 4125
836 9496
3383 6663
9152 3232
649 7609
4900 9000
5891 8531
7648 3808
3157 9557
3924 7304
975 7375
9296 6816
2913 7153
5812 6232
3499 8699
101 101
4301 9101
7428 5448
5367 6007
2624 8544
5225 7625
9156 136
9443 7443
5072 1632
4549 3589
4900 1000
2111 4671
2208 1888
8177 5857
7524 584
7275 875
6416 7456
8973 7533
2932 1432
9799 6279
5600 8000
5321 3241
7988 3128
7587 1107
4624 7424
3125 3125
7076 6776
7503 7423
5392 7632
5249 769
8100 7000
9931 2811
768 9168
9597 3757
9924 3064
8775 375
7136 6096
1033 7113
8452 2232
6899 1059
8400 4000
1941 1381
6548 8
207 5807
9424 1504
225 8625
2596 3416
5563 6603
8112 7232
749 1149
2500 5000
7351 6951
1328 5648
5417 9257
9124 6744
3475 3875
9456 6736
7093 5893
372 4632
2799 5039
6400 6000
2161 7521
1108 6088
1227 6107
5024 2784
4525 2125
3716 4056
1623 4983
1232 6432
9049 6729
6100 3000
2371 1091
1888 1328
3637 8357
3124 3624
9375 9375
1376 3376
5153 3873
6692 4632
5499 219
7600 2000
3981 5661
9668 1368
8647 8007
9424 3264
4025 1625
8436 2696
3683 2563
2752 1232
8149 9509
6900 9000
2991 9231
448 6208
2257 7057
9924 5704
4475 4875
896 16
3213 1053
5412 8232
2999 8599
101 101
5401 9801
228 5848
467 7507
624 4944
6725 5125
4756 3336
9743 9343
672 7632
6049 1489
2900 1000
7211 5371
5008 288
9277 1357
7524 4984
6775 8375
6016 656
9273 7433
4532 1432
3299 2179
1600 8000
4421 3941
788 9528
4687 607
6624 9824
625 625
676 9976
7803 5323
2992 1632
749 4669
2100 7000
3031 3511
3568 3568
2697 7257
3924 3464
4275 7875
4736 9296
1333 3013
2052 232
4399 2959
400 4000
9041 2081
9348 2408
9307 3307
5424 9904
3725 6125
4196 6616
5863 503
7712 9232
249 1049
2500 5000
8451 7651
4128 6048
517 757
7124 3144
4975 1375
5056 9936
7393 7793
5972 632
4299 2939
4400 6000
7261 8221
3908 4488
2327 1607
5024 7184
4025 9625
3316 7256
1923 4883
2832 6432
2549 2629
2100 3000
1471 1791
4688 7728
737 7857
5124 6024
6875 6875
4976 6576
5453 1773
4292 8632
999 4119
1600 2000
7081 6361
2468 5768
1747 1507
3424 3664
9525 9125
6036 5896
3983 8463
6352 9232
5649 1409
8900 9000
91 9931
3248 8608
1357 4557
5924 4104
7975 2375
2496 3216
3513 4953
5012 232
2499 8499
101 101
6501 501
3028 6248
5567 9007
8624 1344
8225 2625
356 6536
43 1243
6272 3632
7549 9389
900 1000
2311 6071
7808 8688
377 6857
7524 9384
6275 5875
5616 3856
9573 7333
6132 1432
6799 8079
7600 8000
3521 4641
3588 5928
1787 107
8624 2224
8125 8125
4276 3176
8103 3223
592 5632
6249 8569
6100 7000
6131 4211
6368 7968
5797 757
7924 3864
9775 5375
2336 2496
1633 8913
5652 8232
1899 4859
2400 4000
6141 2781
2148 4808
8407 807
1424 8304
7225 3625
5796 9816
6163 4403
7312 1232
9749 949
2500 5000
9551 8351
6928 6448
5617 2257
5124 9544
6475 8875
656 3136
7693 9693
1572 6632
5799 839
2400 6000
2361 8921
6708 2888
3427 7107
5024 1584
3525 7125
2916 456
2223 4783
4432 6432
6049 8529
8100 3000
571 2491
7488 4128
7837 7357
7124 8424
4375 4375
8576 9776
5753 9673
1892 2632
6499 8019
5600 2000
181 7061
5268 168
4847 5007
7424 4064
5025 6625
3636 9096
4283 4363
9952 7232
3149 3309
900 9000
7191 631
6048 1008
457 2057
1924 2504
1475 9875
4096 6416
3813 8853
4612 2232
1999 8399
101 101
7601 1201
5828 6648
667 507
6624 7744
9725 125
5956 9736
343 3143
1872 9632
9049 7289
8900 1000
7411 6771
608 7088
1477 2357
7524 3784
5775 3375
5216 7056
9873 7233
7732 1432
299 3979
3600 8000
2621 5341
6388 2328
8887 9607
624 4624
5625 5625
7876 6376
8403 1123
8192 9632
1749 2469
100 7000
9231 4911
9168 2368
8897 4257
1924 4264
5275 2875
9936 5696
1933 4813
9252 6232
9399 6759
4400 4000
3241 3481
4948 7208
7507 8307
7424 6704
725 1125
7396 3016
6463 8303
6912 3232
9249 849
2500 5000
651 9051
9728 6848
717 3757
3124 5944
7975 6375
6256 6336
7993 1593
7172 2632
7299 8739
400 6000
7461 9621
9508 1288
4527 2607
5024 5984
3025 4625
2516 3656
2523 4683
6032 6432
9549 4429
4100 3000
9671 3191
288 528
4937 6857
9124 824
1875 1875
2176 2976
6053 7573
9492 6632
1999 1919
9600 2000
3281 7761
8068 4568
7947 8507
1424 4464
525 4125
1236 2296
4583 263
3552 5232
649 5209
2900 9000
4291 1331
8848 3408
9557 9557
7924 904
4975 7375
5696 9616
4113 2753
4212 4232
1499 8299
101 101
8701 1901
8628 7048
5767 2007
4624 4144
1225 7625
1556 2936
643 5043
7472 5632
549 5189
6900 1000
2511 7471
3408 5488
2577 7857
7524 8184
5275 875
4816 256
173 7133
9332 1432
3799 9879
9600 8000
1721 6041
9188 8728
5987 9107
2624 7024
3125 3125
1476 9576
8703 9023
5792 3632
7249 6369
4100 7000
2331 5611
1968 6768
1997 7757
5924 4664
775 375
7536 8896
2233 713
2852 4232
6899 8659
6400 4000
341 4181
7748 9608
6607 5807
3424 5104
4225 8625
8996 6216
6763 2203
6512 5232
8749 749
2500 5000
1751 9751
2528 7248
5817 5257
1124 2344
9475 3875
1856 9536
8293 3493
2772 8632
8799 6639
8400 6000
2561 321
2308 9688
5627 8107
5024 384
2525 2125
2116 6856
2823 4583
7632 6432
3049 329
100 3000
8771 3891
3088 6928
2037 6357
1124 3224
9375 9375
5776 6176
6353 5473
7092 632
7499 5819
3600 2000
6381 8461
868 8968
1047 2007
5424 4864
6025 1625
8836 5496
4883 6163
7152 3232
8149 7109
4900 9000
1391 2031
1648 5808
8657 7057
3924 9304
8475 4875
7296 2816
4413 6653
3812 6232
999 8199
101 101
9801 2601
1428 7448
867 3507
2624 544
2725 5125
7156 6136
943 6943
3072 1632
2049 3089
4900 1000
7611 8171
6208 3888
3677 3357
7524 2584
4775 8375
4416 3456
473 7033
932 1432
7299 5779
5600 8000
821 6741
1988 5128
3087 8607
4624 9424
625 625
5076 2776
9003 6923
3392 7632
2749 269
8100 7000
5431 6311
4768 1168
5097 1257
9924 5064
6275 7875
5136 2096
2533 6613
6452 2232
4399 559
8400 4000
7441 4881
548 2008
5707 3307
9424 3504
7725 6125
596 9416
7063 6103
6112 7232
8249 649
2500 5000
2851 451
5328 7648
917 6757
9124 8744
975 1375
7456 2736
8593 5393
8372 4632
299 4539
6400 6000
7661 1021
5108 8088
6727 3607
5024 4784
2025 9625
1716 56
3123 4483
9232 6432
6549 6229
6100 3000
7871 4591
5888 3328
9137 5857
3124 5624
6875 6875
9376 9376
6653 3373
4692 4632
2999 9719
7600 2000
9481 9161
3668 3368
4147 5507
9424 5264
1525 9125
6436 8696
5183 2063
752 1232
5649 9009
6900 9000
8491 2731
4448 8208
7757 4557
9924 7704
1975 2375
8896 6016
4713 553
3412 8232
499 8099
101 101
901 3301
4228 7848
5967 5007
624 6944
4225 2625
2756 9336
1243 8843
8672 7632
3549 989
2900 1000
2711 8871
9008 2288
4777 8857
7524 6984
4275 5875
4016 6656
773 6933
2532 1432
799 1679
1600 8000
9921 7441
4788 1528
187 8107
6624 1824
8125 8125
8676 5976
9303 4823
992 1632
8249 4169
2100 7000
8531 7011
7568 5568
8197 4757
3924 5464
1775 5375
2736 5296
2833 2513
52 232
1899 2459
400 4000
4541 5581
3348 4408
4807 807
5424 1904
1225 3625
2196 2616
7363 3
5712 9232
7749 549
2500 5000
3951 1151
8128 8048
6017 8257
7124 5144
2475 8875
3056 5936
8893 7293
3972 632
1799 2439
4400 6000
2761 1721
7908 6488
7827 9107
5024 9184
1525 7125
1316 3256
3423 4383
832 6432
49 2129
2100 3000
6971 5291
8688 9728
6237 5357
5124 8024
4375 4375
2976 2576
6953 1273
2292 8632
8499 3619
1600 2000
2581 9861
6468 7768
7247 9007
3424 5664
7025 6625
4036 1896
5483 7963
4352 9232
3149 909
8900 9000
5591 3431
7248 608
6857 2057
5924 6104
5475 9875
496 9216
5013 4453
3012 232
9999 7999
101 101
2001 4001
7028 8248
1067 6507
8624 3344
5725 125
8356 2536
1543 743
4272 3632
5049 8889
900 1000
7811 9571
1808 688
5877 4357
7524 1384
3775 3375
3616 9856
1073 6833
4132 1432
4299 7579
7600 8000
9021 8141
7588 7928
7287 7607
8624 4224
5625 5625
2276 9176
9603 2723
8592 5632
3749 8069
6100 7000
1631 7711
368 9968
1297 8257
7924 5864
7275 2875
336 8496
3133 8413
3652 8232
9399 4359
2400 4000
1641 6281
6148 6808
3907 8307
1424 304
4725 1125
3796 5816
7663 3903
5312 1232
7249 449
2500 5000
5051 1851
928 8448
1117 9757
5124 1544
3975 6375
8656 9136
9193 9193
9572 6632
3299 339
2400 6000
7861 2421
708 4888
8927 4607
5024 3584
1025 4625
916 6456
3723 4283
2432 6432
3549 8029
8100 3000
6071 5991
1488 6128
3337 4857
7124 424
1875 1875
6576 5776
7253 9173
9892 2632
3999 7519
5600 2000
5681 561
9268 2168
347 2507
7424 6064
2525 4125
1636 5096
5783 3863
7952 7232
649 2809
900 9000
2691 4131
48 3008
5957 9557
1924 4504
8975 7375
2096 2416
5313 8353
2612 2232
9499 7899
101 101
3101 4701
9828 8648
6167 8007
6624 9744
7225 7625
3956 5736
1843 2643
9872 9632
6549 6789
8900 1000
2911 271
4608 9088
6977 9857
7524 5784
3275 875
3216 3056
1373 6733
5732 1432
7799 3479
3600 8000
8121 8841
388 4328
4387 7107
624 6624
3125 3125
5876 2376
9903 623
6192 9632
9249 1969
100 7000
4731 8411
3168 4368
4397 1757
1924 6264
2775 375
7936 1696
3433 4313
7252 6232
6899 6259
4400 4000
8741 6981
8948 9208
3007 5807
7424 8704
8225 8625
5396 9016
7963 7803
4912 3232
6749 349
2500 5000
6151 2551
3728 8848
6217 1257
3124 7944
5475 3875
4256 2336
9493 1093
5172 2632
4799 8239
400 6000
2961 3121
3508 3288
27 107
5024 7984
525 2125
516 9656
4023 4183
4032 6432
7049 3929
4100 3000
5171 6691
4288 2528
437 4357
9124 2824
9375 9375
176 8976
7553 7073
7492 6632
9499 1419
9600 2000
8781 1261
2068 6568
3447 6007
1424 6464
8025 1625
9236 8296
6083 9763
1552 5232
8149 4709
2900 9000
9791 4831
2848 5408
5057 7057
7924 2904
2475 4875
3696 5616
5613 2253
2212 4232
8999 7799
101 101
4201 5401
2628 9048
1267 9507
4624 6144
8725 5125
9556 8936
2143 4543
5472 5632
8049 4689
6900 1000
8011 971
7408 7488
8077 5357
7524 184
2775 8375
2816 6256
1673 6633
7332 1432
1299 9379
9600 8000
7221 9541
3188 728
1487 6607
2624 9024
625 625
9476 5576
203 8523
3792 3632
4749 5869
4100 7000
7831 9111
5968 8768
7497 5257
5924 6664
8275 7875
5536 4896
3733 213
852 4232
4399 8159
6400 4000
5841 7681
1748 1608
2107 3307
3424 7104
1725 6125
6996 2216
8263 1703
4512 5232
6249 249
2500 5000
7251 3251
6528 9248
1317 2757
1124 4344
6975 1375
9856 5536
9793 2993
772 8632
6299 6139
8400 6000
8061 3821
6308 1688
1127 5607
5024 2384
25 9625
116 2856
4323 4083
5632 6432
549 9829
100 3000
4271 7391
7088 8928
7537 3857
1124 5224
6875 6875
3776 2176
7853 4973
5092 632
4999 5319
3600 2000
1881 1961
4868 968
6547 9507
5424 6864
3525 9125
6836 1496
6383 5663
5152 3232
5649 6609
4900 9000
6891 5531
5648 7808
4157 4557
3924 1304
5975 2375
5296 8816
5913 6153
1812 6232
8499 7699
101 101
5301 6101
5428 9448
6367 1007
2624 2544
225 2625
5156 2136
2443 6443
1072 1632
9549 2589
4900 1000
3111 1671
208 5888
9177 857
7524 4584
2275 5875
2416 9456
1973 6533
8932 1432
4799 5279
5600 8000
6321 241
5988 7128
8587 6107
4624 1424
8125 8125
3076 8776
503 6423
1392 7632
249 9769
8100 7000
931 9811
8768 3168
597 8757
9924 7064
3775 5375
3136 8096
4033 6113
4452 2232
1899 59
8400 4000
2941 8381
4548 4008
1207 807
9424 5504
5225 3625
8596 5416
8563 5603
4112 7232
5749 149
2500 5000
8351 3951
9328 9648
6417 4257
9124 744
8475 8875
5456 8736
93 4893
6372 4632
7799 4039
6400 6000
3161 4521
9108 88
2227 1107
5024 6784
9525 7125
9716 6056
4623 3983
7232 6432
4049 5729
6100 3000
3371 8091
9888 5328
4637 3357
3124 7624
4375 4375
7376 5376
8153 2873
2692 4632
499 9219
7600 2000
4981 2661
7668 5368
9647 3007
9424 7264
9025 6625
4436 4696
6683 1563
8752 1232
3149 8509
6900 9000
3991 6231
8448 208
3257 2057
9924 9704
9475 9875
6896 2016
6213 53
1412 8232
7999 7599
101 101
6401 6801
8228 9848
1467 2507
624 8944
1725 125
756 5336
2743 8343
6672 7632
1049 489
2900 1000
8211 2371
3008 4288
277 6357
7524 8984
1775 3375
2016 2656
2273 6433
532 1432
8299 1179
1600 8000
5421 941
8788 3528
5687 5607
6624 3824
5625 5625
6676 1976
803 4323
8992 1632
5749 3669
2100 7000
4031 511
1568 7568
3697 2257
3924 7464
9275 2875
736 1296
4333 2013
8052 232
9399 1959
400 4000
41 9081
7348 6408
307 8307
5424 3904
8725 1125
196 8616
8863 9503
3712 9232
5249 49
2500 5000
9451 4651
2128 48
1517 5757
7124 7144
9975 6375
1056 1936
393 6793
1972 632
9299 1939
4400 6000
8261 5221
1908 8488
3327 6607
5024 1184
9025 4625
9316 9256
4923 3883
8832 6432
7549 1629
2100 3000
2471 8791
2688 1728
1737 2857
5124 24
1875 1875
976 8576
8453 773
292 8632
5999 3119
1600 2000
8081 3361
468 9768
2747 6507
3424 7664
4525 4125
2036 7896
6983 7463
2352 9232
649 409
8900 9000
1091 6931
1248 2608
2357 9557
5924 8104
2975 7375
8496 5216
6513 3953
1012 232
7499 7499
101 101
7501 7501
1028 248
6567 4007
8624 5344
3225 7625
6356 8536
3043 243
2272 3632
2549 8389
900 1000
3311 3071
5808 2688
1377 1857
7524 3384
1275 875
1616 5856
2573 6333
2132 1432
1799 7079
7600 8000
4521 1641
1588 9928
2787 5107
8624 6224
3125 3125
276 5176
1103 2223
6592 5632
1249 7569
6100 7000
7131 1211
4368 1968
6797 5757
7924 7864
4775 375
8336 4496
4633 7913
1652 8232
6899 3859
2400 4000
7141 9781
148 8808
9407 5807
1424 2304
2225 8625
1796 1816
9163 3403
3312 1232
4749 9949
2500 5000
551 5351
4928 448
6617 7257
5124 3544
1475 3875
6656 5136
693 8693
7572 6632
799 9839
2400 6000
3361 5921
4708 6888
4427 2107
5024 5584
8525 2125
8916 2456
5223 3783
432 6432
1049 7529
8100 3000
1571 9491
5488 8128
8837 2357
7124 2424
9375 9375
4576 1776
8753 8673
7892 2632
1499 7019
5600 2000
1181 4061
3268 4168
5847 7
7424 8064
25 1625
9636 1096
7283 3363
5952 7232
8149 2309
900 9000
8191 7631
4048 5008
1457 7057
1924 6504
6475 4875
96 8416
6813 7853
612 2232
6999 7399
101 101
8601 8201
3828 648
1667 5507
6624 1744
4725 5125
1956 1736
3343 2143
7872 9632
4049 6289
8900 1000
8411 3771
8608 1088
2477 7357
7524 7784
775 8375
1216 9056
2873 6233
3732 1432
5299 2979
3600 8000
3621 2341
4388 6328
9887 4607
624 8624
625 625
3876 8376
1403 123
4192 9632
6749 1469
100 7000
231 1911
7168 6368
9897 9257
1924 8264
275 7875
5936 7696
4933 3813
5252 6232
4399 5759
4400 4000
4241 481
2948 1208
8507 3307
7424 704
5725 6125
3396 5016
9463 7303
2912 3232
4249 9849
2500 5000
1651 6051
7728 848
1717 8757
3124 9944
2975 1375
2256 8336
993 593
3172 2632
2299 7739
400 6000
8461 6621
7508 5288
5527 7607
5024 9984
8025 9625
8516 5656
5523 3683
2032 6432
4549 3429
4100 3000
671 191
8288 4528
5937 1857
9124 4824
6875 6875
8176 4976
9053 6573
5492 6632
6999 919
9600 2000
4281 4761
6068 8568
8947 3507
1424 8464
5525 9125
7236 4296
7583 9263
9552 5232
5649 4209
2900 9000
5291 8331
6848 7408
557 4557
7924 4904
9975 2375
1696 1616
7113 1753
212 4232
6499 7299
101 101
9701 8901
6628 1048
6767 7007
4624 8144
6225 2625
7556 4936
3643 4043
3472 5632
5549 4189
6900 1000
3511 4471
1408 9488
3577 2857
7524 2184
275 5875
816 2256
3173 6133
5332 1432
8799 8879
9600 8000
2721 3041
7188 2728
6987 4107
2624 1024
8125 8125
7476 1576
1703 8023
1792 3632
2249 5369
4100 7000
3331 2611
9968 768
2997 2757
5924 8664
5775 5375
3536 896
5233 9713
8852 4232
1899 7659
6400 4000
1341 1181
5748 3608
7607 807
3424 9104
9225 3625
4996 8216
9763 1203
2512 5232
3749 9749
2500 5000
2751 6751
528 1248
6817 257
1124 6344
4475 8875
7856 1536
1293 2493
8772 8632
3799 5639
8400 6000
3561 7321
308 3688
6627 3107
5024 4384
7525 7125
8116 8856
5823 3583
3632 6432
8049 9329
100 3000
9771 891
1088 928
3037 1357
1124 7224
4375 4375
1776 8176
9353 4473
3092 632
2499 4819
3600 2000
7381 5461
8868 2968
2047 7007
5424 8864
1025 6625
4836 7496
7883 5163
3152 3232
3149 6109
4900 9000
2391 9031
9648 9808
9657 2057
3924 3304
3475 9875
3296 4816
7413 5653
9812 6232
5999 7199
101 101
801 9601
9428 1448
1867 8507
2624 4544
7725 125
3156 8136
3943 5943
9072 1632
7049 2089
4900 1000
8611 5171
4208 7888
4677 8357
7524 6584
9775 3375
416 5456
3473 6033
6932 1432
2299 4779
5600 8000
1821 3741
9988 9128
4087 3607
4624 3424
5625 5625
1076 4776
2003 5923
9392 7632
7749 9269
8100 7000
6431 3311
2768 5168
6097 6257
9924 9064
1275 2875
1136 4096
5533 5613
2452 2232
9399 9559
8400 4000
8441 1881
8548 6008
6707 8307
9424 7504
2725 1125
6596 1416
63 5103
2112 7232
3249 9649
2500 5000
3851 7451
3328 1648
1917 1757
9124 2744
5975 6375
3456 4736
1593 4393
4372 4632
5299 3539
6400 6000
8661 8021
3108 2088
7727 8607
5024 8784
7025 4625
7716 2056
6123 3483
5232 6432
1549 5229
6100 3000
8871 1591
3888 7328
137 857
3124 9624
1875 1875
5376 1376
9653 2373
692 4632
7999 8719
7600 2000
481 6161
1668 7368
5147 507
9424 9264
6525 4125
2436 696
8183 1063
6752 1232
649 8009
6900 9000
9491 9731
2448 2208
8757 9557
9924 1704
6975 7375
4896 8016
7713 9553
9412 8232
5499 7099
101 101
1901 301
2228 1848
6967 7
624 944
9225 7625
8756 1336
4243 7843
4672 7632
8549 9989
2900 1000
3711 5871
7008 6288
5777 3857
7524 984
9275 875
16 8656
3773 5933
8532 1432
5799 679
1600 8000
921 4441
2788 5528
1187 3107
6624 5824
3125 3125
4676 7976
2303 3823
6992 1632
3249 3169
2100 7000
9531 4011
5568 9568
9197 9757
3924 9464
6775 375
8736 7296
5833 1513
6052 232
6899 1459
400 4000
5541 2581
1348 8408
5807 5807
5424 5904
6225 8625
8196 4616
363 9003
1712 9232
2749 9549
2500 5000
4951 8151
6128 2048
7017 3257
7124 9144
7475 3875
9056 7936
1893 6293
9972 632
6799 1439
4400 6000
3761 8721
5908 488
8827 4107
5024 3184
6525 2125
7316 5256
6423 3383
6832 6432
5049 1129
2100 3000
7971 2291
6688 3728
7237 357
5124 2024
9375 9375
8976 4576
9953 273
8292 8632
3499 2619
1600 2000
3581 6861
4468 1768
8247 4007
3424 9664
2025 1625
36 3896
8483 6963
352 9232
8149 9909
8900 9000
6591 431
5248 4608
7857 7057
5924 104
475 4875
6496 1216
8013 3453
9012 232
4999 6999
101 101
3001 1001
5028 2248
2067 1507
8624 7344
725 5125
4356 4536
4543 9743
272 3632
49 7889
900 1000
8811 6571
9808 4688
6877 9357
7524 5384
8775 8375
9616 1856
4073 5833
132 1432
9299 6579
7600 8000
21 5141
5588 1928
8287 2607
8624 8224
625 625
8276 1176
2603 1723
4592 5632
8749 7069
6100 7000
2631 4711
8368 3968
2297 3257
7924 9864
2275 7875
6336 496
6133 7413
9652 8232
4399 3359
2400 4000
2641 3281
4148 808
4907 3307
1424 4304
9725 6125
9796 7816
663 2903
1312 1232
2249 9449
2500 5000
6051 8851
8928 2448
2117 4757
5124 5544
8975 1375
4656 1136
2193 8193
5572 6632
8299 9339
2400 6000
8861 9421
8708 8888
9927 9607
5024 7584
6025 9625
6916 8456
6723 3283
8432 6432
8549 7029
8100 3000
7071 2991
9488 128
4337 9857
7124 4424
6875 6875
2576 7776
253 8173
5892 2632
8999 6519
5600 2000
6681 7561
7268 6168
1347 7507
7424 64
7525 9125
7636 7096
8783 2863
3952 7232
5649 1809
900 9000
3691 1131
8048 7008
6957 4557
1924 8504
3975 2375
8096 4416
8313 7353
8612 2232
4499 6899
101 101
4101 1701
7828 2648
7167 3007
6624 3744
2225 2625
9956 7736
4843 1643
5872 9632
1549 5789
8900 1000
3911 7271
2608 3088
7977 4857
7524 9784
8275 5875
9216 5056
4373 5733
1732 1432
2799 2479
3600 8000
9121 5841
8388 8328
5387 2107
624 624
8125 8125
1876 4376
2903 9623
2192 9632
4249 969
100 7000
5731 5411
1168 8368
5397 6757
1924 264
7775 5375
3936 3696
6433 3313
3252 6232
1899 5259
4400 4000
9741 3981
6948 3208
4007 807
7424 2704
3225 3625
1396 1016
963 6803
912 3232
1749 9349
2500 5000
7151 9551
1728 2848
7217 6257
3124 1944
475 8875
256 4336
2493 93
1172 2632
9799 7239
400 6000
3961 121
1508 7288
1027 5107
5024 1984
5525 7125
6516 1656
7023 3183
32 6432
2049 2929
4100 3000
6171 3691
2288 6528
1437 9357
9124 6824
4375 4375
6176 976
553 6073
3492 6632
4499 419
9600 2000
9781 8261
68 568
4447 1007
1424 464
3025 6625
5236 296
9083 8763
7552 5232
3149 3709
2900 9000
791 1831
848 9408
6057 2057
7924 6904
7475 9875
9696 7616
8613 1253
8212 4232
3999 6799
101 101
5201 2401
628 3048
2267 4507
4624 144
3725 125
5556 936
5143 3543
1472 5632
3049 3689
6900 1000
9011 7971
5408 1488
9077 357
7524 4184
7775 3375
8816 8256
4673 5633
3332 1432
6299 8379
9600 8000
8221 6541
1188 4728
2487 1607
2624 3024
5625 5625
5476 7576
3203 7523
9792 3632
9749 4869
4100 7000
8831 6111
3968 2768
8497 257
5924 664
3275 2875
1536 6896
6733 9213
6852 4232
9399 7159
6400 4000
6841 4681
9748 5608
3107 8307
3424 1104
6725 1125
2996 4216
1263 703
512 5232
1249 9249
2500 5000
8251 251
4528 3248
2317 7757
1124 8344
1975 6375
5856 7536
2793 1993
6772 8632
1299 5139
8400 6000
9061 821
4308 5688
2127 607
5024 6384
5025 4625
6116 4856
7323 3083
1632 6432
5549 8829
100 3000
5271 4391
5088 2928
8537 8857
1124 9224
1875 1875
9776 4176
853 3973
1092 632
9999 4319
3600 2000
2881 8961
2868 4968
7547 4507
5424 864
8525 4125
2836 3496
9383 4663
1152 3232
649 5609
4900 9000
7891 2531
3648 1808
5157 9557
3924 5304
975 7375
1296 816
8913 5153
7812 6232
3499 6699
101 101
6301 3101
3428 3448
7367 6007
2624 6544
5225 7625
1156 4136
5443 5443
7072 1632
4549 1589
4900 1000
4111 8671
8208 9888
177 5857
7524 8584
7275 875
8416 1456
4973 5533
4932 1432
9799 4279
5600 8000
7321 7241
3988 1128
9587 1107
4624 5424
3125 3125
9076 776
3503 5423
7392 7632
5249 8769
8100 7000
1931 6811
6768 7168
1597 3757
9924 1064
8775 375
9136 96
7033 5113
452 2232
6899 9059
8400 4000
3941 5381
2548 8008
2207 5807
9424 9504
225 8625
4596 7416
1563 4603
112 7232
749 9149
2500 5000
9351 951
7328 3648
7417 9257
9124 4744
3475 3875
1456 736
3093 3893
2372 4632
2799 3039
6400 6000
4161 1521
7108 4088
3227 6107
5024 784
4525 2125
5716 8056
7623 2983
3232 6432
9049 4729
6100 3000
4371 5091
7888 9328
5637 8357
3124 1624
9375 9375
3376 7376
1153 1873
8692 4632
5499 8219
7600 2000
5981 9661
5668 9368
647 8007
9424 1264
4025 1625
436 6696
9683 563
4752 1232
8149 7509
6900 9000
4991 3231
6448 4208
4257 7057
9924 3704
4475 4875
2896 4016
9213 9053
7412 8232
2999 6599
101 101
7401 3801
6228 3848
2467 7507
624 2944
6725 5125
6756 7336
5743 7343
2672 7632
6049 9489
2900 1000
9211 9371
1008 8288
1277 1357
7524 2984
6775 8375
8016 4656
5273 5433
6532 1432
3299 179
1600 8000
6421 7941
6788 7528
6687 607
6624 7824
625 625
2676 3976
3803 3323
4992 1632
749 2669
2100 7000
5031 7511
9568 1568
4697 7257
3924 1464
4275 7875
6736 3296
7333 1013
4052 232
4399 959
400 4000
1041 6081
5348 408
1307 3307
5424 7904
3725 6125
6196 616
1863 8503
9712 9232
249 9049
2500 5000
451 1651
128 4048
2517 757
7124 1144
4975 1375
7056 3936
3393 5793
7972 632
4299 939
4400 6000
9261 2221
9908 2488
4327 1607
5024 5184
4025 9625
5316 1256
7923 2883
4832 6432
2549 629
2100 3000
3471 5791
688 5728
2737 7857
5124 4024
6875 6875
6976 576
1453 9773
6292 8632
999 2119
1600 2000
9081 361
8468 3768
3747 1507
3424 1664
9525 9125
8036 9896
9983 6463
8352 9232
5649 9409
8900 9000
2091 3931
9248 6608
3357 4557
5924 2104
7975 2375
4496 7216
9513 2953
7012 232
2499 6499
101 101
8501 4501
9028 4248
7567 9007
8624 9344
8225 2625
2356 536
6043 9243
8272 3632
7549 7389
900 1000
4311 71
3808 6688
2377 6857
7524 7384
6275 5875
7616 7856
5573 5333
8132 1432
6799 6079
7600 8000
5521 8641
9588 3928
3787 107
8624 224
8125 8125
6276 7176
4103 1223
2592 5632
6249 6569
6100 7000
8131 8211
2368 5968
7797 757
7924 1864
9775 5375
4336 6496
7633 6913
7652 8232
1899 2859
2400 4000
8141 6781
8148 2808
407 807
1424 6304
7225 3625
7796 3816
2163 2403
9312 1232
9749 8949
2500 5000
1551 2351
2928 4448
7617 2257
5124 7544
6475 8875
2656 7136
3693 7693
3572 6632
5799 8839
2400 6000
4361 2921
2708 888
5427 7107
5024 9584
3525 7125
4916 4456
8223 2783
6432 6432
6049 6529
8100 3000
2571 6491
3488 2128
9837 7357
7124 6424
4375 4375
576 3776
1753 7673
3892 2632
6499 6019
5600 2000
2181 1061
1268 8168
6847 5007
7424 2064
5025 6625
5636 3096
283 2363
1952 7232
3149 1309
900 9000
9191 4631
2048 9008
2457 2057
1924 504
1475 9875
6096 416
9813 6853
6612 2232
1999 6399
101 101
9601 5201
1828 4648
2667 507
6624 5744
9725 125
7956 3736
6343 1143
3872 9632
9049 5289
8900 1000
9411 771
6608 5088
3477 2357
7524 1784
5775 3375
7216 1056
5873 5233
9732 1432
299 1979
3600 8000
4621 9341
2388 328
887 9607
624 2624
5625 5625
9876 376
4403 9123
192 9632
1749 469
100 7000
1231 8911
5168 368
897 4257
1924 2264
5275 2875
1936 9696
7933 2813
1252 6232
9399 4759
4400 4000
5241 7481
948 5208
9507 8307
7424 4704
725 1125
9396 7016
2463 6303
8912 3232
9249 8849
2500 5000
2651 3051
5728 4848
2717 3757
3124 3944
7975 6375
8256 336
3993 9593
9172 2632
7299 6739
400 6000
9461 3621
5508 9288
6527 2607
5024 3984
3025 4625
4516 7656
8523 2683
8032 6432
9549 2429
4100 3000
1671 7191
6288 8528
6937 6857
9124 8824
1875 1875
4176 6976
2053 5573
1492 6632
1999 9919
9600 2000
5281 1761
4068 2568
9947 8507
1424 2464
525 4125
3236 6296
583 8263
5552 5232
649 3209
2900 9000
6291 5331
4848 1408
1557 9557
7924 8904
4975 7375
7696 3616
113 753
6212 4232
1499 6299
101 101
701 5901
4628 5048
7767 2007
4624 2144
1225 7625
3556 6936
6643 3043
9472 5632
549 3189
6900 1000
4511 1471
9408 3488
4577 7857
7524 6184
5275 875
6816 4256
6173 5133
1332 1432
3799 7879
9600 8000
3721 41
5188 6728
7987 9107
2624 5024
3125 3125
3476 3576
4703 7023
7792 3632
7249 4369
4100 7000
4331 9611
7968 4768
3997 7757
5924 2664
775 375
9536 2896
8233 8713
4852 4232
6899 6659
6400 4000
2341 8181
3748 7608
8607 5807
3424 3104
4225 8625
996 216
2763 203
8512 5232
8749 8749
2500 5000
3751 3751
8528 5248
7817 5257
1124 344
9475 3875
3856 3536
4293 1493
4772 8632
8799 4639
8400 6000
4561 4321
8308 7688
7627 8107
5024 8384
2525 2125
4116 856
8823 2583
9632 6432
3049 8329
100 3000
771 7891
9088 4928
4037 6357
1124 1224
9375 9375
7776 176
2353 3473
9092 632
7499 3819
3600 2000
8381 2461
6868 6968
3047 2007
5424 2864
6025 1625
836 9496
883 4163
9152 3232
8149 5109
4900 9000
3391 6031
7648 3808
657 7057
3924 7304
8475 4875
9296 6816
413 4653
5812 6232
999 6199
101 101
1801 6601
7428 5448
2867 3507
2624 8544
2725 5125
9156 136
6943 4943
5072 1632
2049 1089
4900 1000
9611 2171
2208 1888
5677 3357
7524 584
4775 8375
6416 7456
6473 5033
2932 1432
7299 3779
5600 8000
2821 741
7988 3128
5087 8607
4624 7424
625 625
7076 6776
5003 4923
5392 7632
2749 8269
8100 7000
7431 311
768 9168
7097 1257
9924 3064
6275 7875
7136 6096
8533 4613
8452 2232
4399 8559
8400 4000
9441 8881
6548 8
7707 3307
9424 1504
7725 6125
2596 3416
3063 4103
8112 7232
8249 8649
2500 5000
4851 4451
1328 5648
2917 6757
9124 6744
975 1375
9456 6736
4593 3393
372 4632
299 2539
6400 6000
9661 5021
1108 6088
8727 3607
5024 2784
2025 9625
3716 4056
9123 2483
1232 6432
6549 4229
6100 3000
9871 8591
1888 1328
1137 5857
3124 3624
6875 6875
1376 3376
2653 1373
6692 4632
2999 7719
7600 2000
1481 3161
9668 1368
6147 5507
9424 3264
1525 9125
8436 2696
1183 63
2752 1232
5649 7009
6900 9000
491 6731
448 6208
9757 4557
9924 5704
1975 2375
896 16
713 8553
5412 8232
499 6099
101 101
2901 7301
228 5848
7967 5007
624 4944
4225 2625
4756 3336
7243 6843
672 7632
3549 8989
2900 1000
4711 2871
5008 288
6777 8857
7524 4984
4275 5875
6016 656
6773 4933
4532 1432
799 9679
1600 8000
1921 1441
788 9528
2187 8107
6624 9824
8125 8125
676 9976
5303 2823
2992 1632
8249 2169
2100 7000
531 1011
3568 3568
197 4757
3924 3464
1775 5375
4736 9296
8833 513
2052 232
1899 459
400 4000
6541 9581
9348 2408
6807 807
5424 9904
1225 3625
4196 6616
3363 8003
7712 9232
7749 8549
2500 5000
5951 5151
4128 6048
8017 8257
7124 3144
2475 8875
5056 9936
4893 5293
5972 632
1799 439
4400 6000
4761 5721
3908 4488
9827 9107
5024 7184
1525 7125
3316 7256
9423 2383
2832 6432
49 129
2100 3000
8971 9291
4688 7728
8237 5357
5124 6024
4375 4375
4976 6576
2953 9273
4292 8632
8499 1619
1600 2000
4581 3861
2468 5768
9247 9007
3424 3664
7025 6625
6036 5896
1483 5963
6352 9232
3149 8909
8900 9000
7591 7431
3248 8608
8857 2057
5924 4104
5475 9875
2496 3216
1013 2453
5012 232
9999 5999
101 101
4001 8001
3028 6248
3067 6507
8624 1344
5725 125
356 6536
7543 8743
6272 3632
5049 6889
900 1000
9811 3571
7808 8688
7877 4357
7524 9384
3775 3375
5616 3856
7073 4833
6132 1432
4299 5579
7600 8000
1021 2141
3588 5928
9287 7607
8624 2224
5625 5625
4276 3176
5603 723
592 5632
3749 6069
6100 7000
3631 1711
6368 7968
3297 8257
7924 3864
7275 2875
2336 2496
9133 6413
5652 8232
9399 2359
2400 4000
3641 281
2148 4808
5907 8307
1424 8304
4725 1125
5796 9816
3663 1903
7312 1232
7249 8449
2500 5000
7051 5851
6928 6448
3117 9757
5124 9544
3975 6375
656 3136
5193 7193
1572 6632
3299 8339
2400 6000
9861 6421
6708 2888
927 4607
5024 1584
1025 4625
2916 456
9723 2283
4432 6432
3549 6029
8100 3000
8071 9991
7488 4128
5337 4857
7124 8424
1875 1875
8576 9776
3253 7173
1892 2632
3999 5519
5600 2000
7681 4561
5268 168
2347 2507
7424 4064
2525 4125
3636 9096
1783 1863
9952 7232
649 809
900 9000
4691 8131
6048 1008
7957 9557
1924 2504
8975 7375
4096 6416
1313 6353
4612 2232
9499 5899
101 101
5101 8701
5828 6648
8167 8007
6624 7744
7225 7625
5956 9736
7843 643
1872 9632
6549 4789
8900 1000
4911 4271
608 7088
8977 9857
7524 3784
3275 875
5216 7056
7373 4733
7732 1432
7799 1479
3600 8000
121 2841
6388 2328
6387 7107
624 4624
3125 3125
7876 6376
5903 8623
8192 9632
9249 9969
100 7000
6731 2411
9168 2368
6397 1757
1924 4264
2775 375
9936 5696
9433 2313
9252 6232
6899 4259
4400 4000
741 981
4948 7208
5007 5807
7424 6704
8225 8625
7396 3016
3963 5803
6912 3232
6749 8349
2500 5000
8151 6551
9728 6848
8217 1257
3124 5944
5475 3875
6256 6336
5493 9093
7172 2632
4799 6239
400 6000
4961 7121
9508 1288
2027 107
5024 5984
525 2125
2516 3656
23 2183
6032 6432
7049 1929
4100 3000
7171 691
288 528
2437 4357
9124 824
9375 9375
2176 2976
3553 5073
9492 6632
9499 9419
9600 2000
781 5261
8068 4568
5447 6007
1424 4464
8025 1625
1236 2296
2083 7763
3552 5232
8149 2709
2900 9000
1791 8831
8848 3408
7057 7057
7924 904
2475 4875
5696 9616
1613 253
4212 4232
8999 5799
101 101
6201 9401
8628 7048
3267 9507
4624 4144
8725 5125
1556 2936
8143 2543
7472 5632
8049 2689
6900 1000
11 4971
3408 5488
77 5357
7524 8184
2775 8375
4816 256
7673 4633
9332 1432
1299 7379
9600 8000
9221 3541
9188 8728
3487 6607
2624 7024
625 625
1476 9576
6203 6523
5792 3632
4749 3869
4100 7000
9831 3111
1968 6768
9497 5257
5924 4664
8275 7875
7536 8896
9733 8213
2852 4232
4399 6159
6400 4000
7841 1681
7748 9608
4107 3307
3424 5104
1725 6125
8996 6216
4263 9703
6512 5232
6249 8249
2500 5000
9251 7251
2528 7248
3317 2757
1124 2344
6975 1375
1856 9536
5793 993
2772 8632
6299 4139
8400 6000
61 7821
2308 9688
3127 5607
5024 384
25 9625
2116 6856
323 2083
7632 6432
549 7829
100 3000
6271 1391
3088 6928
9537 3857
1124 3224
6875 6875
5776 6176
3853 2973
7092 632
4999 3319
3600 2000
3881 5961
868 8968
8547 9507
5424 4864
3525 9125
8836 5496
2383 3663
7152 3232
5649 4609
4900 9000
8891 9531
1648 5808
6157 4557
3924 9304
5975 2375
7296 2816
1913 4153
3812 6232
8499 5699
101 101
7301 101
1428 7448
8367 1007
2624 544
225 2625
7156 6136
8443 4443
3072 1632
9549 589
4900 1000
5111 5671
6208 3888
1177 857
7524 2584
2275 5875
4416 3456
7973 4533
932 1432
4799 3279
5600 8000
8321 4241
1988 5128
587 6107
4624 9424
8125 8125
5076 2776
6503 4423
3392 7632
249 7769
8100 7000
2931 3811
4768 1168
2597 8757
9924 5064
3775 5375
5136 2096
33 4113
6452 2232
1899 8059
8400 4000
4941 2381
548 2008
3207 807
9424 3504
5225 3625
596 9416
4563 3603
6112 7232
5749 8149
2500 5000
351 7951
5328 7648
8417 4257
9124 8744
8475 8875
7456 2736
6093 2893
8372 4632
7799 2039
6400 6000
5161 8521
5108 8088
4227 1107
5024 4784
9525 7125
1716 56
623 1983
9232 6432
4049 3729
6100 3000
5371 2091
5888 3328
6637 3357
3124 5624
4375 4375
9376 9376
4153 873
4692 4632
499 7219
7600 2000
6981 6661
3668 3368
1647 3007
9424 5264
9025 6625
6436 8696
2683 9563
752 1232
3149 6509
6900 9000
5991 231
4448 8208
5257 2057
9924 7704
9475 9875
8896 6016
2213 8053
3412 8232
7999 5599
101 101
8401 801
4228 7848
3467 2507
624 6944
1725 125
2756 9336
8743 6343
8672 7632
1049 8489
2900 1000
211 6371
9008 2288
2277 6357
7524 6984
1775 3375
4016 6656
8273 4433
2532 1432
8299 9179
1600 8000
7421 4941
4788 1528
7687 5607
6624 1824
5625 5625
8676 5976
6803 2323
992 1632
5749 1669
2100 7000
6031 4511
7568 5568
5697 2257
3924 5464
9275 2875
2736 5296
333 13
52 232
9399 9959
400 4000
2041 3081
3348 4408
2307 8307
5424 1904
8725 1125
2196 2616
4863 7503
5712 9232
5249 8049
2500 5000
1451 8651
8128 8048
3517 5757
7124 5144
9975 6375
3056 5936
6393 4793
3972 632
9299 9939
4400 6000
261 9221
7908 6488
5327 6607
5024 9184
9025 4625
1316 3256
923 1883
832 6432
7549 9629
2100 3000
4471 2791
8688 9728
3737 2857
5124 8024
1875 1875
2976 2576
4453 8773
2292 8632
5999 1119
1600 2000
81 7361
6468 7768
4747 6507
3424 5664
4525 4125
4036 1896
2983 5463
4352 9232
649 8409
8900 9000
3091 931
7248 608
4357 9557
5924 6104
2975 7375
496 9216
2513 1953
3012 232
7499 5499
101 101
9501 1501
7028 8248
8567 4007
8624 3344
3225 7625
8356 2536
9043 8243
4272 3632
2549 6389
900 1000
5311 7071
1808 688
3377 1857
7524 1384
1275 875
3616 9856
8573 4333
4132 1432
1799 5079
7600 8000
6521 5641
7588 7928
4787 5107
8624 4224
3125 3125
2276 9176
7103 223
8592 5632
1249 5569
6100 7000
9131 5211
368 9968
8797 5757
7924 5864
4775 375
336 8496
633 5913
3652 8232
6899 1859
2400 4000
9141 3781
6148 6808
1407 5807
1424 304
2225 8625
3796 5816
5163 1403
5312 1232
4749 7949
2500 5000
2551 9351
928 8448
8617 7257
5124 1544
1475 3875
8656 9136
6693 6693
9572 6632
799 7839
2400 6000
5361 9921
708 4888
6427 2107
5024 3584
8525 2125
916 6456
1223 1783
2432 6432
1049 5529
8100 3000
3571 3491
1488 6128
837 2357
7124 424
9375 9375
6576 5776
4753 6673
9892 2632
1499 5019
5600 2000
3181 8061
9268 2168
7847 7
7424 6064
25 1625
1636 5096
3283 1363
7952 7232
8149 309
900 9000
191 1631
48 3008
3457 7057
1924 4504
6475 4875
2096 2416
2813 5853
2612 2232
6999 5399
101 101
601 2201
9828 8648
3667 5507
6624 9744
4725 5125
3956 5736
9343 143
9872 9632
4049 4289
8900 1000
411 7771
4608 9088
4477 7357
7524 5784
775 8375
3216 3056
8873 4233
5732 1432
5299 979
3600 8000
5621 6341
388 4328
1887 4607
624 6624
625 625
5876 2376
7403 8123
6192 9632
6749 9469
100 7000
2231 5911
3168 4368
1897 9257
1924 6264
275 7875
7936 1696
933 1813
7252 6232
4399 3759
4400 4000
6241 4481
8948 9208
507 3307
7424 8704
5725 6125
5396 9016
5463 5303
4912 3232
4249 7849
2500 5000
3651 51
3728 8848
3717 8757
3124 7944
2975 1375
4256 2336
6993 8593
5172 2632
2299 5739
400 6000
461 621
3508 3288
7527 7607
5024 7984
8025 9625
516 9656
1523 1683
4032 6432
4549 1429
4100 3000
2671 4191
4288 2528
7937 1857
9124 2824
6875 6875
176 8976
5053 4573
7492 6632
6999 8919
9600 2000
6281 8761
2068 6568
947 3507
1424 6464
5525 9125
9236 8296
3583 7263
1552 5232
5649 2209
2900 9000
7291 2331
2848 5408
2557 4557
7924 2904
9975 2375
3696 5616
3113 9753
2212 4232
6499 5299
101 101
1701 2901
2628 9048
8767 7007
4624 6144
6225 2625
9556 8936
9643 2043
5472 5632
5549 2189
6900 1000
5511 8471
7408 7488
5577 2857
7524 184
275 5875
2816 6256
9173 4133
7332 1432
8799 6879
9600 8000
4721 7041
3188 728
8987 4107
2624 9024
8125 8125
9476 5576
7703 6023
3792 3632
2249 3369
4100 7000
5331 6611
5968 8768
4997 2757
5924 6664
5775 5375
5536 4896
1233 7713
852 4232
1899 5659
6400 4000
3341 5181
1748 1608
9607 807
3424 7104
9225 3625
6996 2216
5763 9203
4512 5232
3749 7749
2500 5000
4751 751
6528 9248
8817 257
1124 4344
4475 8875
9856 5536
7293 493
772 8632
3799 3639
8400 6000
5561 1321
6308 1688
8627 3107
5024 2384
7525 7125
116 2856
1823 1583
5632 6432
8049 7329
100 3000
1771 4891
7088 8928
5037 1357
1124 5224
4375 4375
3776 2176
5353 2473
5092 632
2499 2819
3600 2000
9381 9461
4868 968
4047 7007
5424 6864
1025 6625
6836 1496
3883 3163
5152 3232
3149 4109
4900 9000
4391 3031
5648 7808
1657 2057
3924 1304
3475 9875
5296 8816
3413 3653
1812 6232
5999 5199
101 101
2801 3601
5428 9448
3867 8507
2624 2544
7725 125
5156 2136
9943 3943
1072 1632
7049 89
4900 1000
611 9171
208 5888
6677 8357
7524 4584
9775 3375
2416 9456
9473 4033
8932 1432
2299 2779
5600 8000
3821 7741
5988 7128
6087 3607
4624 1424
5625 5625
3076 8776
8003 3923
1392 7632
7749 7269
8100 7000
8431 7311
8768 3168
8097 6257
9924 7064
1275 2875
3136 8096
1533 3613
4452 2232
9399 7559
8400 4000
441 5881
4548 4008
8707 8307
9424 5504
2725 1125
8596 5416
6063 3103
4112 7232
3249 7649
2500 5000
5851 1451
9328 9648
3917 1757
9124 744
5975 6375
5456 8736
7593 2393
6372 4632
5299 1539
6400 6000
661 2021
9108 88
9727 8607
5024 6784
7025 4625
9716 6056
2123 1483
7232 6432
1549 3229
6100 3000
871 5591
9888 5328
2137 857
3124 7624
1875 1875
7376 5376
5653 373
2692 4632
7999 6719
7600 2000
2481 161
7668 5368
7147 507
9424 7264
6525 4125
4436 4696
4183 9063
8752 1232
649 6009
6900 9000
1491 3731
8448 208
757 9557
9924 9704
6975 7375
6896 2016
3713 7553
1412 8232
5499 5099
101 101
3901 4301
8228 9848
8967 7
624 8944
9225 7625
756 5336
243 5843
6672 7632
8549 7989
2900 1000
5711 9871
3008 4288
7777 3857
7524 8984
9275 875
2016 2656
9773 3933
532 1432
5799 8679
1600 8000
2921 8441
8788 3528
3187 3107
6624 3824
3125 3125
6676 1976
8303 1823
8992 1632
3249 1169
2100 7000
1531 8011
1568 7568
1197 9757
3924 7464
6775 375
736 1296
1833 9513
8052 232
6899 9459
400 4000
7541 6581
7348 6408
7807 5807
5424 3904
6225 8625
196 8616
6363 7003
3712 9232
2749 7549
2500 5000
6951 2151
2128 48
9017 3257
7124 7144
7475 3875
1056 1936
7893 4293
1972 632
6799 9439
4400 6000
5761 2721
1908 8488
827 4107
5024 1184
6525 2125
9316 9256
2423 1383
8832 6432
5049 9129
2100 3000
9971 6291
2688 1728
9237 357
5124 24
9375 9375
976 8576
5953 8273
292 8632
3499 619
1600 2000
5581 861
468 9768
247 4007
3424 7664
2025 1625
2036 7896
4483 4963
2352 9232
8149 7909
8900 9000
8591 4431
1248 2608
9857 7057
5924 8104
475 4875
8496 5216
4013 1453
1012 232
4999 4999
101 101
5001 5001