100
314 220
22 312
381 49
252 161
127 100
429 151
187 386
180 171
27 83
479 24
133 66
379 489
339 48
485 495
483 236
114 17
476 77
414 170
285 167
355 203
124 126
103 366
350 164
72 20
82 155
237 141
302 24
323 125
251 325
409 346
73 438
421 252
428 441
411 467
349 273
194 131
258 421
463 232
326 193
211 29
144 288
24 475
93 116
326 256
347 466
247 216
62 328
484 406
283 91
134 314
164 73
248 32
229 19
393 95
440 396
71 267
357 399
429 70
15 55
492 33
296 315
362 216
471 234
194 150
255 379
348 227
321 120
48 353
60 357
292 404
400 215
352 436
496 406
87 41
394 14
188 124
348 334
64 143
221 490
45 131
30 98
389 158
89 238
196 220
494 280
151 235
25 418
17 235
214 474
498 401
411 209
255 390
60 169
473 475
478 207
28 22
367 428
117 180
25 176
448 198
