5000
20 67
25 95
67 80
16 59
14 96
38 55
4 50
64 7
71 100
21 10
100 7
23 74
17 88
45 85
48 20
65 85
77 27
44 28
69 48
11 34
51 15
95 21
85 1
29 55
96 69
82 6
23 10
36 32
41 28
89 99
24 11
85 32
3 50
54 56
95 92
4 43
36 88
52 56
60 6
19 12
57 53
23 91
61 23
26 83
66 90
37 51
55 11
26 24
61 79
40 85
75 29
55 75
64 15
35 62
75 69
40 5
78 7
44 74
82 22
41 88
49 74
65 31
97 48
6 37
47 10
98 41
16 10
77 1
12 48
60 12
65 12
78 50
19 36
5 29
72 86
16 17
6 39
50 12
90 56
32 21
57 11
24 55
36 28
53 6
56 69
84 42
78 71
1 32
80 99
30 100
37 1
97 40
63 92
87 39
85 4
34 14
76 46
81 2
100 98
55 55
1 1
20 67
25 95
67 80
16 59
14 96
38 55
4 50
64 7
71 100
21 10
100 7
23 74
17 88
45 85
48 20
65 85
77 27
44 28
69 48
11 34
51 15
95 21
85 1
29 55
96 69
82 6
23 10
36 32
41 28
89 99
24 11
85 32
3 50
54 56
95 92
4 43
36 88
52 56
60 6
19 12
57 53
23 91
61 23
26 83
66 90
37 51
55 11
26 24
61 79
40 85
75 29
55 75
64 15
35 62
75 69
40 5
78 7
44 74
82 22
41 88
49 74
65 31
97 48
6 37
47 10
98 41
16 10
77 1
12 48
60 12
65 12
78 50
19 36
5 29
72 86
16 17
6 39
50 12
90 56
32 21
57 11
24 55
36 28
53 6
56 69
84 42
78 71
1 32
80 99
30 100
37 1
97 40
63 92
87 39
85 4
34 14
76 46
81 2
100 98
55 55
1 1
20 67
25 95
67 80
16 59
14 96
38 55
4 50
64 7
71 100
21 10
100 7
23 74
17 88
45 85
48 20
65 85
77 27
44 28
69 48
11 34
51 15
95 21
85 1
29 55
96 69
82 6
23 10
36 32
41 28
89 99
24 11
85 32
3 50
54 56
95 92
4 43
36 88
52 56
60 6
19 12
57 53
23 91
61 23
26 83
66 90
37 51
55 11
26 24
61 79
40 85
75 29
55 75
64 15
35 62
75 69
40 5
78 7
44 74
82 22
41 88
49 74
65 31
97 48
6 37
47 10
98 41
16 10
77 1
12 48
60 12
65 12
78 50
19 36
5 29
72 86
16 17
6 39
50 12
90 56
32 21
57 11
24 55
36 28
53 6
56 69
84 42
78 71
1 32
80 99
30 100
37 1
97 40
63 92
87 39
85 4
34 14
76 46
81 2
100 98
55 55
1 1
20 67
25 95
67 80
16 59
14 96
38 55
4 50
64 7
71 100
21 10
100 7
23 74
17 88
45 85
48 20
65 85
77 27
44 28
69 48
11 34
51 15
95 21
85 1
29 55
96 69
82 6
23 10
36 32
41 28
89 99
24 11
85 32
3 50
54 56
95 92
4 43
36 88
52 56
60 6
19 12
57 53
23 91
61 23
26 83
66 90
37 51
55 11
26 24
61 79
40 85
75 29
55 75
64 15
35 62
75 69
40 5
78 7
44 74
82 22
41 88
49 74
65 31
97 48
6 37
47 10
98 41
16 10
77 1
12 48
60 12
65 12
78 50
19 36
5 29
72 86
16 17
6 39
50 12
90 56
32 21
57 11
24 55
36 28
53 6
56 69
84 42
78 71
1 32
80 99
30 100
37 1
97 40
63 92
87 39
85 4
34 14
76 46
81 2
100 98
55 55
1 1
20 67
25 95
67 80
16 59
14 96
38 55
4 50
64 7
71 100
21 10
100 7
23 74
17 88
45 85
48 20
65 85
77 27
44 28
69 48
11 34
51 15
95 21
85 1
29 55
96 69
82 6
23 10
36 32
41 28
89 99
24 11
85 32
3 50
54 56
95 92
4 43
36 88
52 56
60 6
19 12
57 53
23 91
61 23
26 83
66 90
37 51
55 11
26 24
61 79
40 85
75 29
55 75
64 15
35 62
75 69
40 5
78 7
44 74
82 22
41 88
49 74
65 31
97 48
6 37
47 10
98 41
16 10
77 1
12 48
60 12
65 12
78 50
19 36
5 29
72 86
16 17
6 39
50 12
90 56
32 21
57 11
24 55
36 28
53 6
56 69
84 42
78 71
1 32
80 99
30 100
37 1
97 40
63 92
87 39
85 4
34 14
76 46
81 2
100 98
55 55
1 1
20 67
25 95
67 80
16 59
14 96
38 55
4 50
64 7
71 100
21 10
100 7
23 74
17 88
45 85
48 20
65 85
77 27
44 28
69 48
11 34
51 15
95 21
85 1
29 55
96 69
82 6
23 10
36 32
41 28
89 99
24 11
85 32
3 50
54 56
95 92
4 43
36 88
52 56
60 6
19 12
57 53
23 91
61 23
26 83
66 90
37 51
55 11
26 24
61 79
40 85
75 29
55 75
64 15
35 62
75 69
40 5
78 7
44 74
82 22
41 88
49 74
65 31
97 48
6 37
47 10
98 41
16 10
77 1
12 48
60 12
65 12
78 50
19 36
5 29
72 86
16 17
6 39
50 12
90 56
32 21
57 11
24 55
36 28
53 6
56 69
84 42
78 71
1 32
80 99
30 100
37 1
97 40
63 92
87 39
85 4
34 14
76 46
81 2
100 98
55 55
1 1
20 67
25 95
67 80
16 59
14 96
38 55
4 50
64 7
71 100
21 10
100 7
23 74
17 88
45 85
48 20
65 85
77 27
44 28
69 48
11 34
51 15
95 21
85 1
29 55
96 69
82 6
23 10
36 32
41 28
89 99
24 11
85 32
3 50
54 56
95 92
4 43
36 88
52 56
60 6
19 12
57 53
23 91
61 23
26 83
66 90
37 51
55 11
26 24
61 79
40 85
75 29
55 75
64 15
35 62
75 69
40 5
78 7
44 74
82 22
41 88
49 74
65 31
97 48
6 37
47 10
98 41
16 10
77 1
12 48
60 12
65 12
78 50
19 36
5 29
72 86
16 17
6 39
50 12
90 56
32 21
57 11
24 55
36 28
53 6
56 69
84 42
78 71
1 32
80 99
30 100
37 1
97 40
63 92
87 39
85 4
34 14
76 46
81 2
100 98
55 55
1 1
20 67
25 95
67 80
16 59
14 96
38 55
4 50
64 7
71 100
21 10
100 7
23 74
17 88
45 85
48 20
65 85
77 27
44 28
69 48
11 34
51 15
95 21
85 1
29 55
96 69
82 6
23 10
36 32
41 28
89 99
24 11
85 32
3 50
54 56
95 92
4 43
36 88
52 56
60 6
19 12
57 53
23 91
61 23
26 83
66 90
37 51
55 11
26 24
61 79
40 85
75 29
55 75
64 15
35 62
75 69
40 5
78 7
44 74
82 22
41 88
49 74
65 31
97 48
6 37
47 10
98 41
16 10
77 1
12 48
60 12
65 12
78 50
19 36
5 29
72 86
16 17
6 39
50 12
90 56
32 21
57 11
24 55
36 28
53 6
56 69
84 42
78 71
1 32
80 99
30 100
37 1
97 40
63 92
87 39
85 4
34 14
76 46
81 2
100 98
55 55
1 1
20 67
25 95
67 80
16 59
14 96
38 55
4 50
64 7
71 100
21 10
100 7
23 74
17 88
45 85
48 20
65 85
77 27
44 28
69 48
11 34
51 15
95 21
85 1
29 55
96 69
82 6
23 10
36 32
41 28
89 99
24 11
85 32
3 50
54 56
95 92
4 43
36 88
52 56
60 6
19 12
57 53
23 91
61 23
26 83
66 90
37 51
55 11
26 24
61 79
40 85
75 29
55 75
64 15
35 62
75 69
40 5
78 7
44 74
82 22
41 88
49 74
65 31
97 48
6 37
47 10
98 41
16 10
77 1
12 48
60 12
65 12
78 50
19 36
5 29
72 86
16 17
6 39
50 12
90 56
32 21
57 11
24 55
36 28
53 6
56 69
84 42
78 71
1 32
80 99
30 100
37 1
97 40
63 92
87 39
85 4
34 14
76 46
81 2
100 98
55 55
1 1
20 67
25 95
67 80
16 59
14 96
38 55
4 50
64 7
71 100
21 10
100 7
23 74
17 88
45 85
48 20
65 85
77 27
44 28
69 48
11 34
51 15
95 21
85 1
29 55
96 69
82 6
23 10
36 32
41 28
89 99
24 11
85 32
3 50
54 56
95 92
4 43
36 88
52 56
60 6
19 12
57 53
23 91
61 23
26 83
66 90
37 51
55 11
26 24
61 79
40 85
75 29
55 75
64 15
35 62
75 69
40 5
78 7
44 74
82 22
41 88
49 74
65 31
97 48
6 37
47 10
98 41
16 10
77 1
12 48
60 12
65 12
78 50
19 36
5 29
72 86
16 17
6 39
50 12
90 56
32 21
57 11
24 55
36 28
53 6
56 69
84 42
78 71
1 32
80 99
30 100
37 1
97 40
63 92
87 39
85 4
34 14
76 46
81 2
100 98
55 55
1 1
20 67
25 95
67 80
16 59
14 96
38 55
4 50
64 7
71 100
21 10
100 7
23 74
17 88
45 85
48 20
65 85
77 27
44 28
69 48
11 34
51 15
95 21
85 1
29 55
96 69
82 6
23 10
36 32
41 28
89 99
24 11
85 32
3 50
54 56
95 92
4 43
36 88
52 56
60 6
19 12
57 53
23 91
61 23
26 83
66 90
37 51
55 11
26 24
61 79
40 85
75 29
55 75
64 15
35 62
75 69
40 5
78 7
44 74
82 22
41 88
49 74
65 31
97 48
6 37
47 10
98 41
16 10
77 1
12 48
60 12
65 12
78 50
19 36
5 29
72 86
16 17
6 39
50 12
90 56
32 21
57 11
24 55
36 28
53 6
56 69
84 42
78 71
1 32
80 99
30 100
37 1
97 40
63 92
87 39
85 4
34 14
76 46
81 2
100 98
55 55
1 1
20 67
25 95
67 80
16 59
14 96
38 55
4 50
64 7
71 100
21 10
100 7
23 74
17 88
45 85
48 20
65 85
77 27
44 28
69 48
11 34
51 15
95 21
85 1
29 55
96 69
82 6
23 10
36 32
41 28
89 99
24 11
85 32
3 50
54 56
95 92
4 43
36 88
52 56
60 6
19 12
57 53
23 91
61 23
26 83
66 90
37 51
55 11
26 24
61 79
40 85
75 29
55 75
64 15
35 62
75 69
40 5
78 7
44 74
82 22
41 88
49 74
65 31
97 48
6 37
47 10
98 41
16 10
77 1
12 48
60 12
65 12
78 50
19 36
5 29
72 86
16 17
6 39
50 12
90 56
32 21
57 11
24 55
36 28
53 6
56 69
84 42
78 71
1 32
80 99
30 100
37 1
97 40
63 92
87 39
85 4
34 14
76 46
81 2
100 98
55 55
1 1
20 67
25 95
67 80
16 59
14 96
38 55
4 50
64 7
71 100
21 10
100 7
23 74
17 88
45 85
48 20
65 85
77 27
44 28
69 48
11 34
51 15
95 21
85 1
29 55
96 69
82 6
23 10
36 32
41 28
89 99
24 11
85 32
3 50
54 56
95 92
4 43
36 88
52 56
60 6
19 12
57 53
23 91
61 23
26 83
66 90
37 51
55 11
26 24
61 79
40 85
75 29
55 75
64 15
35 62
75 69
40 5
78 7
44 74
82 22
41 88
49 74
65 31
97 48
6 37
47 10
98 41
16 10
77 1
12 48
60 12
65 12
78 50
19 36
5 29
72 86
16 17
6 39
50 12
90 56
32 21
57 11
24 55
36 28
53 6
56 69
84 42
78 71
1 32
80 99
30 100
37 1
97 40
63 92
87 39
85 4
34 14
76 46
81 2
100 98
55 55
1 1
20 67
25 95
67 80
16 59
14 96
38 55
4 50
64 7
71 100
21 10
100 7
23 74
17 88
45 85
48 20
65 85
77 27
44 28
69 48
11 34
51 15
95 21
85 1
29 55
96 69
82 6
23 10
36 32
41 28
89 99
24 11
85 32
3 50
54 56
95 92
4 43
36 88
52 56
60 6
19 12
57 53
23 91
61 23
26 83
66 90
37 51
55 11
26 24
61 79
40 85
75 29
55 75
64 15
35 62
75 69
40 5
78 7
44 74
82 22
41 88
49 74
65 31
97 48
6 37
47 10
98 41
16 10
77 1
12 48
60 12
65 12
78 50
19 36
5 29
72 86
16 17
6 39
50 12
90 56
32 21
57 11
24 55
36 28
53 6
56 69
84 42
78 71
1 32
80 99
30 100
37 1
97 40
63 92
87 39
85 4
34 14
76 46
81 2
100 98
55 55
1 1
20 67
25 95
67 80
16 59
14 96
38 55
4 50
64 7
71 100
21 10
100 7
23 74
17 88
45 85
48 20
65 85
77 27
44 28
69 48
11 34
51 15
95 21
85 1
29 55
96 69
82 6
23 10
36 32
41 28
89 99
24 11
85 32
3 50
54 56
95 92
4 43
36 88
52 56
60 6
19 12
57 53
23 91
61 23
26 83
66 90
37 51
55 11
26 24
61 79
40 85
75 29
55 75
64 15
35 62
75 69
40 5
78 7
44 74
82 22
41 88
49 74
65 31
97 48
6 37
47 10
98 41
16 10
77 1
12 48
60 12
65 12
78 50
19 36
5 29
72 86
16 17
6 39
50 12
90 56
32 21
57 11
24 55
36 28
53 6
56 69
84 42
78 71
1 32
80 99
30 100
37 1
97 40
63 92
87 39
85 4
34 14
76 46
81 2
100 98
55 55
1 1
20 67
25 95
67 80
16 59
14 96
38 55
4 50
64 7
71 100
21 10
100 7
23 74
17 88
45 85
48 20
65 85
77 27
44 28
69 48
11 34
51 15
95 21
85 1
29 55
96 69
82 6
23 10
36 32
41 28
89 99
24 11
85 32
3 50
54 56
95 92
4 43
36 88
52 56
60 6
19 12
57 53
23 91
61 23
26 83
66 90
37 51
55 11
26 24
61 79
40 85
75 29
55 75
64 15
35 62
75 69
40 5
78 7
44 74
82 22
41 88
49 74
65 31
97 48
6 37
47 10
98 41
16 10
77 1
12 48
60 12
65 12
78 50
19 36
5 29
72 86
16 17
6 39
50 12
90 56
32 21
57 11
24 55
36 28
53 6
56 69
84 42
78 71
1 32
80 99
30 100
37 1
97 40
63 92
87 39
85 4
34 14
76 46
81 2
100 98
55 55
1 1
20 67
25 95
67 80
16 59
14 96
38 55
4 50
64 7
71 100
21 10
100 7
23 74
17 88
45 85
48 20
65 85
77 27
44 28
69 48
11 34
51 15
95 21
85 1
29 55
96 69
82 6
23 10
36 32
41 28
89 99
24 11
85 32
3 50
54 56
95 92
4 43
36 88
52 56
60 6
19 12
57 53
23 91
61 23
26 83
66 90
37 51
55 11
26 24
61 79
40 85
75 29
55 75
64 15
35 62
75 69
40 5
78 7
44 74
82 22
41 88
49 74
65 31
97 48
6 37
47 10
98 41
16 10
77 1
12 48
60 12
65 12
78 50
19 36
5 29
72 86
16 17
6 39
50 12
90 56
32 21
57 11
24 55
36 28
53 6
56 69
84 42
78 71
1 32
80 99
30 100
37 1
97 40
63 92
87 39
85 4
34 14
76 46
81 2
100 98
55 55
1 1
20 67
25 95
67 80
16 59
14 96
38 55
4 50
64 7
71 100
21 10
100 7
23 74
17 88
45 85
48 20
65 85
77 27
44 28
69 48
11 34
51 15
95 21
85 1
29 55
96 69
82 6
23 10
36 32
41 28
89 99
24 11
85 32
3 50
54 56
95 92
4 43
36 88
52 56
60 6
19 12
57 53
23 91
61 23
26 83
66 90
37 51
55 11
26 24
61 79
40 85
75 29
55 75
64 15
35 62
75 69
40 5
78 7
44 74
82 22
41 88
49 74
65 31
97 48
6 37
47 10
98 41
16 10
77 1
12 48
60 12
65 12
78 50
19 36
5 29
72 86
16 17
6 39
50 12
90 56
32 21
57 11
24 55
36 28
53 6
56 69
84 42
78 71
1 32
80 99
30 100
37 1
97 40
63 92
87 39
85 4
34 14
76 46
81 2
100 98
55 55
1 1
20 67
25 95
67 80
16 59
14 96
38 55
4 50
64 7
71 100
21 10
100 7
23 74
17 88
45 85
48 20
65 85
77 27
44 28
69 48
11 34
51 15
95 21
85 1
29 55
96 69
82 6
23 10
36 32
41 28
89 99
24 11
85 32
3 50
54 56
95 92
4 43
36 88
52 56
60 6
19 12
57 53
23 91
61 23
26 83
66 90
37 51
55 11
26 24
61 79
40 85
75 29
55 75
64 15
35 62
75 69
40 5
78 7
44 74
82 22
41 88
49 74
65 31
97 48
6 37
47 10
98 41
16 10
77 1
12 48
60 12
65 12
78 50
19 36
5 29
72 86
16 17
6 39
50 12
90 56
32 21
57 11
24 55
36 28
53 6
56 69
84 42
78 71
1 32
80 99
30 100
37 1
97 40
63 92
87 39
85 4
34 14
76 46
81 2
100 98
55 55
1 1
20 67
25 95
67 80
16 59
14 96
38 55
4 50
64 7
71 100
21 10
100 7
23 74
17 88
45 85
48 20
65 85
77 27
44 28
69 48
11 34
51 15
95 21
85 1
29 55
96 69
82 6
23 10
36 32
41 28
89 99
24 11
85 32
3 50
54 56
95 92
4 43
36 88
52 56
60 6
19 12
57 53
23 91
61 23
26 83
66 90
37 51
55 11
26 24
61 79
40 85
75 29
55 75
64 15
35 62
75 69
40 5
78 7
44 74
82 22
41 88
49 74
65 31
97 48
6 37
47 10
98 41
16 10
77 1
12 48
60 12
65 12
78 50
19 36
5 29
72 86
16 17
6 39
50 12
90 56
32 21
57 11
24 55
36 28
53 6
56 69
84 42
78 71
1 32
80 99
30 100
37 1
97 40
63 92
87 39
85 4
34 14
76 46
81 2
100 98
55 55
1 1
20 67
25 95
67 80
16 59
14 96
38 55
4 50
64 7
71 100
21 10
100 7
23 74
17 88
45 85
48 20
65 85
77 27
44 28
69 48
11 34
51 15
95 21
85 1
29 55
96 69
82 6
23 10
36 32
41 28
89 99
24 11
85 32
3 50
54 56
95 92
4 43
36 88
52 56
60 6
19 12
57 53
23 91
61 23
26 83
66 90
37 51
55 11
26 24
61 79
40 85
75 29
55 75
64 15
35 62
75 69
40 5
78 7
44 74
82 22
41 88
49 74
65 31
97 48
6 37
47 10
98 41
16 10
77 1
12 48
60 12
65 12
78 50
19 36
5 29
72 86
16 17
6 39
50 12
90 56
32 21
57 11
24 55
36 28
53 6
56 69
84 42
78 71
1 32
80 99
30 100
37 1
97 40
63 92
87 39
85 4
34 14
76 46
81 2
100 98
55 55
1 1
20 67
25 95
67 80
16 59
14 96
38 55
4 50
64 7
71 100
21 10
100 7
23 74
17 88
45 85
48 20
65 85
77 27
44 28
69 48
11 34
51 15
95 21
85 1
29 55
96 69
82 6
23 10
36 32
41 28
89 99
24 11
85 32
3 50
54 56
95 92
4 43
36 88
52 56
60 6
19 12
57 53
23 91
61 23
26 83
66 90
37 51
55 11
26 24
61 79
40 85
75 29
55 75
64 15
35 62
75 69
40 5
78 7
44 74
82 22
41 88
49 74
65 31
97 48
6 37
47 10
98 41
16 10
77 1
12 48
60 12
65 12
78 50
19 36
5 29
72 86
16 17
6 39
50 12
90 56
32 21
57 11
24 55
36 28
53 6
56 69
84 42
78 71
1 32
80 99
30 100
37 1
97 40
63 92
87 39
85 4
34 14
76 46
81 2
100 98
55 55
1 1
20 67
25 95
67 80
16 59
14 96
38 55
4 50
64 7
71 100
21 10
100 7
23 74
17 88
45 85
48 20
65 85
77 27
44 28
69 48
11 34
51 15
95 21
85 1
29 55
96 69
82 6
23 10
36 32
41 28
89 99
24 11
85 32
3 50
54 56
95 92
4 43
36 88
52 56
60 6
19 12
57 53
23 91
61 23
26 83
66 90
37 51
55 11
26 24
61 79
40 85
75 29
55 75
64 15
35 62
75 69
40 5
78 7
44 74
82 22
41 88
49 74
65 31
97 48
6 37
47 10
98 41
16 10
77 1
12 48
60 12
65 12
78 50
19 36
5 29
72 86
16 17
6 39
50 12
90 56
32 21
57 11
24 55
36 28
53 6
56 69
84 42
78 71
1 32
80 99
30 100
37 1
97 40
63 92
87 39
85 4
34 14
76 46
81 2
100 98
55 55
1 1
20 67
25 95
67 80
16 59
14 96
38 55
4 50
64 7
71 100
21 10
100 7
23 74
17 88
45 85
48 20
65 85
77 27
44 28
69 48
11 34
51 15
95 21
85 1
29 55
96 69
82 6
23 10
36 32
41 28
89 99
24 11
85 32
3 50
54 56
95 92
4 43
36 88
52 56
60 6
19 12
57 53
23 91
61 23
26 83
66 90
37 51
55 11
26 24
61 79
40 85
75 29
55 75
64 15
35 62
75 69
40 5
78 7
44 74
82 22
41 88
49 74
65 31
97 48
6 37
47 10
98 41
16 10
77 1
12 48
60 12
65 12
78 50
19 36
5 29
72 86
16 17
6 39
50 12
90 56
32 21
57 11
24 55
36 28
53 6
56 69
84 42
78 71
1 32
80 99
30 100
37 1
97 40
63 92
87 39
85 4
34 14
76 46
81 2
100 98
55 55
1 1
20 67
25 95
67 80
16 59
14 96
38 55
4 50
64 7
71 100
21 10
100 7
23 74
17 88
45 85
48 20
65 85
77 27
44 28
69 48
11 34
51 15
95 21
85 1
29 55
96 69
82 6
23 10
36 32
41 28
89 99
24 11
85 32
3 50
54 56
95 92
4 43
36 88
52 56
60 6
19 12
57 53
23 91
61 23
26 83
66 90
37 51
55 11
26 24
61 79
40 85
75 29
55 75
64 15
35 62
75 69
40 5
78 7
44 74
82 22
41 88
49 74
65 31
97 48
6 37
47 10
98 41
16 10
77 1
12 48
60 12
65 12
78 50
19 36
5 29
72 86
16 17
6 39
50 12
90 56
32 21
57 11
24 55
36 28
53 6
56 69
84 42
78 71
1 32
80 99
30 100
37 1
97 40
63 92
87 39
85 4
34 14
76 46
81 2
100 98
55 55
1 1
20 67
25 95
67 80
16 59
14 96
38 55
4 50
64 7
71 100
21 10
100 7
23 74
17 88
45 85
48 20
65 85
77 27
44 28
69 48
11 34
51 15
95 21
85 1
29 55
96 69
82 6
23 10
36 32
41 28
89 99
24 11
85 32
3 50
54 56
95 92
4 43
36 88
52 56
60 6
19 12
57 53
23 91
61 23
26 83
66 90
37 51
55 11
26 24
61 79
40 85
75 29
55 75
64 15
35 62
75 69
40 5
78 7
44 74
82 22
41 88
49 74
65 31
97 48
6 37
47 10
98 41
16 10
77 1
12 48
60 12
65 12
78 50
19 36
5 29
72 86
16 17
6 39
50 12
90 56
32 21
57 11
24 55
36 28
53 6
56 69
84 42
78 71
1 32
80 99
30 100
37 1
97 40
63 92
87 39
85 4
34 14
76 46
81 2
100 98
55 55
1 1
20 67
25 95
67 80
16 59
14 96
38 55
4 50
64 7
71 100
21 10
100 7
23 74
17 88
45 85
48 20
65 85
77 27
44 28
69 48
11 34
51 15
95 21
85 1
29 55
96 69
82 6
23 10
36 32
41 28
89 99
24 11
85 32
3 50
54 56
95 92
4 43
36 88
52 56
60 6
19 12
57 53
23 91
61 23
26 83
66 90
37 51
55 11
26 24
61 79
40 85
75 29
55 75
64 15
35 62
75 69
40 5
78 7
44 74
82 22
41 88
49 74
65 31
97 48
6 37
47 10
98 41
16 10
77 1
12 48
60 12
65 12
78 50
19 36
5 29
72 86
16 17
6 39
50 12
90 56
32 21
57 11
24 55
36 28
53 6
56 69
84 42
78 71
1 32
80 99
30 100
37 1
97 40
63 92
87 39
85 4
34 14
76 46
81 2
100 98
55 55
1 1
20 67
25 95
67 80
16 59
14 96
38 55
4 50
64 7
71 100
21 10
100 7
23 74
17 88
45 85
48 20
65 85
77 27
44 28
69 48
11 34
51 15
95 21
85 1
29 55
96 69
82 6
23 10
36 32
41 28
89 99
24 11
85 32
3 50
54 56
95 92
4 43
36 88
52 56
60 6
19 12
57 53
23 91
61 23
26 83
66 90
37 51
55 11
26 24
61 79
40 85
75 29
55 75
64 15
35 62
75 69
40 5
78 7
44 74
82 22
41 88
49 74
65 31
97 48
6 37
47 10
98 41
16 10
77 1
12 48
60 12
65 12
78 50
19 36
5 29
72 86
16 17
6 39
50 12
90 56
32 21
57 11
24 55
36 28
53 6
56 69
84 42
78 71
1 32
80 99
30 100
37 1
97 40
63 92
87 39
85 4
34 14
76 46
81 2
100 98
55 55
1 1
20 67
25 95
67 80
16 59
14 96
38 55
4 50
64 7
71 100
21 10
100 7
23 74
17 88
45 85
48 20
65 85
77 27
44 28
69 48
11 34
51 15
95 21
85 1
29 55
96 69
82 6
23 10
36 32
41 28
89 99
24 11
85 32
3 50
54 56
95 92
4 43
36 88
52 56
60 6
19 12
57 53
23 91
61 23
26 83
66 90
37 51
55 11
26 24
61 79
40 85
75 29
55 75
64 15
35 62
75 69
40 5
78 7
44 74
82 22
41 88
49 74
65 31
97 48
6 37
47 10
98 41
16 10
77 1
12 48
60 12
65 12
78 50
19 36
5 29
72 86
16 17
6 39
50 12
90 56
32 21
57 11
24 55
36 28
53 6
56 69
84 42
78 71
1 32
80 99
30 100
37 1
97 40
63 92
87 39
85 4
34 14
76 46
81 2
100 98
55 55
1 1
20 67
25 95
67 80
16 59
14 96
38 55
4 50
64 7
71 100
21 10
100 7
23 74
17 88
45 85
48 20
65 85
77 27
44 28
69 48
11 34
51 15
95 21
85 1
29 55
96 69
82 6
23 10
36 32
41 28
89 99
24 11
85 32
3 50
54 56
95 92
4 43
36 88
52 56
60 6
19 12
57 53
23 91
61 23
26 83
66 90
37 51
55 11
26 24
61 79
40 85
75 29
55 75
64 15
35 62
75 69
40 5
78 7
44 74
82 22
41 88
49 74
65 31
97 48
6 37
47 10
98 41
16 10
77 1
12 48
60 12
65 12
78 50
19 36
5 29
72 86
16 17
6 39
50 12
90 56
32 21
57 11
24 55
36 28
53 6
56 69
84 42
78 71
1 32
80 99
30 100
37 1
97 40
63 92
87 39
85 4
34 14
76 46
81 2
100 98
55 55
1 1
20 67
25 95
67 80
16 59
14 96
38 55
4 50
64 7
71 100
21 10
100 7
23 74
17 88
45 85
48 20
65 85
77 27
44 28
69 48
11 34
51 15
95 21
85 1
29 55
96 69
82 6
23 10
36 32
41 28
89 99
24 11
85 32
3 50
54 56
95 92
4 43
36 88
52 56
60 6
19 12
57 53
23 91
61 23
26 83
66 90
37 51
55 11
26 24
61 79
40 85
75 29
55 75
64 15
35 62
75 69
40 5
78 7
44 74
82 22
41 88
49 74
65 31
97 48
6 37
47 10
98 41
16 10
77 1
12 48
60 12
65 12
78 50
19 36
5 29
72 86
16 17
6 39
50 12
90 56
32 21
57 11
24 55
36 28
53 6
56 69
84 42
78 71
1 32
80 99
30 100
37 1
97 40
63 92
87 39
85 4
34 14
76 46
81 2
100 98
55 55
1 1
20 67
25 95
67 80
16 59
14 96
38 55
4 50
64 7
71 100
21 10
100 7
23 74
17 88
45 85
48 20
65 85
77 27
44 28
69 48
11 34
51 15
95 21
85 1
29 55
96 69
82 6
23 10
36 32
41 28
89 99
24 11
85 32
3 50
54 56
95 92
4 43
36 88
52 56
60 6
19 12
57 53
23 91
61 23
26 83
66 90
37 51
55 11
26 24
61 79
40 85
75 29
55 75
64 15
35 62
75 69
40 5
78 7
44 74
82 22
41 88
49 74
65 31
97 48
6 37
47 10
98 41
16 10
77 1
12 48
60 12
65 12
78 50
19 36
5 29
72 86
16 17
6 39
50 12
90 56
32 21
57 11
24 55
36 28
53 6
56 69
84 42
78 71
1 32
80 99
30 100
37 1
97 40
63 92
87 39
85 4
34 14
76 46
81 2
100 98
55 55
1 1
20 67
25 95
67 80
16 59
14 96
38 55
4 50
64 7
71 100
21 10
100 7
23 74
17 88
45 85
48 20
65 85
77 27
44 28
69 48
11 34
51 15
95 21
85 1
29 55
96 69
82 6
23 10
36 32
41 28
89 99
24 11
85 32
3 50
54 56
95 92
4 43
36 88
52 56
60 6
19 12
57 53
23 91
61 23
26 83
66 90
37 51
55 11
26 24
61 79
40 85
75 29
55 75
64 15
35 62
75 69
40 5
78 7
44 74
82 22
41 88
49 74
65 31
97 48
6 37
47 10
98 41
16 10
77 1
12 48
60 12
65 12
78 50
19 36
5 29
72 86
16 17
6 39
50 12
90 56
32 21
57 11
24 55
36 28
53 6
56 69
84 42
78 71
1 32
80 99
30 100
37 1
97 40
63 92
87 39
85 4
34 14
76 46
81 2
100 98
55 55
1 1
20 67
25 95
67 80
16 59
14 96
38 55
4 50
64 7
71 100
21 10
100 7
23 74
17 88
45 85
48 20
65 85
77 27
44 28
69 48
11 34
51 15
95 21
85 1
29 55
96 69
82 6
23 10
36 32
41 28
89 99
24 11
85 32
3 50
54 56
95 92
4 43
36 88
52 56
60 6
19 12
57 53
23 91
61 23
26 83
66 90
37 51
55 11
26 24
61 79
40 85
75 29
55 75
64 15
35 62
75 69
40 5
78 7
44 74
82 22
41 88
49 74
65 31
97 48
6 37
47 10
98 41
16 10
77 1
12 48
60 12
65 12
78 50
19 36
5 29
72 86
16 17
6 39
50 12
90 56
32 21
57 11
24 55
36 28
53 6
56 69
84 42
78 71
1 32
80 99
30 100
37 1
97 40
63 92
87 39
85 4
34 14
76 46
81 2
100 98
55 55
1 1
20 67
25 95
67 80
16 59
14 96
38 55
4 50
64 7
71 100
21 10
100 7
23 74
17 88
45 85
48 20
65 85
77 27
44 28
69 48
11 34
51 15
95 21
85 1
29 55
96 69
82 6
23 10
36 32
41 28
89 99
24 11
85 32
3 50
54 56
95 92
4 43
36 88
52 56
60 6
19 12
57 53
23 91
61 23
26 83
66 90
37 51
55 11
26 24
61 79
40 85
75 29
55 75
64 15
35 62
75 69
40 5
78 7
44 74
82 22
41 88
49 74
65 31
97 48
6 37
47 10
98 41
16 10
77 1
12 48
60 12
65 12
78 50
19 36
5 29
72 86
16 17
6 39
50 12
90 56
32 21
57 11
24 55
36 28
53 6
56 69
84 42
78 71
1 32
80 99
30 100
37 1
97 40
63 92
87 39
85 4
34 14
76 46
81 2
100 98
55 55
1 1
20 67
25 95
67 80
16 59
14 96
38 55
4 50
64 7
71 100
21 10
100 7
23 74
17 88
45 85
48 20
65 85
77 27
44 28
69 48
11 34
51 15
95 21
85 1
29 55
96 69
82 6
23 10
36 32
41 28
89 99
24 11
85 32
3 50
54 56
95 92
4 43
36 88
52 56
60 6
19 12
57 53
23 91
61 23
26 83
66 90
37 51
55 11
26 24
61 79
40 85
75 29
55 75
64 15
35 62
75 69
40 5
78 7
44 74
82 22
41 88
49 74
65 31
97 48
6 37
47 10
98 41
16 10
77 1
12 48
60 12
65 12
78 50
19 36
5 29
72 86
16 17
6 39
50 12
90 56
32 21
57 11
24 55
36 28
53 6
56 69
84 42
78 71
1 32
80 99
30 100
37 1
97 40
63 92
87 39
85 4
34 14
76 46
81 2
100 98
55 55
1 1
20 67
25 95
67 80
16 59
14 96
38 55
4 50
64 7
71 100
21 10
100 7
23 74
17 88
45 85
48 20
65 85
77 27
44 28
69 48
11 34
51 15
95 21
85 1
29 55
96 69
82 6
23 10
36 32
41 28
89 99
24 11
85 32
3 50
54 56
95 92
4 43
36 88
52 56
60 6
19 12
57 53
23 91
61 23
26 83
66 90
37 51
55 11
26 24
61 79
40 85
75 29
55 75
64 15
35 62
75 69
40 5
78 7
44 74
82 22
41 88
49 74
65 31
97 48
6 37
47 10
98 41
16 10
77 1
12 48
60 12
65 12
78 50
19 36
5 29
72 86
16 17
6 39
50 12
90 56
32 21
57 11
24 55
36 28
53 6
56 69
84 42
78 71
1 32
80 99
30 100
37 1
97 40
63 92
87 39
85 4
34 14
76 46
81 2
100 98
55 55
1 1
20 67
25 95
67 80
16 59
14 96
38 55
4 50
64 7
71 100
21 10
100 7
23 74
17 88
45 85
48 20
65 85
77 27
44 28
69 48
11 34
51 15
95 21
85 1
29 55
96 69
82 6
23 10
36 32
41 28
89 99
24 11
85 32
3 50
54 56
95 92
4 43
36 88
52 56
60 6
19 12
57 53
23 91
61 23
26 83
66 90
37 51
55 11
26 24
61 79
40 85
75 29
55 75
64 15
35 62
75 69
40 5
78 7
44 74
82 22
41 88
49 74
65 31
97 48
6 37
47 10
98 41
16 10
77 1
12 48
60 12
65 12
78 50
19 36
5 29
72 86
16 17
6 39
50 12
90 56
32 21
57 11
24 55
36 28
53 6
56 69
84 42
78 71
1 32
80 99
30 100
37 1
97 40
63 92
87 39
85 4
34 14
76 46
81 2
100 98
55 55
1 1
20 67
25 95
67 80
16 59
14 96
38 55
4 50
64 7
71 100
21 10
100 7
23 74
17 88
45 85
48 20
65 85
77 27
44 28
69 48
11 34
51 15
95 21
85 1
29 55
96 69
82 6
23 10
36 32
41 28
89 99
24 11
85 32
3 50
54 56
95 92
4 43
36 88
52 56
60 6
19 12
57 53
23 91
61 23
26 83
66 90
37 51
55 11
26 24
61 79
40 85
75 29
55 75
64 15
35 62
75 69
40 5
78 7
44 74
82 22
41 88
49 74
65 31
97 48
6 37
47 10
98 41
16 10
77 1
12 48
60 12
65 12
78 50
19 36
5 29
72 86
16 17
6 39
50 12
90 56
32 21
57 11
24 55
36 28
53 6
56 69
84 42
78 71
1 32
80 99
30 100
37 1
97 40
63 92
87 39
85 4
34 14
76 46
81 2
100 98
55 55
1 1
20 67
25 95
67 80
16 59
14 96
38 55
4 50
64 7
71 100
21 10
100 7
23 74
17 88
45 85
48 20
65 85
77 27
44 28
69 48
11 34
51 15
95 21
85 1
29 55
96 69
82 6
23 10
36 32
41 28
89 99
24 11
85 32
3 50
54 56
95 92
4 43
36 88
52 56
60 6
19 12
57 53
23 91
61 23
26 83
66 90
37 51
55 11
26 24
61 79
40 85
75 29
55 75
64 15
35 62
75 69
40 5
78 7
44 74
82 22
41 88
49 74
65 31
97 48
6 37
47 10
98 41
16 10
77 1
12 48
60 12
65 12
78 50
19 36
5 29
72 86
16 17
6 39
50 12
90 56
32 21
57 11
24 55
36 28
53 6
56 69
84 42
78 71
1 32
80 99
30 100
37 1
97 40
63 92
87 39
85 4
34 14
76 46
81 2
100 98
55 55
1 1
20 67
25 95
67 80
16 59
14 96
38 55
4 50
64 7
71 100
21 10
100 7
23 74
17 88
45 85
48 20
65 85
77 27
44 28
69 48
11 34
51 15
95 21
85 1
29 55
96 69
82 6
23 10
36 32
41 28
89 99
24 11
85 32
3 50
54 56
95 92
4 43
36 88
52 56
60 6
19 12
57 53
23 91
61 23
26 83
66 90
37 51
55 11
26 24
61 79
40 85
75 29
55 75
64 15
35 62
75 69
40 5
78 7
44 74
82 22
41 88
49 74
65 31
97 48
6 37
47 10
98 41
16 10
77 1
12 48
60 12
65 12
78 50
19 36
5 29
72 86
16 17
6 39
50 12
90 56
32 21
57 11
24 55
36 28
53 6
56 69
84 42
78 71
1 32
80 99
30 100
37 1
97 40
63 92
87 39
85 4
34 14
76 46
81 2
100 98
55 55
1 1
20 67
25 95
67 80
16 59
14 96
38 55
4 50
64 7
71 100
21 10
100 7
23 74
17 88
45 85
48 20
65 85
77 27
44 28
69 48
11 34
51 15
95 21
85 1
29 55
96 69
82 6
23 10
36 32
41 28
89 99
24 11
85 32
3 50
54 56
95 92
4 43
36 88
52 56
60 6
19 12
57 53
23 91
61 23
26 83
66 90
37 51
55 11
26 24
61 79
40 85
75 29
55 75
64 15
35 62
75 69
40 5
78 7
44 74
82 22
41 88
49 74
65 31
97 48
6 37
47 10
98 41
16 10
77 1
12 48
60 12
65 12
78 50
19 36
5 29
72 86
16 17
6 39
50 12
90 56
32 21
57 11
24 55
36 28
53 6
56 69
84 42
78 71
1 32
80 99
30 100
37 1
97 40
63 92
87 39
85 4
34 14
76 46
81 2
100 98
55 55
1 1
20 67
25 95
67 80
16 59
14 96
38 55
4 50
64 7
71 100
21 10
100 7
23 74
17 88
45 85
48 20
65 85
77 27
44 28
69 48
11 34
51 15
95 21
85 1
29 55
96 69
82 6
23 10
36 32
41 28
89 99
24 11
85 32
3 50
54 56
95 92
4 43
36 88
52 56
60 6
19 12
57 53
23 91
61 23
26 83
66 90
37 51
55 11
26 24
61 79
40 85
75 29
55 75
64 15
35 62
75 69
40 5
78 7
44 74
82 22
41 88
49 74
65 31
97 48
6 37
47 10
98 41
16 10
77 1
12 48
60 12
65 12
78 50
19 36
5 29
72 86
16 17
6 39
50 12
90 56
32 21
57 11
24 55
36 28
53 6
56 69
84 42
78 71
1 32
80 99
30 100
37 1
97 40
63 92
87 39
85 4
34 14
76 46
81 2
100 98
55 55
1 1
20 67
25 95
67 80
16 59
14 96
38 55
4 50
64 7
71 100
21 10
100 7
23 74
17 88
45 85
48 20
65 85
77 27
44 28
69 48
11 34
51 15
95 21
85 1
29 55
96 69
82 6
23 10
36 32
41 28
89 99
24 11
85 32
3 50
54 56
95 92
4 43
36 88
52 56
60 6
19 12
57 53
23 91
61 23
26 83
66 90
37 51
55 11
26 24
61 79
40 85
75 29
55 75
64 15
35 62
75 69
40 5
78 7
44 74
82 22
41 88
49 74
65 31
97 48
6 37
47 10
98 41
16 10
77 1
12 48
60 12
65 12
78 50
19 36
5 29
72 86
16 17
6 39
50 12
90 56
32 21
57 11
24 55
36 28
53 6
56 69
84 42
78 71
1 32
80 99
30 100
37 1
97 40
63 92
87 39
85 4
34 14
76 46
81 2
100 98
55 55
1 1
20 67
25 95
67 80
16 59
14 96
38 55
4 50
64 7
71 100
21 10
100 7
23 74
17 88
45 85
48 20
65 85
77 27
44 28
69 48
11 34
51 15
95 21
85 1
29 55
96 69
82 6
23 10
36 32
41 28
89 99
24 11
85 32
3 50
54 56
95 92
4 43
36 88
52 56
60 6
19 12
57 53
23 91
61 23
26 83
66 90
37 51
55 11
26 24
61 79
40 85
75 29
55 75
64 15
35 62
75 69
40 5
78 7
44 74
82 22
41 88
49 74
65 31
97 48
6 37
47 10
98 41
16 10
77 1
12 48
60 12
65 12
78 50
19 36
5 29
72 86
16 17
6 39
50 12
90 56
32 21
57 11
24 55
36 28
53 6
56 69
84 42
78 71
1 32
80 99
30 100
37 1
97 40
63 92
87 39
85 4
34 14
76 46
81 2
100 98
55 55
1 1
20 67
25 95
67 80
16 59
14 96
38 55
4 50
64 7
71 100
21 10
100 7
23 74
17 88
45 85
48 20
65 85
77 27
44 28
69 48
11 34
51 15
95 21
85 1
29 55
96 69
82 6
23 10
36 32
41 28
89 99
24 11
85 32
3 50
54 56
95 92
4 43
36 88
52 56
60 6
19 12
57 53
23 91
61 23
26 83
66 90
37 51
55 11
26 24
61 79
40 85
75 29
55 75
64 15
35 62
75 69
40 5
78 7
44 74
82 22
41 88
49 74
65 31
97 48
6 37
47 10
98 41
16 10
77 1
12 48
60 12
65 12
78 50
19 36
5 29
72 86
16 17
6 39
50 12
90 56
32 21
57 11
24 55
36 28
53 6
56 69
84 42
78 71
1 32
80 99
30 100
37 1
97 40
63 92
87 39
85 4
34 14
76 46
81 2
100 98
55 55
1 1
20 67
25 95
67 80
16 59
14 96
38 55
4 50
64 7
71 100
21 10
100 7
23 74
17 88
45 85
48 20
65 85
77 27
44 28
69 48
11 34
51 15
95 21
85 1
29 55
96 69
82 6
23 10
36 32
41 28
89 99
24 11
85 32
3 50
54 56
95 92
4 43
36 88
52 56
60 6
19 12
57 53
23 91
61 23
26 83
66 90
37 51
55 11
26 24
61 79
40 85
75 29
55 75
64 15
35 62
75 69
40 5
78 7
44 74
82 22
41 88
49 74
65 31
97 48
6 37
47 10
98 41
16 10
77 1
12 48
60 12
65 12
78 50
19 36
5 29
72 86
16 17
6 39
50 12
90 56
32 21
57 11
24 55
36 28
53 6
56 69
84 42
78 71
1 32
80 99
30 100
37 1
97 40
63 92
87 39
85 4
34 14
76 46
81 2
100 98
55 55
1 1
20 67
25 95
67 80
16 59
14 96
38 55
4 50
64 7
71 100
21 10
100 7
23 74
17 88
45 85
48 20
65 85
77 27
44 28
69 48
11 34
51 15
95 21
85 1
29 55
96 69
82 6
23 10
36 32
41 28
89 99
24 11
85 32
3 50
54 56
95 92
4 43
36 88
52 56
60 6
19 12
57 53
23 91
61 23
26 83
66 90
37 51
55 11
26 24
61 79
40 85
75 29
55 75
64 15
35 62
75 69
40 5
78 7
44 74
82 22
41 88
49 74
65 31
97 48
6 37
47 10
98 41
16 10
77 1
12 48
60 12
65 12
78 50
19 36
5 29
72 86
16 17
6 39
50 12
90 56
32 21
57 11
24 55
36 28
53 6
56 69
84 42
78 71
1 32
80 99
30 100
37 1
97 40
63 92
87 39
85 4
34 14
76 46
81 2
100 98
55 55
1 1
20 67
25 95
67 80
16 59
14 96
38 55
4 50
64 7
71 100
21 10
100 7
23 74
17 88
45 85
48 20
65 85
77 27
44 28
69 48
11 34
51 15
95 21
85 1
29 55
96 69
82 6
23 10
36 32
41 28
89 99
24 11
85 32
3 50
54 56
95 92
4 43
36 88
52 56
60 6
19 12
57 53
23 91
61 23
26 83
66 90
37 51
55 11
26 24
61 79
40 85
75 29
55 75
64 15
35 62
75 69
40 5
78 7
44 74
82 22
41 88
49 74
65 31
97 48
6 37
47 10
98 41
16 10
77 1
12 48
60 12
65 12
78 50
19 36
5 29
72 86
16 17
6 39
50 12
90 56
32 21
57 11
24 55
36 28
53 6
56 69
84 42
78 71
1 32
80 99
30 100
37 1
97 40
63 92
87 39
85 4
34 14
76 46
81 2
100 98
55 55
1 1
20 67
25 95
67 80
16 59
14 96
38 55
4 50
64 7
71 100
21 10
100 7
23 74
17 88
45 85
48 20
65 85
77 27
44 28
69 48
11 34
51 15
95 21
85 1
29 55
96 69
82 6
23 10
36 32
41 28
89 99
24 11
85 32
3 50
54 56
95 92
4 43
36 88
52 56
60 6
19 12
57 53
23 91
61 23
26 83
66 90
37 51
55 11
26 24
61 79
40 85
75 29