39	18	24	36	97
18	37	46	64	28
62	37	7	116	55
70	77	86	116	164
25	60	16	121	28
78	40	53	134	54
71	53	75	65	101
17	88	23	164	16
14	9	69	110	140
34	49	39	98	82
48	9	92	132	136
43	64	66	128	64
30	22	17	105	16
27	98	33	32	46
60	73	17	127	107
79	46	26	135	45
53	48	91	51	93
33	37	5	47	70
32	60	80	39	88
40	87	30	136	44
93	49	32	70	110
85	27	6	69	111
4	66	21	48	74
54	5	79	114	75
60	49	72	56	136
21	11	95	35	107
93	58	38	14	133
65	61	68	90	52
97	3	53	108	56
11	91	62	64	67
40	95	12	112	68
48	4	68	38	155
37	11	21	98	82
100	15	70	118	62
56	24	39	77	103
18	79	99	135	89
40	6	5	87	93
65	11	98	67	57
49	46	51	33	147
44	32	93	86	93
63	95	1	119	61
89	18	88	120	60
3	34	50	25	139
96	57	71	39	141
54	29	13	29	89
93	56	77	38	125
90	55	73	29	155
89	10	90	136	80
96	14	14	74	106
76	29	95	66	61
48	55	31	20	124
81	18	76	59	70
20	54	44	128	48
92	68	81	62	118
69	19	47	118	130
75	79	38	86	81
44	60	93	27	153
76	80	78	52	128
62	76	83	60	61
14	89	35	36	106
72	53	63	16	25
65	65	26	82	98
53	23	19	76	119
7	45	87	108	72
36	64	45	11	87
6	60	1	105	75
59	42	21	71	109
94	21	94	144	36
74	81	75	100	39
59	69	22	104	52
4	88	41	47	20
12	17	90	149	31
73	35	96	57	73
49	27	78	58	132
86	46	41	100	105
46	49	31	139	41
42	12	62	92	84
7	89	68	134	21
10	30	33	129	148
12	99	58	37	162
41	19	3	159	21
53	89	82	83	106
23	70	82	131	86
87	34	98	109	133
77	72	52	95	79
24	25	87	100	80
94	54	94	108	92
88	94	66	18	78
97	72	65	85	11
100	1	94	118	120
58	86	75	131	48
89	5	27	105	75
84	80	56	117	132
43	34	25	120	60
96	24	54	144	59
7	70	54	126	54
68	8	24	17	104
61	81	86	93	87
82	78	64	48	37
9	68	81	155	25
33	56	31	49	10
87	16	28	22	79
75	98	35	98	65
15	59	22	117	139
40	41	91	96	19
11	65	65	97	21
77	62	80	17	133
100	33	18	73	43
74	57	50	101	106
97	49	90	170	10
60	90	31	139	41
13	25	14	39	51
68	95	39	69	118
37	39	60	70	134
66	30	78	160	20
27	81	81	150	30
49	39	44	91	112
22	37	64	144	36
2	70	60	146	120
67	27	10	109	77
24	21	49	96	117
29	90	27	63	117
66	38	20	124	48
39	56	79	110	70
11	28	71	58	68
16	66	11	104	47
40	38	93	18	106
3	4	5	120	60
7	61	4	28	41
82	22	31	28	141
6	91	91	115	65
52	60	64	104	75
24	58	20	96	54
96	54	13	28	56
23	14	81	34	146
96	67	49	81	75
2	68	77	89	91
50	65	35	50	94
73	98	39	123	55
91	34	77	20	180
99	13	55	18	132
81	87	2	145	96
32	61	37	129	136
89	100	100	106	74
11	95	62	47	117
36	99	59	94	75
90	36	23	103	41
77	89	46	118	136
7	68	98	88	85
7	45	99	105	109
52	6	86	134	46
100	74	57	69	10
90	27	1	77	76
42	17	75	104	104
66	42	91	139	43
6	27	50	68	112
9	92	73	117	131
50	85	40	121	127
81	24	35	73	87
19	61	32	31	112
22	66	60	21	111
55	75	92	35	145
8	74	55	80	166
63	53	54	95	152
94	66	9	141	39
69	9	51	118	18
57	6	30	146	94
45	99	76	139	41
96	15	18	120	60
77	4	7	73	107
73	77	98	62	74
91	26	48	68	122
26	84	61	148	33
51	83	21	54	26
75	36	90	132	59
70	10	98	104	76
80	20	72	73	134
4	88	67	143	37
2	72	5	42	149
36	85	58	165	97
49	36	32	55	143
82	14	96	48	145
56	19	84	26	105
73	16	23	61	22
20	95	9	79	26
3	52	99	98	77
99	75	81	114	104
48	53	77	140	110
17	98	93	136	44
21	21	73	74	131
68	62	14	39	141
62	53	53	72	46
65	96	41	90	90
79	52	86	53	128
22	2	81	84	96
67	82	59	82	95
12	97	83	140	40
35	35	34	115	65
91	12	45	71	126
20	69	29	81	72
9	38	10	79	47
55	34	52	140	65
16	63	49	51	20
86	54	96	69	111
80	78	22	85	66
43	67	14	148	32
66	82	54	120	15
10	48	22	41	101
34	65	69	149	90
64	54	41	158	158
87	59	92	65	94
50	63	40	71	25
90	42	77	14	115
13	23	94	119	92
63	35	1	107	73
25	68	11	102	78
100	97	80	81	99
72	50	60	145	35
92	41	88	97	152
31	46	31	26	154
30	27	28	85	95
90	100	35	62	31
82	57	54	24	156
91	67	2	78	47
39	30	6	99	147
77	100	11	165	15
82	62	30	39	136
18	23	16	93	90
79	32	16	69	111
12	81	2	19	50
22	32	42	86	53
99	65	61	77	49
60	79	77	23	120
41	36	73	25	23
59	43	63	145	54
26	4	18	162	18
54	78	83	86	94
67	16	88	46	40
95	31	82	105	90
37	52	66	44	77
57	26	83	107	73
81	89	24	83	52
14	1	13	73	107
89	11	66	72	71
65	12	22	89	47
100	10	32	36	80
20	52	95	147	39
8	12	25	112	57
36	1	88	69	139
53	25	94	40	167
48	70	87	18	111
69	25	70	22	120
86	79	92	67	168
85	9	22	60	20
100	2	27	93	87
13	59	45	151	29
97	68	24	30	150
45	40	69	39	141
36	33	27	70	53
63	46	48	95	120
86	43	67	77	62
79	60	43	110	102
86	45	67	67	113
93	22	41	41	135
4	25	16	58	77
3	83	94	24	141
4	74	2	63	90
25	37	45	95	85
5	3	86	117	63
37	32	76	78	100
6	97	79	161	86
27	21	20	29	35
59	90	59	110	41
93	2	7	40	61
31	38	9	73	111
44	36	11	149	66
3	13	94	74	56
3	3	93	138	27
82	1	61	115	65
27	84	56	18	122
27	91	70	109	58
24	44	34	84	60
59	97	19	26	156
43	69	97	96	83
53	38	19	75	74
24	36	32	92	88
60	45	29	55	38
3	57	8	75	133
88	36	13	134	137
99	28	4	46	65
78	61	33	158	22
47	61	60	126	27
99	69	75	10	141
83	93	70	147	33
75	71	18	25	155
27	36	69	47	117
41	35	68	128	20
22	85	55	81	99
68	44	16	145	35
22	59	56	133	101
86	98	71	32	101
20	1	70	95	85
85	80	33	140	40
22	26	97	68	140
8	58	15	126	54
78	23	2	37	143
68	83	43	74	76
77	30	66	35	40
90	75	62	126	54
69	33	94	59	79
23	23	12	143	14
54	27	70	105	20
70	33	3	23	132
70	4	44	136	70
88	16	2	32	148
11	9	25	22	143
41	59	89	86	124
16	52	90	92	53
18	28	67	26	48
90	9	84	77	103
96	59	17	83	124
9	22	100	72	52
69	53	24	113	60
18	57	45	44	114
23	30	73	10	72
35	28	72	139	41
73	99	58	42	123
73	74	55	131	89
58	44	10	125	55
50	25	17	134	60
44	5	42	100	97
93	52	76	128	60
98	10	10	132	77
77	29	98	92	19
49	85	46	69	77
65	39	30	42	138
91	25	75	27	46
20	73	58	35	107
65	30	53	92	148
51	93	1	84	120
26	54	28	74	106
53	24	27	83	97
61	78	40	155	13
5	82	40	58	142
22	62	94	20	64
69	87	29	12	70
25	55	92	28	125
16	33	94	78	19
55	93	78	100	80
22	14	30	91	21
74	32	87	73	128
72	73	9	56	88
86	39	72	113	67
19	47	61	117	119
12	68	66	152	28
37	17	7	55	120
26	45	74	98	118
82	2	10	86	94
62	9	83	124	56
21	8	18	87	65
69	46	98	77	90
59	19	77	107	65
44	30	96	73	109
7	6	63	26	154
15	8	56	95	25
87	25	39	161	19
44	51	35	162	18
23	64	19	134	135
89	67	74	113	62
45	87	44	129	116
66	18	71	91	20
89	37	30	65	115
32	37	39	10	123
38	21	20	90	60
47	56	64	87	93
35	100	57	11	169
49	55	93	79	101
19	92	6	27	73
60	80	20	12	66
56	83	52	62	156
92	40	21	107	73
100	14	68	126	72
37	71	27	89	110
94	65	52	22	83
80	98	5	110	70
83	77	14	106	99
61	79	13	148	41
34	10	27	103	137
64	35	10	114	31
92	19	92	85	122
44	17	53	90	16
13	94	63	107	37
65	35	6	144	36
74	83	15	109	73
83	77	60	63	76
75	83	93	20	137
4	58	95	93	65
25	89	40	64	149
51	8	44	65	149
19	93	84	40	72
93	57	97	114	117
13	34	2	73	85
80	75	81	68	109
20	58	5	110	63
84	7	26	65	147
71	44	30	71	22
65	17	43	32	54
84	70	10	85	95
86	68	12	119	95
88	14	8	41	147
31	17	79	85	145
45	35	18	100	110
60	29	59	100	80
6	47	82	88	42
83	77	65	85	95
21	21	98	117	142
45	95	31	82	98
45	85	83	54	79
77	53	72	21	135
17	50	57	123	124
35	8	92	169	34
72	66	82	87	93
16	92	71	85	124
38	51	20	54	12
8	50	83	71	49
73	35	52	66	114
10	92	32	36	121
72	89	12	134	52
50	81	18	21	159
47	7	48	149	125
80	48	10	90	154
7	58	3	104	76
24	44	68	67	39
89	90	43	57	116
60	39	2	63	83
73	11	13	27	56
31	48	60	80	100
6	56	49	132	57
73	34	74	46	104
92	45	38	46	64
35	87	95	44	125
63	95	22	96	141
68	56	79	148	32
14	78	55	24	128
40	14	47	77	136
23	89	93	114	66
30	69	81	70	110
38	73	16	67	113
42	97	84	45	60
43	16	95	33	24
93	27	11	95	85
22	67	58	23	107
30	94	77	50	91
33	52	57	106	74
25	65	21	63	117
93	41	76	52	132
5	54	30	99	66
85	35	97	67	77
3	84	92	72	113
37	67	59	83	58
75	50	24	64	94
13	88	55	101	79
62	56	82	74	106
98	82	78	116	64
31	27	24	78	102
6	83	71	156	24
9	23	78	117	63
44	21	27	75	105
20	96	9	85	95
12	89	79	164	16
10	93	85	31	54
15	43	34	129	51
14	19	51	70	110
97	59	63	165	15
28	40	86	79	101
82	14	73	10	70
37	89	10	65	123
8	54	77	98	132
90	68	26	84	32
86	85	12	73	79
18	68	50	136	44
9	41	84	105	57
75	64	24	140	138
67	23	80	89	55
34	29	17	100	117
98	54	83	68	112
71	63	39	53	127
42	93	41	45	147
35	55	80	108	72
44	45	41	102	114
10	79	6	29	143
67	8	15	55	38
66	76	68	39	110
92	98	100	38	32
62	33	86	68	120
14	24	28	157	40
17	59	10	128	91
47	74	54	20	132
45	47	48	51	102
65	37	15	108	97
14	53	32	48	83
93	75	30	69	49
12	59	74	96	66
16	15	5	119	61
95	91	71	77	103
75	27	88	140	40
52	3	99	94	11
9	1	48	30	107
83	90	29	162	18
43	19	43	52	59
27	73	94	135	73
77	57	37	33	95
88	49	88	82	87
51	63	61	144	82
35	89	12	140	147
59	83	99	77	31
90	21	51	136	44
85	48	15	149	45
17	41	89	64	142
49	55	39	87	93
53	78	3	76	104
93	74	79	120	77
66	17	99	87	67
15	4	56	73	150
53	51	72	72	82
85	25	97	107	73
70	86	64	119	160
46	13	64	92	11
1	43	76	149	49
34	46	69	89	91
13	73	7	12	59
32	83	92	159	21
36	1	1	62	119
98	8	57	91	89
33	43	40	163	17
50	85	53	77	103
6	76	58	60	85
87	21	28	41	92
51	52	71	40	140
82	13	35	133	19
39	66	20	89	91
7	56	57	10	170
80	89	3	95	82
33	39	84	84	76
32	38	41	30	31
26	7	46	145	35
24	92	94	67	70
10	48	95	72	108
30	66	50	114	66
77	19	33	77	103
74	1	7	168	12
80	1	89	84	50
1	18	31	160	101
25	8	57	116	108
83	92	8	113	67
3	67	99	146	34
59	10	5	66	76
89	10	57	124	56
46	46	16	158	59
37	51	100	40	127
2	30	24	116	64
57	58	60	84	80
28	19	56	89	83
7	77	16	89	91
62	92	96	131	122
59	96	11	85	134
76	19	85	52	68
17	35	87	115	129
14	28	60	104	96
76	30	83	74	106
75	73	17	47	133
74	61	72	123	57
26	91	1	97	83
82	60	39	16	57
86	49	94	23	54
93	14	72	83	30
23	69	7	104	76
62	83	91	59	108
64	47	56	88	92
77	25	100	80	148
82	2	73	66	111
85	81	75	76	53
14	8	65	93	87
23	97	70	19	105
13	27	69	30	12
66	25	39	39	141
40	57	25	162	18
86	85	36	102	57
60	52	18	89	93
41	22	83	82	112
77	77	1	52	103
54	95	68	57	123
61	12	51	104	72
97	80	11	87	135
67	36	18	73	11
8	88	15	32	148
74	78	93	104	76
47	80	26	75	117
17	24	44	38	142
90	84	56	46	23
46	6	46	77	103
60	70	27	12	152
63	38	60	108	118
87	74	37	101	40
37	61	15	27	153
50	35	48	91	25
20	47	16	65	59
65	78	27	73	107
63	31	64	63	67
94	94	18	99	32
9	22	86	73	10
53	80	89	74	106
64	89	58	159	21
15	85	72	15	33
8	23	88	86	94
6	30	65	116	64
39	96	93	170	10
5	82	35	73	157
61	28	2	124	98
86	26	26	67	90
33	38	96	34	146
97	96	31	146	34
15	71	35	137	100
61	79	77	106	74
47	80	54	96	60
25	77	75	62	75
68	51	4	149	31
82	69	36	10	109
97	83	3	29	130
66	53	60	116	64
3	90	97	93	48
31	46	53	111	142
52	80	91	124	59
25	79	72	26	69
86	61	81	76	20
10	2	94	88	70
24	71	99	93	87
52	90	97	30	113
72	16	3	83	19
82	25	23	110	70
98	21	53	147	22
84	68	4	61	49
49	2	48	105	93
45	28	22	75	105
55	49	95	85	95
19	13	65	24	33
8	36	96	13	77
47	46	67	142	33
12	89	79	116	64
26	20	70	70	70
61	81	13	18	36
8	6	10	138	41
65	71	7	22	141
59	1	60	87	93
51	44	27	134	46
16	23	37	129	108
63	61	67	62	118
27	90	46	43	130
66	70	16	43	108
83	78	87	86	14
29	66	95	65	115
78	82	25	55	146
27	88	69	128	52
33	40	41	98	139
80	9	42	83	20
48	15	70	15	97
49	45	56	167	14
15	4	20	59	61
25	31	6	32	101
20	40	31	126	49
6	78	10	126	48
88	22	55	38	142
97	7	72	60	104
33	77	24	85	59
69	76	25	143	144
34	25	73	80	57
42	85	98	129	27
55	11	30	27	104
12	9	11	113	67
76	41	43	97	83
67	14	65	32	71
15	80	17	69	111
64	20	1	168	12
29	22	98	33	38
7	92	20	66	131
13	12	71	81	108
52	76	58	49	36
63	77	63	21	53
96	10	70	120	118
75	72	68	106	81
4	38	50	59	157
54	20	40	96	107
65	57	55	119	21
11	96	24	90	102
1	71	76	151	29
98	36	63	87	68
57	31	76	72	148
53	6	23	93	68
61	93	92	103	77
100	33	91	27	40
21	46	34	74	58
96	64	36	70	69
23	4	52	14	15
44	19	39	14	166
82	27	69	164	58
54	16	78	128	70
6	72	62	28	27
100	53	56	104	104
64	2	11	67	113
36	15	82	73	107
46	51	7	92	41
95	32	64	67	81
98	30	57	80	82
75	72	2	112	48
57	93	54	54	102
9	84	88	39	72
6	40	94	117	77
52	27	60	106	50
65	38	90	56	37
12	82	95	146	34
48	94	5	78	76
52	74	91	115	65
67	77	13	112	144
28	96	66	70	25
9	47	57	169	113
78	72	13	29	108
7	28	5	29	66
29	88	30	109	71
43	81	4	114	107
38	59	16	130	50
86	95	50	27	37
24	84	28	53	131
52	99	25	40	149
83	75	39	27	145
51	24	88	112	60
79	66	87	167	13
16	33	6	87	50
31	100	95	79	59
82	54	48	60	120
41	89	92	93	118
97	3	82	132	25
42	3	14	19	104
4	91	67	17	79
44	41	67	122	110
86	10	77	26	14
42	94	56	139	48
19	47	6	40	94
2	28	96	105	35
97	86	82	108	10
56	41	87	106	74
23	42	16	33	78
2	74	65	88	92
6	30	87	43	30
74	97	31	17	31
40	82	93	70	103
87	12	77	42	67
51	55	83	129	51
47	65	49	78	102
93	62	1	39	87
34	36	69	118	131
58	44	72	127	53
97	77	88	129	65
23	15	4	11	113
11	43	85	23	50
73	51	18	51	102
2	53	84	136	44
79	61	8	124	82
70	63	85	127	105
66	77	57	148	32
71	12	33	40	100
32	92	83	89	70
73	49	99	133	47
89	28	82	106	167
15	14	33	110	70
32	92	83	141	72
12	9	24	23	77
65	87	52	90	109
81	25	86	39	77
34	77	94	76	61
21	62	77	31	28
65	13	56	30	24
30	13	74	92	28
22	82	35	34	62
82	90	43	86	117
39	92	3	36	102
73	46	58	97	83
65	87	35	146	46
84	1	60	80	33
14	2	75	119	23
83	25	28	151	29
53	87	56	34	75
20	10	24	83	86
76	33	24	112	68
69	4	43	93	144
6	75	34	112	108
14	30	27	153	99
77	84	72	80	100
45	20	92	33	142
81	52	36	116	64
52	99	84	70	80
85	18	88	122	58
64	71	98	139	41
33	36	82	64	128
54	20	73	30	150
95	45	98	141	80
13	72	50	137	43
96	66	2	14	101
76	32	84	96	84
93	58	96	169	31
40	29	2	23	21
80	92	90	60	122
2	16	4	96	128
30	61	66	90	90
70	33	68	72	108
61	10	19	44	69
29	2	61	93	137
90	8	7	167	69
4	34	14	95	85
43	84	41	23	131
30	68	95	94	101
27	31	98	143	37
42	92	60	47	132
59	89	73	71	109
62	47	10	104	76
63	26	88	97	77
82	88	23	132	86
6	20	63	158	22
84	95	64	70	166
37	47	18	103	79
18	81	67	154	10
73	30	17	63	113
49	16	63	94	135
59	1	75	83	97
87	77	47	54	52
55	36	33	102	78
44	42	82	120	17
85	90	92	11	67
98	36	21	84	98
35	35	13	31	84
89	16	43	33	37
32	17	1	17	148
52	37	67	58	144
57	80	68	117	63
29	36	61	49	136
63	68	67	22	158
23	66	86	146	128
93	56	54	23	54
48	26	6	71	132
62	82	38	55	125
9	73	62	107	65
63	60	88	139	79
44	25	78	123	57
25	47	73	93	109
85	82	71	12	33
52	91	66	119	61
7	86	52	74	102
80	71	86	127	91
63	8	54	165	15
37	85	34	93	99
96	22	15	82	98
42	92	93	60	50
68	73	59	127	116
74	59	64	90	85
62	99	57	48	77
41	1	68	129	141
92	65	12	128	52
8	74	43	124	147
85	57	94	36	111
77	23	27	26	123
12	41	99	25	155
98	4	33	72	65
37	46	74	47	84
81	70	16	97	36
21	74	33	128	104
76	17	60	75	79
31	55	57	79	166
11	69	64	31	83
75	16	18	132	137
6	95	79	106	74
66	4	95	90	32
80	86	27	81	43
38	38	76	100	80
49	51	5	89	77
91	83	48	15	98
7	19	92	71	160
32	92	67	103	77
67	24	78	72	108
59	83	8	106	74
67	44	42	120	79
13	49	48	166	97
40	71	81	148	80
22	66	84	76	104
79	70	96	53	122
50	69	28	28	36
25	92	65	157	23
39	18	83	113	67
74	51	37	44	122
80	8	14	78	102
35	4	63	143	133
11	49	90	70	36
88	73	72	93	129
96	53	66	28	113
15	26	28	28	136
98	3	84	62	168
50	48	22	79	101
77	46	93	20	131
94	48	52	128	146
86	33	83	68	127
48	66	95	63	117
89	19	29	37	97
69	100	48	85	83
61	50	80	98	141
49	38	64	112	139
31	10	96	58	126
31	68	39	104	25
5	54	100	106	41
53	7	15	64	62
44	88	56	57	98
46	71	40	67	109
98	34	45	33	42
49	85	12	48	48
88	50	99	17	50
44	21	66	47	87
79	77	72	168	12
77	73	30	113	123
74	20	86	38	23
95	43	30	66	149
15	100	3	140	40
80	57	83	144	36
16	38	16	64	93
4	4	52	85	109
11	8	70	46	116
80	93	16	14	57
21	14	37	95	123
25	89	62	99	125
69	71	79	111	69
50	97	63	41	46
21	90	74	152	28
97	72	93	84	34
51	52	93	12	89
7	76	81	28	164
95	30	64	85	95
91	97	46	25	155
52	86	7	69	111
39	44	28	83	115
75	7	47	40	77
66	50	70	157	23
11	57	42	64	116
2	15	12	41	148
12	99	28	80	100
82	71	85	83	61
70	51	99	27	105
65	77	52	49	84
16	97	19	151	29
94	6	62	81	79
4	42	63	127	53
100	96	92	95	145
40	92	24	96	87
69	82	58	32	148
11	96	85	95	149
47	68	9	145	63
76	72	69	131	59
76	2	98	144	126
50	79	24	20	118
84	58	83	39	141
72	40	62	85	66
31	43	51	111	77
44	53	8	119	57
30	69	47	57	74
85	62	96	103	148
67	32	56	73	107
44	88	47	119	85
64	81	5	124	16
3	68	51	82	98
100	90	91	29	64
81	45	29	61	119
72	26	70	10	84
64	9	53	80	143
26	59	78	54	126
51	35	83	141	20
45	16	61	62	38
78	68	59	36	67
72	52	78	97	83
23	98	59	134	46
29	63	74	33	43
82	99	12	164	16
97	55	56	113	47
24	62	46	81	129
17	44	45	106	74
9	50	14	17	100
2	15	29	94	95
90	90	10	115	65
48	4	37	87	93
31	30	4	89	46
50	8	68	14	40
88	63	77	168	12
49	82	83	38	70
34	8	15	10	73
86	6	38	111	69
98	70	21	79	57
75	15	4	135	92
13	15	36	98	82
78	60	31	118	51
86	65	41	93	87
80	98	8	116	111
53	70	48	31	143
44	56	61	42	15
69	72	93	146	76
24	86	70	27	99
8	59	54	41	92
25	26	63	147	33
98	86	13	72	104
10	7	15	101	110
41	16	1	16	101
19	22	24	89	91
58	79	37	158	58
99	68	98	32	55
33	35	17	124	73
75	79	96	79	101
15	28	3	86	152
91	35	49	75	66
46	84	62	56	78
17	67	91	89	27
28	7	7	100	80
83	86	81	158	16
17	87	8	64	116
62	96	69	39	142
87	93	70	34	79
47	80	47	110	131
41	48	4	104	113
57	59	36	58	136
89	77	88	91	93
50	24	93	135	45
24	69	19	62	95
74	18	16	11	140
90	57	68	167	13
27	94	4	104	76
80	47	89	14	166
38	86	69	37	144
57	100	5	92	88
91	19	69	102	78
15	74	70	149	108
28	82	80	82	87
68	66	29	120	60
7	39	7	13	144
37	74	65	99	108
45	55	21	44	136
9	58	13	74	123
91	52	11	95	55
97	48	56	97	80
56	98	15	50	130
39	27	53	122	63
97	31	3	85	95
60	48	63	149	31
77	97	64	156	93
58	42	20	16	137
60	51	96	127	102
69	78	83	97	92
42	82	13	89	91
48	40	80	52	115
43	55	22	149	31
93	12	13	64	52
43	10	72	98	82
52	8	85	93	87
69	29	71	109	158
44	87	73	77	103
97	13	38	11	120
24	49	74	31	169
13	58	6	38	142
47	31	13	141	60
100	77	5	73	170
4	88	64	55	91
81	74	25	47	64
77	35	55	85	100
62	22	80	89	98
52	93	93	25	96
85	7	29	38	78
78	9	40	110	53
1	49	48	88	92
69	3	84	24	83
51	96	50	52	128
23	28	2	40	140
49	5	82	91	160
44	72	52	163	17
18	45	80	86	93
19	29	57	126	31
34	11	50	32	56
85	34	40	68	112
44	92	85	68	164
22	58	43	89	63
74	39	79	111	109
42	10	75	94	142
65	29	31	140	68
6	49	38	51	129
36	42	48	95	110
74	58	84	125	112
88	36	95	67	148
48	74	100	133	57
85	12	46	147	69
96	69	17	136	80
14	28	51	45	50
34	46	25	127	53
48	35	100	62	118
48	33	71	104	76
37	24	31	71	109
63	52	30	41	139
91	23	75	58	69
29	71	71	128	112
50	95	47	89	79
7	59	82	85	95
21	73	50	123	101
43	3	31	55	145
44	71	12	80	123
34	17	14	143	19
53	83	99	11	62
69	30	75	116	119
88	79	70	115	111
17	34	24	112	128
41	1	41	99	81
96	28	38	78	116
100	25	100	103	77
43	89	50	113	100
70	66	92	51	124
38	33	35	143	17
14	41	20	19	88
22	90	59	145	148
34	42	56	22	158
51	65	80	76	104
75	29	33	160	20
87	44	42	113	63
55	23	64	128	70
35	3	64	60	21
15	6	4	15	165
50	1	99	154	118
8	66	9	65	115
72	48	68	131	122
63	93	84	99	54
49	56	12	72	12
23	98	68	126	54
49	46	48	17	124
95	48	78	15	143
66	2	81	84	133
73	76	8	116	103
16	52	15	114	66
97	42	8	102	78
53	42	88	29	151
50	14	37	66	31
58	79	7	19	125
13	9	85	149	58
32	15	5	18	113
21	35	81	149	84
39	97	88	54	85
94	8	71	75	115
2	64	1	63	117
58	34	12	126	22
90	3	68	140	40
39	95	89	71	142
38	80	54	64	41
11	60	75	131	64
52	24	38	54	15
14	19	32	111	39
85	51	93	42	101
52	84	49	110	19
59	31	23	104	125
93	56	8	153	27
31	56	17	129	33
23	23	100	76	72
99	91	66	111	69
1	64	93	56	12
59	6	38	90	90
70	98	15	69	111
94	29	82	146	34
86	27	61	123	70
89	92	64	26	138
88	68	59	21	126
92	96	51	128	52
5	81	92	85	64
26	12	94	168	12
65	89	48	74	106
37	10	27	155	24
74	75	93	78	15
39	96	10	142	38
25	63	56	54	33
8	7	80	74	162
73	50	36	93	100
21	100	77	73	84
33	39	76	66	114
6	12	31	111	14
54	33	64	42	138
93	49	38	105	20
60	83	98	102	74
5	47	85	66	157
92	54	53	104	107
86	95	45	144	41
99	81	73	151	29
15	1	33	78	102
84	13	86	70	46
24	4	29	42	65
54	71	76	63	170
78	14	2	101	146
20	49	89	121	108
31	18	70	133	47
7	44	28	11	25
92	23	66	34	86
39	47	34	77	119
3	68	65	35	148
2	56	69	28	38
46	98	52	52	131
67	40	46	60	146
25	99	99	27	33
49	96	82	36	109
10	36	49	32	68
86	53	21	124	29
27	77	35	146	104
68	62	53	66	149
79	69	33	170	10
61	30	38	19	82
17	44	92	80	15
87	79	43	74	106
10	95	18	21	134
91	63	65	13	167
65	99	29	126	54
79	42	51	32	68
64	84	71	84	101
89	93	19	123	57
46	40	48	148	66
15	98	16	46	30
90	27	29	130	146
96	48	37	77	88
36	37	92	74	82
46	64	60	78	119
31	7	35	67	94
13	2	72	15	142
42	15	64	79	101
97	8	59	101	79
54	53	78	52	128
18	75	44	39	96
14	53	47	100	160
94	60	38	79	91
54	9	34	64	53
42	70	2	166	11
45	52	10	85	95
4	59	63	116	133
47	90	34	45	109
89	31	41	11	117
31	21	77	107	73
96	21	56	51	137
39	31	66	54	124
8	28	67	54	59
60	83	65	31	114
14	86	53	70	147
55	14	43	63	117
40	51	95	15	140
74	36	98	74	106
90	17	2	147	33
13	23	16	71	109
48	19	63	106	127
49	23	70	106	143
87	98	8	83	87
65	1	71	156	24
83	57	10	52	99
65	96	15	99	135
67	14	76	90	90
41	65	65	103	77
6	88	33	74	127
31	58	31	18	162
7	76	56	75	43
28	81	12	26	148
27	29	90	143	37
68	77	30	49	113
56	74	62	24	44
67	39	8	11	169
81	67	67	113	110
36	3	59	88	87
83	1	97	54	105
28	98	54	101	155
63	32	91	88	143
14	45	83	56	23
79	5	94	128	68
29	13	100	130	50
58	58	26	79	85
92	8	76	31	132
39	3	5	139	41
94	75	18	95	85
44	33	6	32	101
24	92	38	28	66
76	38	68	110	70
52	18	69	106	107
8	60	61	26	154
17	15	20	51	59
78	82	50	35	146
18	88	12	96	108
68	92	40	122	58
79	74	71	159	21
20	26	4	79	66
56	37	4	139	12
83	39	64	22	149
59	100	41	121	68
28	91	54	131	22
92	88	40	69	64
30	69	51	129	101
41	15	85	82	138
59	51	85	103	110
4	85	67	73	151
80	28	2	11	147
23	19	96	114	66
75	86	1	72	108
46	24	3	117	115
26	91	44	37	62
35	43	77	75	98
57	60	93	146	34
54	66	42	96	61
48	64	77	144	36
6	2	30	142	10
1	42	73	61	107
62	12	14	12	100
91	5	52	153	27
16	45	67	90	79
70	10	7	91	46
86	20	58	160	20
31	69	51	51	72
4	4	93	33	147
70	69	50	137	82
30	11	75	103	113
8	6	78	155	78
67	84	82	110	70
33	12	29	161	19
19	15	25	81	99
87	46	58	61	88
47	89	2	132	48
3	57	53	63	119
88	54	18	106	107
43	26	95	97	15
20	9	91	84	90
62	54	70	112	93
27	32	12	61	119
71	71	84	63	117
3	36	94	103	101
98	78	51	148	42
37	67	69	140	71
97	84	12	112	139
98	53	49	46	28
53	70	44	57	133
50	20	55	57	62
44	20	47	94	86
79	23	27	78	115
17	70	51	29	164
32	6	98	73	41
8	44	68	88	88
82	37	66	124	46
13	18	63	66	114
59	88	92	117	64
27	26	88	136	27
5	30	13	140	40
44	69	60	115	162
73	35	5	80	116
65	43	42	104	132
97	83	87	17	144
99	46	100	143	32
61	47	6	36	152
87	33	93	79	11
5	81	47	43	70
51	6	82	130	50
45	74	79	67	143
92	57	50	71	15
9	12	82	57	71
82	77	87	84	96
55	98	34	82	100
98	53	89	12	90
18	23	44	90	38
83	17	69	130	133
2	67	43	132	28
4	39	82	39	94
90	28	8	154	11
5	78	61	134	46
22	89	43	70	77
91	35	13	154	26
45	89	25	121	104
97	82	9	38	93
66	69	50	26	154
57	27	81	105	118
47	36	70	53	144
44	33	41	97	83
95	53	100	133	111
5	6	21	76	48
76	26	3	163	24
50	5	54	41	123
17	28	73	78	102
10	77	94	35	145
56	67	85	51	141
81	2	55	53	15
62	20	16	151	15
90	55	37	80	100
59	29	23	115	65
25	81	61	61	119
39	55	99	110	36
13	63	47	29	86
19	13	93	148	136
51	97	9	11	84
39	68	61	31	122
72	46	8	169	11
22	9	90	16	164
15	100	55	126	126
70	38	1	149	31
14	88	33	120	57
63	39	5	138	123
4	52	53	65	70
42	5	21	40	88
65	60	20	72	109
29	15	76	160	20
7	63	90	40	13
47	38	97	52	28
45	59	98	101	21
87	68	58	142	136
51	83	50	135	101
34	67	70	74	86
87	41	18	70	115
76	44	37	34	66
75	88	54	58	122
70	35	10	106	30
44	31	74	20	76
93	55	92	152	69
76	78	13	120	60
50	57	13	64	82
94	17	56	34	80
21	88	100	114	66
75	39	1	77	103
25	5	97	71	59
93	62	56	110	70
83	46	28	49	24
50	83	71	33	48
92	76	35	59	54
61	100	53	112	67
82	3	100	60	47
31	68	7	81	150
87	15	56	140	43
15	83	40	66	138
1	99	81	100	155
69	59	95	134	25
21	26	35	81	132
49	50	23	162	70
18	6	10	64	116
72	21	31	101	34
43	80	13	76	121
61	58	78	71	66
90	94	14	105	82
93	17	17	62	106
20	16	36	63	103
91	3	34	74	112
74	73	38	56	122
12	96	2	55	74
71	86	59	161	19
76	81	69	79	101
56	71	59	77	13
46	96	89	88	69
83	43	54	39	45
32	77	1	14	126
15	63	86	138	41
95	73	27	12	46
12	100	32	96	60
62	76	56	15	101
68	37	32	39	138
70	96	80	69	111
21	78	22	41	20
54	20	49	148	32
25	37	98	21	166
19	75	1	89	91
35	43	27	143	37
36	12	37	19	161
59	32	46	57	52
52	1	50	76	104
28	40	13	112	68
2	19	74	129	51
51	51	6	167	75
74	14	13	130	88
49	26	72	26	118
66	46	3	24	127
90	96	85	58	146
9	43	79	153	27
43	54	9	100	80
52	96	91	67	113
10	32	58	84	132
17	78	54	109	71
82	98	14	44	72
95	35	61	84	72
69	2	10	85	145
23	24	82	70	134
73	52	81	132	139
45	55	27	97	157
35	87	44	79	28
1	45	30	117	37
45	6	46	120	60
15	65	63	50	115
37	2	21	152	45
90	3	75	136	97
49	61	16	105	47
89	12	13	134	114
80	78	19	48	125
71	28	90	61	119
83	30	89	111	69
28	67	80	66	72
89	56	17	103	121
27	90	4	103	77
21	27	75	109	41
40	23	25	116	70
6	80	66	116	46
70	70	4	76	104
28	73	96	147	109
90	91	6	31	149
51	19	7	57	110
73	16	73	145	75
14	71	63	67	25
88	63	77	170	10
62	48	15	18	157
48	85	62	62	141
57	24	41	160	20
83	95	34	135	45
81	83	48	68	103
32	23	26	67	113
18	36	22	90	90
21	4	26	30	125
9	95	75	79	101
65	4	12	117	143
87	50	80	126	93
25	55	25	61	69
24	76	39	74	106
31	92	28	18	132
57	67	79	63	147
33	77	38	138	83
23	98	37	25	105
84	1	62	27	61
83	38	55	120	27
70	65	61	129	69
22	100	13	53	127
73	19	67	124	96
85	23	91	86	94
94	25	43	32	63
89	11	48	112	35
65	6	78	55	149
83	62	77	21	66
15	78	82	137	43
96	41	3	139	41
81	95	62	29	168
22	25	57	39	121
25	8	44	108	31
91	73	49	130	99
18	84	53	140	32
5	96	20	140	40
1	21	3	27	61
36	67	87	39	49
68	86	96	144	41
98	17	60	141	124
29	26	91	158	23
75	99	31	148	106
52	58	78	112	123
67	35	61	73	107
94	6	73	69	76
56	64	67	98	59
62	4	75	126	54
62	62	85	61	119
21	42	17	74	137
72	73	37	16	54
60	93	68	28	142
75	4	74	105	75
15	15	36	13	66
70	94	43	20	160
12	86	67	167	13
13	5	89	57	13
10	12	49	36	144
92	91	1	44	58
22	63	62	109	71
32	93	75	16	114
32	76	29	61	63
18	5	22	60	134
43	38	25	120	102
45	91	38	58	141
43	34	58	129	122
69	83	28	82	44
48	18	63	151	29
58	27	19	118	62
58	2	50	95	101
40	79	29	96	110
12	29	62	88	92
92	88	25	157	23
81	25	25	79	79
65	3	99	48	100
88	68	37	61	169
25	74	96	101	121
49	23	25	97	56
42	44	62	104	65
4	77	90	70	135
99	37	3	160	105
83	62	29	34	110
62	30	76	52	84
44	43	4	31	49
2	87	71	105	39
33	3	66	65	115
20	67	86	156	24
47	35	47	22	115
89	5	24	156	24
82	4	25	80	77
93	14	16	77	80
62	91	69	101	135
60	56	2	93	144
48	16	28	108	62
87	43	64	99	85
28	97	37	79	59
11	97	73	104	17
97	92	46	117	63
56	70	90	99	135
40	30	28	110	136
61	8	30	103	77
57	96	53	79	133
49	36	64	72	14
27	76	17	93	127
85	87	10	122	70
6	88	80	106	42
59	90	21	102	39
40	76	16	58	122
11	73	71	104	55
64	82	95	142	38
98	68	30	75	105
85	95	90	132	48
46	3	22	17	38
28	89	35	39	155
90	18	22	43	115
51	86	33	49	103
54	37	95	101	140
16	20	78	31	85
96	93	11	126	68
30	84	82	92	39
21	26	96	71	109
23	95	94	82	98
15	46	68	141	14
69	10	67	140	40
54	61	14	107	73
91	17	12	15	79
22	34	9	97	111
5	100	60	144	131
95	67	88	56	92
22	5	14	46	94
23	47	30	84	96
47	1	14	66	100
87	62	52	61	88
1	8	55	17	131
53	45	32	139	62
38	87	41	101	79
88	11	83	81	22
41	51	74	79	101
97	56	43	78	62
75	43	43	127	53
46	50	88	106	124
41	67	49	59	14
60	27	59	97	24
86	42	86	26	85
28	39	83	89	145
75	80	57	11	76
97	18	91	35	53
56	1	93	73	107
100	9	81	148	32
55	69	6	55	168
9	96	57	114	66
29	23	47	149	31
36	20	46	112	19
60	7	42	78	98
42	42	22	97	46
94	22	50	113	67
21	20	61	16	122
92	44	79	107	147
25	72	34	47	133
19	85	29	101	54
100	93	78	99	168
85	67	69	60	151
88	62	85	126	122
12	21	1	23	72
61	92	86	155	25
8	56	31	45	123
82	61	93	131	85
49	76	41	60	127
96	49	99	88	162
20	13	92	118	62
51	21	21	105	147
9	52	58	62	41
89	14	95	64	116
97	73	6	86	94
25	55	8	141	39
35	83	87	21	33
40	13	2	74	53
32	44	29	36	88
77	71	60	103	108
100	87	40	79	101
92	94	13	125	55
53	23	60	59	121
41	33	67	88	92
18	74	50	57	130
28	62	100	90	87
3	56	58	115	86
54	78	62	38	147
6	97	46	44	12
32	8	30	141	54
16	77	96	89	54
86	44	78	65	110
26	70	87	101	148
75	60	50	106	146
83	83	32	94	70
52	5	49	110	87
97	96	48	150	30
54	8	78	128	80
98	36	1	74	68
10	5	65	55	120
22	38	7	55	98
21	26	29	59	39
81	95	8	32	148
16	17	77	147	102
85	42	41	28	22
89	3	57	58	69
3	49	87	69	94
18	59	78	147	39
5	82	63	65	115
24	75	86	49	131
1	97	33	165	64
73	56	22	87	43
84	17	23	76	104
72	84	11	95	77
75	15	38	12	151
76	48	41	63	77
92	82	33	99	15
68	65	74	83	134
100	46	38	48	132
33	50	40	115	124
62	49	90	11	80
21	26	56	110	33
38	52	70	127	54
80	100	48	54	126
37	58	48	64	116
25	31	58	54	126
54	7	83	51	54
61	88	67	97	83
89	73	28	32	149
58	11	49	79	85
53	98	58	136	19
51	91	71	105	39
48	31	48	75	105
68	18	59	115	30
25	100	67	107	61
16	59	53	87	93
64	59	47	142	92
68	87	63	103	77
67	15	24	35	58
96	22	4	54	152
43	10	59	119	61
27	94	93	169	11
49	46	49	67	17
13	76	99	103	77
71	9	8	88	78
2	27	53	79	72
20	41	93	99	122
32	31	99	137	43
19	19	32	136	28
34	65	50	156	65
27	14	77	168	12
69	71	27	71	109
14	99	65	69	57
64	44	36	113	67
51	21	60	90	62
18	29	17	108	113
96	18	49	114	66
36	28	7	71	141
55	3	78	108	80
71	55	17	70	153
79	57	83	100	160
59	29	23	14	34
1	10	57	51	79
48	100	16	150	30
70	71	85	120	144
13	51	4	27	153
66	44	70	70	86
29	44	100	116	68
24	56	42	98	82
14	25	39	97	83
20	73	37	144	60
18	69	86	57	110
9	86	63	153	27
73	59	5	54	126
45	56	52	28	72
88	36	3	64	116
44	91	79	110	70
46	78	25	29	141
76	24	100	80	100
23	14	99	34	67
25	75	68	121	59
62	88	35	156	24
57	100	3	120	10
65	90	70	112	153
45	67	57	148	82
38	7	95	56	129
3	46	66	127	53
6	37	24	15	45
33	62	18	95	85
1	98	24	43	165
68	100	10	119	92
26	25	24	82	98
96	29	95	118	135
87	74	37	46	126
28	32	74	25	48
91	39	98	84	159
37	28	37	112	68
97	81	21	59	122
67	99	59	94	33
92	73	36	29	119
94	51	38	113	93
73	70	80	89	37
59	60	47	61	143
95	19	61	92	90
8	99	53	43	137
37	92	16	70	89
88	69	1	164	16
78	37	39	84	96
73	43	86	108	45
91	78	97	71	21
47	50	89	21	102
51	19	13	95	85
35	39	98	160	20
78	97	19	125	55
68	52	43	34	16
42	37	78	151	29
43	96	7	27	125
92	39	63	114	114
75	38	60	56	76
69	64	19	163	17
46	44	95	118	83
18	46	75	99	81
2	62	75	124	75
8	27	27	95	133
3	63	4	137	43
56	9	46	159	21
82	10	90	146	131
60	38	65	33	124
41	18	59	121	107
94	34	94	166	14
21	2	11	92	106
86	43	4	68	112
39	80	91	116	119
37	26	40	141	74
23	81	19	94	86
84	31	76	67	113
20	19	5	113	33
5	16	8	115	107
71	95	53	87	93
76	69	23	91	109
37	19	26	89	91
87	97	77	13	99
47	29	20	162	18
55	95	9	68	132
8	16	13	118	74
41	9	31	39	84
80	74	72	130	62
82	38	47	74	72
90	62	99	62	15
18	75	68	115	65
36	3	56	137	94
15	61	10	32	137
1	43	85	84	79
99	100	39	142	38
82	2	50	51	129
60	15	4	122	58
15	71	22	108	62
72	24	13	50	19
85	4	39	141	60
26	50	17	152	24
6	82	90	94	107
43	75	30	100	107
14	33	49	36	35
99	90	79	15	88
60	68	72	52	95
73	30	12	122	79
17	67	90	53	31
99	99	8	155	25
51	83	98	18	101
31	77	81	93	102
99	40	85	136	67
18	37	34	124	96
67	26	28	16	141
72	89	52	124	56
54	19	34	93	87
49	25	20	169	11
20	50	3	133	66
48	57	86	91	90
83	85	6	103	143
30	48	8	41	37
40	81	1	70	114
93	62	43	107	73
98	32	9	54	126
29	79	80	97	63
98	68	27	31	19
27	80	56	96	60
1	50	30	70	166
84	92	39	32	48
12	50	6	111	56
86	15	78	99	112
12	27	100	93	89
16	17	29	51	118
98	45	96	58	99
16	52	36	103	144
71	29	86	37	143
7	77	3	28	132
27	77	22	118	160
18	48	81	38	147
47	89	72	92	88
81	86	86	91	75
7	64	39	59	63
97	64	100	145	35
64	42	51	40	89
66	93	89	100	80
8	29	65	161	27
63	92	34	105	149
40	86	4	22	110
89	6	46	10	104
51	41	75	97	115
82	28	32	131	30
51	34	59	54	35
65	47	95	28	91
84	79	4	109	113
69	88	81	40	140
75	94	4	99	76
43	40	13	66	105
92	51	37	102	78
26	25	25	31	96
74	23	59	130	36
85	72	52	166	14
48	93	43	123	57
94	22	98	158	34
12	100	91	122	94
37	84	56	105	75
90	52	79	74	65
78	98	25	167	13
10	7	13	106	18
63	54	48	126	55
59	99	79	104	96
13	43	58	100	84
87	71	21	149	133
32	95	77	75	105
1	69	85	74	112
10	67	23	29	118
2	4	56	105	133
52	22	30	18	98
2	76	33	86	158
97	82	1	124	56
66	42	49	31	149
45	17	32	75	13
94	48	43	124	56
3	47	41	68	112
33	38	84	55	78
31	64	47	38	69
92	48	93	106	156
78	19	15	95	80
37	81	4	11	169
7	49	11	72	155
92	23	25	22	37
38	98	94	17	83
38	74	46	146	34
97	32	100	24	156
14	91	81	106	113
99	75	26	58	116
50	73	2	67	113
43	28	79	83	98
24	23	48	31	149
52	35	23	107	131
14	38	92	126	54
40	88	96	121	43
3	34	69	166	14
80	16	83	118	62
52	43	88	67	93
13	20	36	99	106
92	51	22	19	16
3	45	72	28	114
5	50	43	158	22
29	34	50	10	114
6	26	64	45	22
41	13	34	33	20
96	63	26	168	95
53	83	66	55	43
80	34	84	79	149
73	59	86	54	139
4	25	77	83	105
81	81	83	38	134
51	5	11	118	62
86	62	60	40	134
46	25	65	137	98
65	82	40	120	31
19	59	5	82	98
82	89	83	47	62
3	93	85	103	107
10	8	31	54	154
43	4	56	123	73
10	18	96	71	121
43	79	56	105	41
47	88	36	109	71
85	47	89	154	113
75	6	99	151	111
98	31	99	132	48
80	85	19	29	50
47	45	42	75	105
47	35	16	148	65
74	42	69	27	110
74	61	22	66	137
40	86	73	127	116
100	77	18	139	41
64	66	10	98	87
35	51	22	71	117
13	61	24	13	101
78	82	34	148	43
17	19	78	17	158
68	21	62	64	69
64	24	13	22	32
23	52	39	98	12
72	26	47	80	27
14	76	44	162	87
81	72	74	66	42
30	5	8	113	49
50	4	41	39	141
92	35	71	99	118
53	15	95	135	45
73	79	45	127	120
86	39	7	80	140
86	54	38	49	86
29	78	31	114	100
56	51	69	71	134
27	17	3	109	47
75	51	16	124	56
66	12	68	143	17
80	31	81	50	130
84	97	36	17	102
85	23	85	32	62
67	86	11	48	71
79	22	47	139	41
80	99	92	112	56
13	14	46	125	94
60	18	88	18	153
22	9	38	107	73
93	87	47	15	114
65	29	87	87	30
87	50	12	24	156
99	1	99	37	90
44	62	82	52	85
95	37	48	113	150
90	64	71	117	72
50	41	26	37	121
9	38	18	57	140
3	49	14	106	74
12	83	34	72	108
50	1	77	73	42
86	17	15	166	14
79	88	96	129	50
91	47	17	34	139
95	86	75	62	137
74	52	42	61	58
53	60	26	116	64
19	93	94	35	30
21	82	15	33	92
35	54	85	36	144
2	3	61	75	105
26	28	51	23	157
63	36	48	60	120
44	26	66	71	77
39	75	77	70	62
72	81	70	47	133
68	55	27	110	35
62	12	38	97	134
8	83	94	116	62
19	73	91	76	61
27	80	15	46	10
65	38	86	40	140
80	92	67	31	162
74	23	70	57	75
93	88	67	101	79
18	83	62	100	138
80	71	54	11	108
17	16	84	14	62
76	55	29	104	99
4	1	42	145	35
100	33	59	150	30
95	67	92	49	131
62	54	28	79	101
21	87	5	39	136
34	35	27	95	130
38	45	99	53	89
47	42	2	10	80
32	91	77	130	11
59	13	42	131	49
76	98	20	168	78
5	3	74	59	107
34	100	35	103	77
62	78	12	144	50
74	86	94	80	105
69	100	65	60	68
84	8	7	102	109
63	85	95	42	48
62	80	42	69	111
90	51	51	48	89
80	84	19	107	73
42	29	52	62	118
47	48	64	170	24
95	29	39	57	123
22	16	81	137	43
41	65	1	135	149
6	4	56	115	149
74	85	31	154	26
62	37	59	29	161
55	20	72	101	58
48	30	62	94	113
80	10	18	19	161
91	80	94	138	42
87	9	11	112	129
43	98	69	144	36
13	77	86	41	139
69	58	27	117	53
99	56	53	114	14
48	3	67	168	12
91	87	2	107	73
30	48	25	133	47
52	20	60	69	147
6	77	77	82	120
94	59	48	134	39
84	54	37	103	169
41	37	61	51	27
57	71	4	40	170
80	12	98	127	53
21	49	75	55	28
61	65	55	114	138
100	91	11	60	87
28	41	44	160	20
33	45	49	161	19
31	68	53	38	55
98	69	94	43	109
38	77	92	40	114
94	39	80	67	113
10	31	6	131	34
24	68	10	107	73
72	70	17	52	123
7	64	15	75	105
48	63	38	52	128
99	44	19	18	94
64	23	61	71	118
98	60	13	11	58
86	54	99	89	132
74	61	89	46	129
86	38	10	116	110
34	73	60	99	81
21	26	9	55	60
82	72	70	52	106
28	98	6	96	44
16	30	51	83	158
5	24	19	55	39
27	45	58	56	128
49	33	87	81	77
79	58	29	86	11
50	4	46	78	17
29	37	23	21	115
59	73	86	145	122
37	35	43	85	166
31	52	23	149	72
56	33	56	106	74
95	84	85	92	11
8	56	62	96	96
32	50	57	144	148
65	16	20	129	67
77	58	62	103	97
48	31	1	52	145
3	98	85	138	42
99	41	8	51	39
18	36	14	137	43
30	36	100	43	113
34	33	78	144	75
98	16	68	116	64
94	99	53	170	10
64	100	19	73	99
79	23	61	121	59
18	76	3	102	149
5	25	19	11	143
28	98	71	94	39
8	19	98	138	72
15	45	74	50	100
5	27	85	33	147
76	51	36	142	38
57	59	81	36	48
14	89	29	146	34
90	4	64	119	61
50	20	15	70	110
37	66	93	49	131
26	7	37	38	84
45	38	76	61	118
37	83	34	67	113
16	74	58	107	73
45	19	94	91	146
99	21	67	148	63
40	2	39	134	46
77	9	7	71	109
81	55	57	138	61
99	31	72	76	164
21	95	75	99	139
82	62	30	99	81
71	93	65	96	103
97	18	66	70	110
13	37	97	144	34
21	10	29	153	27
63	90	29	21	38
40	69	8	75	105
70	11	67	10	150
36	15	75	139	31
50	4	99	32	85
96	15	64	65	15
34	78	6	21	67
49	94	25	137	87
23	65	50	22	71
67	43	47	55	125
96	40	25	65	119
46	75	81	104	76
19	35	93	152	28
33	26	69	139	109
81	49	55	131	99
26	95	83	117	63
88	92	92	11	169
14	60	2	16	18
5	70	50	107	61
98	81	11	40	109
66	19	23	168	12
84	4	19	79	89
89	96	55	60	120
100	60	67	103	77
13	97	28	128	52
75	2	51	144	135
58	95	22	14	60
100	23	63	29	64
60	49	52	67	54
10	22	74	127	38
43	27	66	126	54
4	66	42	138	24
61	97	55	47	128
42	45	37	89	123
75	80	20	79	120
71	81	85	116	132
69	92	68	86	94
21	45	82	82	80
12	39	31	141	39
98	56	39	153	27
6	42	100	55	133
72	84	53	16	80
41	61	49	25	147
100	31	71	137	43
1	15	93	103	36
11	38	26	101	36
89	36	61	85	95
50	12	14	142	38
64	12	16	119	61
87	64	18	65	54
61	91	52	112	137
89	23	100	101	134
96	37	23	131	110
7	2	30	104	74
63	84	26	148	16
31	52	92	25	140
60	3	24	25	74
79	42	94	137	74
96	15	35	48	152
44	29	69	97	83
58	77	86	36	133
59	18	2	26	37
79	77	72	67	89
78	39	93	30	89
100	53	53	80	100
95	96	70	59	156
33	32	57	67	22
98	13	77	115	65
42	5	65	13	101
82	86	56	17	146
24	14	91	17	163
86	3	59	97	75
61	64	60	100	56
49	70	41	134	46
72	46	79	41	13
9	55	14	47	57
26	64	5	35	93
59	79	1	117	63
97	66	90	29	151
3	44	65	101	148
86	74	82	90	47
45	16	57	75	105
2	5	91	59	102
74	77	87	94	104
5	28	13	107	73
17	63	70	149	48
21	52	93	57	68
6	34	24	115	67
61	1	83	106	69
65	52	94	83	97
43	51	84	35	110
53	71	100	15	68
22	67	22	165	15
45	7	62	51	81
89	30	75	82	70
15	58	46	87	93
69	45	55	101	25
40	59	29	57	133
56	35	85	96	84
30	100	32	57	39
22	62	31	61	119
56	40	12	108	121
39	78	19	155	25
47	83	42	42	143
47	55	3	123	109
36	68	52	121	59
60	27	71	66	114
6	86	56	63	117
82	5	49	94	86
46	3	15	96	112
37	19	46	145	100
20	37	9	168	12
78	95	97	29	111
85	57	38	129	60
53	94	95	117	102
42	32	53	33	103
2	57	13	20	160
99	72	34	25	136
79	92	35	143	124
71	23	92	138	42
74	67	47	89	86
46	12	66	108	72
93	42	50	72	67
26	36	30	101	45
6	9	14	103	77
15	15	38	93	80
77	87	36	81	80
11	97	73	49	89
35	97	97	111	136
68	45	51	137	43
7	13	96	79	126
53	24	82	69	136
54	61	39	18	149
75	23	77	131	49
72	59	94	50	75
72	60	94	79	149
47	35	45	98	40
58	84	36	47	114
47	97	10	109	96
23	59	47	140	40
49	1	60	169	11
1	64	64	94	86
86	58	41	57	84
27	67	16	39	18
82	87	88	131	55
25	97	30	113	137
37	30	91	105	75
83	89	72	80	23
43	78	61	72	80
27	66	54	140	94
7	51	80	148	30
6	34	76	102	133
45	55	62	69	35
72	89	81	11	54
17	86	93	87	139
37	23	55	33	150
87	20	31	19	119
10	94	36	63	117
59	89	87	36	92
100	74	38	122	58
69	57	59	34	146
37	34	80	122	90
79	28	25	94	86
50	71	79	132	71
65	43	76	90	90
79	57	65	157	23
84	60	23	118	147
17	65	87	43	74
27	82	52	115	118
26	2	30	109	71
78	81	7	90	90
90	82	92	97	83
68	5	39	130	22
21	40	48	89	91
95	62	68	10	90
54	35	17	133	47
57	31	83	79	40
4	10	84	28	152
80	2	16	107	141
43	49	95	145	113
19	11	20	42	109
21	18	33	138	84
75	28	49	10	20
94	97	50	121	59
3	88	81	16	165
8	79	12	79	101
23	29	10	85	14
30	100	55	38	117
39	82	27	47	15
3	73	4	10	98
7	57	22	77	120
48	89	46	10	143
95	96	33	39	74
9	24	76	103	58
64	100	87	115	65
1	5	97	150	30
56	1	36	116	83
20	58	42	162	18
19	48	92	47	121
75	57	88	31	127
60	48	93	129	59
70	47	35	13	153
54	19	59	30	150
89	32	62	46	141
95	51	38	145	84
10	7	88	126	92
25	82	9	157	117
15	87	2	43	142
42	59	48	45	32
91	47	46	137	17
87	73	34	130	50
79	74	48	117	63
40	95	78	17	119
79	18	63	135	45
17	52	11	47	116
56	62	62	162	39
80	59	54	93	87
39	86	1	87	124
81	84	98	120	23
93	2	33	108	72
49	54	81	91	89
27	89	50	94	170
69	51	16	149	143
39	83	65	20	125
18	49	9	81	101
83	51	51	34	108
65	98	64	63	117
34	35	55	108	72
100	67	90	81	99
10	16	2	49	90
19	6	98	135	45
71	70	38	113	162
30	27	60	66	60
55	72	30	11	117
53	17	14	107	93
55	31	95	83	97
61	96	90	114	145
9	73	72	147	26
85	16	13	96	82
87	17	18	81	105
44	88	54	40	19
75	1	82	77	144
56	20	91	72	135
67	71	53	169	11
36	41	62	82	98
34	74	91	21	159
87	87	44	85	159
61	62	62	147	92
54	83	55	91	46
69	10	100	133	47
49	22	14	142	38
67	42	64	24	156
84	61	10	67	80
79	87	93	123	57
35	4	82	96	86
76	86	69	121	89
18	5	36	114	79
13	61	60	120	60
84	12	71	100	137
42	39	73	72	98
2	64	93	76	30
20	43	59	155	25
86	97	35	108	142
3	18	15	139	37
62	49	75	60	123
84	14	19	145	35
38	48	74	66	114
13	99	70	134	44
35	34	33	14	85
9	47	16	108	97
46	84	6	121	10
80	98	92	165	15
71	90	63	111	110
58	55	65	15	131
94	74	41	128	107
93	67	68	89	62
44	71	17	77	134
27	19	59	119	34
20	46	78	39	126
19	98	100	77	103
58	67	98	132	149
29	44	11	60	63
78	45	31	80	100
34	47	35	121	59
35	26	27	18	98
17	14	50	78	130
60	24	45	120	116
7	64	22	58	17
73	47	41	43	137
76	34	63	78	22
30	18	29	83	97
82	84	87	60	153
67	30	56	114	118
56	56	69	45	19
33	56	87	86	127
73	75	25	17	74
42	25	14	105	75
86	53	17	98	114
53	74	56	78	102
31	39	63	164	107
47	99	6	61	119
60	12	34	116	122
85	18	95	62	126
66	42	85	86	59
45	11	24	17	81
41	48	87	149	146
84	56	3	74	106
11	37	78	110	70
13	64	85	124	93
12	87	34	123	112
28	83	3	156	24
1	42	62	146	77
3	83	44	86	94
83	35	68	89	71
42	7	84	68	112
7	85	18	54	145
95	44	69	36	144
12	74	62	122	123
27	76	39	134	95
85	83	80	75	105
31	3	94	88	62
23	48	51	91	89
97	40	100	110	50
60	63	91	87	89
14	60	71	27	160
22	90	40	70	20
4	44	40	30	131
21	85	46	119	61
39	38	35	39	120
76	83	1	106	117
9	46	4	101	77
9	22	60	41	22
14	98	62	93	87
41	75	23	11	143
84	41	24	164	16
90	13	10	78	120
38	93	83	70	110
27	75	23	130	95
57	85	7	143	73
96	38	93	47	86
5	15	67	87	116
48	27	74	144	139
99	38	8	78	92
20	47	85	75	105
23	5	60	65	115
6	19	14	53	135
21	89	88	118	122
37	76	82	101	79
95	86	26	108	72
50	88	1	39	148
27	31	35	61	78
33	1	34	124	95
47	51	91	114	127
50	40	60	11	119
10	41	76	14	86
60	60	92	125	19
5	23	56	12	149
89	32	86	88	92
33	71	44	74	68
49	52	75	29	151
30	70	78	122	52
71	32	71	121	91
6	71	78	26	88
77	68	90	113	67
32	48	26	133	47
58	45	56	134	114
35	42	25	134	80
16	92	27	96	84
88	58	61	70	52
20	83	83	23	117
28	46	66	135	45
70	36	53	29	79
78	27	29	108	18
13	45	38	164	16
12	23	28	61	35
87	4	44	40	50
47	70	57	86	94
82	68	67	87	134
88	27	97	124	68
95	46	57	128	128
36	75	86	102	146
45	41	23	83	97
81	6	95	129	42
90	83	22	81	143
96	24	94	119	27
57	97	68	61	119
54	33	20	113	47
62	4	15	96	98
7	97	53	51	67
64	81	82	115	65
90	67	18	17	136
80	94	100	115	18
11	39	56	94	86
23	3	4	124	106
36	46	100	26	94
58	38	53	29	58
90	53	33	104	93
4	11	96	74	118
11	66	11	28	154
78	91	74	76	112
97	95	12	92	148
24	64	30	108	78
36	3	63	129	108
98	17	82	121	59
2	91	95	71	109
5	46	35	67	158
6	29	31	66	66
84	29	68	24	156
83	55	74	96	133
54	63	34	85	80
86	27	95	110	70
53	47	91	141	39
45	57	8	54	130
45	45	92	21	94
43	81	71	88	75
2	24	35	65	80
50	45	12	117	73
1	35	51	42	62
58	95	4	11	137
33	20	98	104	95
78	34	91	77	109
26	69	68	51	63
100	82	55	128	76
20	75	29	21	109
99	51	37	116	42
45	80	56	89	91
56	60	99	141	78
11	53	81	15	148
3	62	25	118	57
88	47	88	136	47
24	84	67	55	62
95	61	65	76	68
7	90	83	24	153
87	45	18	22	80
46	96	9	75	165
96	40	26	24	75
38	30	6	101	79
86	81	57	103	77
82	60	76	78	21
59	37	3	31	149
94	54	53	36	144
95	88	42	28	152
5	89	43	150	32
74	58	10	67	107
38	17	66	82	24
59	70	65	105	75
37	13	40	68	98
41	60	6	147	33
33	49	87	166	14
68	33	87	56	124
35	46	100	103	77
8	34	41	61	159
12	98	9	114	68
95	13	20	40	170
72	84	17	102	78
84	21	77	91	151
82	62	91	83	97
10	89	75	133	47
73	30	21	101	79
55	8	58	60	31
68	58	78	98	156
2	41	54	27	124
70	97	8	84	60
22	30	40	96	84
48	19	58	13	47
33	15	27	89	112
85	90	34	118	144
9	8	100	105	84
39	82	5	29	138
60	35	30	130	50
8	43	88	46	96
15	97	77	119	121
65	91	17	109	71
29	41	82	26	170
91	28	4	123	44
100	50	30	40	140
99	19	50	28	97
93	80	61	55	148
20	52	21	112	129
46	93	90	49	32
66	40	43	21	75
7	58	62	76	104
21	11	29	78	89
73	33	31	33	163
62	62	25	154	26
39	44	25	78	81
56	3	45	26	63
3	35	56	80	100
44	70	53	36	64
9	39	75	38	142
100	91	99	90	90
90	7	8	51	28
1	3	14	64	116
89	80	46	107	143
34	85	89	70	110
5	88	79	131	47
69	70	93	149	57
66	64	71	168	84
100	13	86	149	31
24	42	62	82	98
21	38	44	100	68
31	67	29	30	73
41	43	36	92	88
92	60	59	60	120
78	43	42	27	103
73	18	59	79	101
78	69	25	80	94
51	83	47	105	17
58	69	59	168	21
48	5	57	65	89
70	41	7	77	75
33	97	30	107	73
69	41	70	76	104
92	17	50	146	30
9	96	18	97	83
31	88	84	170	10
27	23	61	53	62
24	46	58	89	91
20	8	43	144	104
85	68	98	143	37
48	17	35	127	44
23	24	76	98	109
50	99	84	20	108
93	55	71	13	58
16	50	20	126	54
4	3	30	10	152
49	67	30	120	60
68	19	13	113	14
65	67	41	95	85
12	44	38	108	80
47	44	46	146	34
11	69	91	145	141
81	25	63	105	127
18	83	54	61	119
66	74	44	116	64
74	63	39	135	46
13	42	55	76	104
8	40	99	95	162
63	100	60	56	127
13	42	39	47	137
95	81	56	147	15
70	7	78	19	105
28	92	37	133	37
68	47	3	25	75
78	38	84	137	125
89	38	81	100	20
90	85	6	60	56
77	31	73	53	153
5	94	29	82	102
91	70	62	84	148
37	15	79	122	58
90	34	36	18	21
24	82	62	15	67
71	87	87	64	88
59	83	100	110	148
92	43	64	93	65
51	2	11	59	80
75	80	50	61	119
23	40	26	104	115
88	37	71	66	22
30	19	91	128	18
84	49	62	105	120
23	55	47	87	93
40	64	68	46	104
49	33	12	95	154
48	67	43	29	78
93	89	74	140	104
54	66	5	71	109
62	56	21	101	50
27	32	53	32	86
100	12	11	75	68
54	77	14	75	63
50	41	18	77	33
23	37	23	145	20
95	91	1	48	132
17	79	87	47	134
17	84	86	119	37
84	37	84	97	73
26	71	27	67	114
45	20	71	82	78
96	48	6	63	85
26	52	36	145	109
68	89	6	54	41
25	61	99	102	78
94	56	26	142	123
75	20	15	21	137
30	49	88	44	26
23	36	56	128	14
57	7	31	84	63
97	20	45	81	124
59	98	29	96	27
10	48	61	91	87
67	56	38	22	163
42	32	10	93	87
46	34	16	64	77
81	5	77	29	135
66	55	84	133	133
75	76	84	53	121
14	12	19	47	163
5	92	81	33	36
16	77	69	29	41
24	85	52	44	156
72	23	84	55	119
33	75	33	65	115
90	99	18	69	37
37	43	51	64	150
30	32	91	65	35
83	97	3	116	32
32	53	76	67	80
23	59	49	93	81
18	39	16	25	59
7	14	69	64	140
18	34	48	134	46
15	79	72	43	120
67	100	70	45	108
86	56	65	97	46
18	79	81	35	145
44	8	97	120	44
77	54	73	121	59
32	11	34	84	80
98	50	19	38	21
27	18	93	135	45
78	59	80	55	125
8	91	74	135	82
41	73	1	156	24
68	90	40	146	34
11	30	27	18	33
1	73	87	72	103
6	24	55	115	136
38	52	93	74	89
13	43	88	169	11
55	87	82	168	89
74	72	33	76	104
18	48	80	64	116
50	33	16	145	145
33	81	32	43	60
65	97	31	48	148
22	37	52	16	73
50	59	28	60	64
39	8	12	117	72
82	51	28	109	71
55	51	89	152	28
100	21	26	165	84
28	22	26	104	99
34	22	45	105	75
17	79	23	105	75
91	79	36	70	132
69	72	74	47	121
39	6	16	118	90
33	76	42	165	15
7	2	76	119	55
45	27	31	97	83
28	85	8	157	23
7	69	38	73	107
44	67	36	48	91
16	82	31	105	121
8	32	16	44	35
32	67	1	69	95
70	84	28	117	63
56	23	25	77	144
53	62	22	138	34
100	73	29	24	32
40	95	50	33	68
18	21	72	113	124
77	84	96	117	67
14	86	25	135	45
67	100	1	17	107
7	91	78	117	102
17	4	65	84	96
54	43	52	112	29
44	63	76	124	132
65	14	74	140	127
75	3	90	121	59
80	9	81	13	15
85	29	99	65	115
86	26	90	160	53
37	45	34	83	38
10	24	97	76	104
44	100	40	65	115
91	15	79	10	10
9	22	41	76	150
40	84	94	72	75
26	8	55	100	165
32	73	59	96	84
68	79	18	137	56
13	14	61	68	112
25	14	5	136	44
16	43	73	121	96
38	91	31	121	59
87	59	74	139	47
4	2	96	58	36
84	88	75	103	126
80	72	60	109	110
37	58	1	39	68
2	64	14	70	123
91	91	21	108	72
73	72	7	73	101
23	32	88	54	16
76	81	8	84	142
80	47	8	59	83
87	81	35	53	11
18	12	13	62	118
82	31	42	114	52
11	80	72	141	131
22	30	83	97	52
3	14	80	53	12
24	55	19	31	129
65	6	11	154	26
88	73	83	142	70
100	94	46	90	113
71	46	55	92	20
51	28	13	73	107
13	22	84	143	41
61	100	2	125	118
43	78	33	145	35
15	77	93	93	87
62	71	73	150	62
42	53	52	35	30
4	39	67	147	55
46	31	82	152	28
4	44	81	65	115
47	91	17	105	34
100	33	5	57	86
49	74	98	98	82
10	16	30	22	122
75	36	95	33	120
17	56	11	125	55
70	50	71	165	62
41	1	64	55	60
27	94	99	136	44
96	18	85	37	147
38	93	84	39	153
69	14	90	117	63
51	45	6	56	28
23	78	43	103	77
4	8	51	112	18
8	3	32	40	140
18	98	79	73	134
32	5	37	59	118
30	44	24	126	41
41	61	59	76	52
62	93	25	80	84
87	84	40	27	107
16	23	64	121	76
66	45	65	14	40
95	13	99	80	22
94	97	89	61	119
83	77	87	69	134
5	13	66	86	94
61	27	37	62	118
80	35	10	98	82
18	41	29	54	96
44	8	46	106	69
56	19	90	101	42
59	64	51	66	114
81	40	83	77	97
47	6	16	137	85
57	67	77	115	123
77	3	85	55	37
53	20	10	87	95
92	64	27	26	99
82	4	40	85	108
13	89	23	92	88
42	5	69	109	14
3	1	86	95	85
63	73	82	38	73
44	10	94	80	83
39	100	80	50	122
97	60	48	51	79
71	54	33	13	64
78	47	58	80	100
24	78	26	95	85
81	46	79	151	29
82	50	25	27	51
49	98	46	79	101
83	13	56	57	71
3	28	91	54	123
92	42	100	36	156
5	48	44	24	117
42	55	32	86	120
26	53	74	98	37
80	57	58	39	141
4	94	87	123	81
91	80	1	108	75
90	57	53	14	80
58	42	95	20	94
52	27	65	64	116
50	24	10	125	55
64	38	69	102	78
80	14	90	29	70
19	60	85	70	110
8	50	25	81	129
53	57	24	13	58
4	46	44	81	96
6	58	67	107	73
3	89	45	138	100
34	7	86	106	91
75	59	24	60	65
43	33	36	100	91
30	32	24	118	62
44	8	27	105	79
96	72	38	105	75
47	39	90	25	130
88	86	14	165	79
40	78	15	88	103
54	83	23	147	33
92	11	6	83	95
6	28	81	139	41
21	50	65	91	144
30	2	70	74	106
3	60	67	102	91
82	70	40	86	77
97	68	73	65	157
11	35	86	86	68
54	75	10	78	102
82	62	40	107	143
56	29	16	30	150
28	25	32	90	62
33	13	69	94	121
11	97	99	106	95
81	19	78	32	126
5	64	55	26	154
83	54	25	19	49
85	99	48	89	91
47	80	64	51	129
12	69	68	130	50
41	64	60	103	77
5	42	79	46	111
7	95	21	92	88
42	96	2	57	73
26	95	41	15	90
89	61	77	17	163
42	52	34	10	106
92	9	56	104	76
50	74	19	52	77
35	97	96	34	99
72	27	6	44	66
29	63	51	135	97
6	96	85	136	140
12	3	22	115	65
37	48	2	141	39
26	99	17	40	93
50	90	56	137	71
42	29	45	148	50
12	89	10	70	147
82	48	14	43	151
26	81	32	76	71
27	82	94	114	90
28	47	88	36	82
95	45	51	71	99
26	33	45	56	124
91	7	41	17	170
84	10	49	25	156
97	85	81	98	82
41	50	62	113	75
92	29	87	136	134
2	20	9	21	130
79	78	67	33	117
33	2	59	48	141
59	46	89	79	101
37	41	52	63	117
22	42	70	28	89
78	18	7	141	39
38	91	9	90	90
92	84	62	66	22
81	18	60	55	74
28	86	72	89	109
31	76	66	25	123
97	69	75	82	98
16	35	60	28	97
94	40	20	40	140
51	81	69	153	63
62	17	84	44	50
35	1	6	118	26
14	25	72	139	41
15	55	80	149	31
78	40	98	23	82
7	37	72	112	11
49	29	6	111	95
27	40	15	62	99
59	18	84	124	49
61	43	93	88	139
53	27	79	54	109
64	41	82	166	78
92	99	24	70	110
54	71	85	28	50
29	49	32	87	149
72	64	33	59	87
38	16	72	144	96
69	73	1	122	58
6	86	58	146	33
36	73	84	52	128
9	70	31	98	90
93	34	60	24	24
14	55	22	148	97
3	92	13	85	95
39	15	82	143	144
39	56	28	15	35
96	78	78	11	44
58	23	41	34	91
77	53	30	120	139
91	70	91	10	170
93	72	60	108	132
48	8	95	86	146
77	62	61	106	92
93	13	83	91	89
71	90	1	136	95
81	7	91	144	86
63	48	8	69	160
86	82	11	83	92
44	59	19	125	63
29	35	27	73	61
18	37	16	119	71
13	60	72	10	121
89	41	38	116	64
28	15	56	28	81
6	31	19	42	146
6	34	71	68	112
89	51	9	118	62
39	31	16	96	84
13	79	94	143	113
97	78	86	55	114
8	21	4	16	79
74	51	75	67	113
26	58	11	118	137
24	88	8	106	83
22	48	24	104	76
49	8	94	36	15
53	25	42	99	40
33	98	17	105	12
39	2	23	78	128
48	17	46	40	141
12	11	100	135	123
17	42	83	96	140
34	43	100	27	153
40	87	34	54	26
96	25	77	47	133
44	61	39	73	161
36	88	76	114	146
4	29	99	132	146
56	22	48	82	11
3	29	94	107	72
54	94	33	168	49
64	22	75	52	109
70	17	43	98	90
65	6	89	144	102
82	37	35	88	17
42	9	16	85	135
99	52	66	78	46
16	74	45	40	142
47	22	73	28	113
66	22	59	157	23
62	90	34	107	115
31	100	14	67	113
74	28	10	26	107
99	28	39	55	124
54	87	68	134	54
16	98	36	109	105
92	44	48	63	149
67	42	7	132	88
38	48	10	66	43
19	56	99	116	64
89	1	37	64	57
15	30	71	60	149
33	83	22	111	62
41	38	18	65	115
76	77	99	63	117
87	91	84	125	10
4	95	89	132	25
91	65	60	64	116
68	7	64	11	169
41	16	14	155	25
6	74	85	168	12
42	19	20	35	131
84	55	11	77	54
36	64	88	108	128
40	28	75	122	20
67	41	87	111	69
2	99	10	93	87
16	60	93	57	35
68	57	80	15	89
65	19	22	115	149
87	62	92	127	53
95	58	54	125	55
14	31	77	68	16
13	50	81	107	73
99	6	66	89	91
21	61	81	80	63
10	85	25	131	34
52	65	1	65	113
12	97	71	83	40
45	91	99	92	80
93	44	99	88	92
10	29	43	10	25
73	43	11	123	57
43	93	36	110	70
33	87	31	116	20
16	89	42	38	142
31	48	64	133	43
51	13	70	97	156
74	81	76	69	13
71	37	12	129	146
12	51	57	138	42
23	97	72	132	114
12	13	16	149	22
46	80	50	14	134
99	96	75	69	129
90	8	20	38	49
9	2	33	126	67
61	67	82	56	51
93	60	67	15	79
25	59	96	87	93
91	55	59	10	170
25	35	7	118	74
70	82	20	16	164
24	94	82	43	151
68	62	45	72	108
84	32	61	35	90
13	85	18	16	164
70	84	18	99	81
85	26	69	108	72
8	89	56	42	52
85	94	88	127	53
88	45	38	45	135
89	38	37	111	23
35	65	6	128	113
7	2	51	61	89
4	90	15	110	70
40	90	82	81	38
24	38	2	146	136
40	64	57	35	78
63	63	67	25	64
65	9	41	19	98
99	49	33	118	62
18	12	43	55	138
94	82	15	74	53
19	50	13	167	13
97	67	62	122	15
56	29	92	87	170
25	17	42	108	31
65	4	1	78	138
94	56	71	106	77
58	67	74	23	112
96	58	63	17	125
43	18	48	140	40
51	14	38	11	124
13	77	58	91	89
35	47	51	119	61
80	78	97	158	22
21	46	35	52	105
44	93	25	76	168
63	13	41	117	10
93	28	91	99	104
6	8	95	81	99
39	18	87	136	44
30	61	21	23	144
99	27	27	149	138
15	54	8	113	126
98	77	7	100	128
84	66	100	102	158
51	73	47	125	55
66	5	22	82	60
80	8	88	133	47
92	1	27	166	14
54	59	13	64	83
30	8	37	143	37
47	22	24	118	90
33	86	16	136	42
66	67	94	70	51
41	19	74	91	89
44	55	68	75	58
37	16	51	136	102
49	70	1	62	118
80	53	8	129	51
59	83	47	77	127
64	1	33	23	157
69	38	95	62	56
62	70	13	17	114
30	53	12	42	141
10	89	60	142	78
61	6	55	169	11
72	82	34	17	57
75	1	44	99	81
91	6	4	92	29
100	55	43	34	153
8	86	76	163	17
1	18	78	45	61
24	13	38	141	39
52	97	39	61	100
81	9	84	43	100
48	67	13	106	77
75	38	85	60	30
94	66	62	97	83
93	45	36	60	112
91	37	55	87	39
92	13	93	61	119
98	86	67	38	142
3	98	85	49	153
66	55	32	55	115
90	75	95	26	47
87	93	3	104	76
16	100	21	119	73
68	88	23	148	32
2	86	38	23	141
20	54	9	104	76
96	84	60	30	46
70	22	75	101	131
4	67	80	71	159
75	76	57	43	86
11	37	87	103	77
77	18	42	145	63
27	66	17	92	88
99	36	9	80	61
8	85	68	117	44
2	91	74	127	94
42	78	47	140	105
30	99	58	18	118
75	42	64	14	166
46	72	93	117	63
51	87	37	125	70
96	19	51	24	101
4	60	11	74	120
73	39	42	69	111
49	48	65	44	52
67	88	97	11	91
4	90	39	46	149
87	43	17	113	62
44	89	64	106	119
58	45	85	81	99
9	20	44	105	77
69	26	81	19	132
45	3	84	120	140
55	23	20	13	106
3	87	14	11	31
48	83	41	121	59
46	31	91	36	141
55	11	80	133	60
42	3	30	84	76
11	73	26	111	139
9	96	78	135	22
67	29	44	69	37
28	38	92	165	15
78	5	80	83	16
16	29	59	51	145
86	31	14	145	122
90	80	7	141	37
15	29	87	108	12
48	70	66	80	100
6	52	40	87	93
95	44	33	71	109
10	87	6	148	32
18	52	30	90	90
90	12	15	74	106
61	12	85	144	36
20	47	28	70	110
44	45	31	116	64
8	67	15	73	127
60	45	35	58	22
96	23	10	26	147
91	54	98	126	124
76	61	94	139	11
58	12	77	30	150
93	13	23	109	71
70	14	19	23	20
88	51	25	102	31
91	31	54	124	89
68	22	39	83	97
89	71	63	139	106
53	44	98	105	152
22	33	56	84	52
50	43	95	119	61
43	57	4	51	86
17	28	61	130	83
74	8	88	93	26
50	22	99	112	124
100	96	10	148	144
46	68	76	47	12
46	99	97	100	97
32	93	2	124	56
7	85	79	116	77
66	8	53	102	120
19	10	99	133	93
96	27	17	143	13
100	73	75	96	96
91	81	95	39	103
98	84	73	96	84
27	49	26	130	118
100	6	87	41	73
46	61	88	64	79
78	17	78	54	99
28	43	4	130	50
17	84	41	163	22
37	43	9	132	91
36	92	26	86	94
76	38	21	119	145
61	31	83	38	58
80	69	26	53	89
50	37	87	159	12
66	65	19	83	34
96	2	48	68	123
60	70	22	93	87
43	77	37	140	60
11	83	41	79	118
42	46	87	155	25
68	12	53	110	46
17	38	63	118	62
68	65	95	68	11
85	90	86	113	81
25	33	98	11	43
40	98	96	35	28
14	30	41	166	14
33	7	83	91	89
15	52	35	77	48
97	8	46	78	10
90	62	83	84	81
9	87	94	116	95
83	27	6	73	132
45	86	51	100	80
45	71	32	15	161
61	41	16	66	95
3	3	71	122	119
33	79	39	63	66
16	13	68	52	56
86	14	40	68	68
29	53	56	165	15
74	82	96	52	125
6	97	37	100	80
36	41	64	154	26
49	60	68	123	18
81	5	59	42	53
100	38	99	132	87
66	14	31	15	165
87	87	100	54	99
75	43	52	61	94
64	5	52	113	69
65	67	8	160	20
14	29	89	86	105
35	80	67	31	138
86	89	88	88	77
18	31	30	62	118
23	28	29	86	33
61	2	7	29	63
55	48	27	160	17
77	88	63	75	55
10	79	15	110	98
87	81	16	139	130
96	12	64	77	96
11	4	44	81	99
4	38	97	111	69
23	56	56	18	123
79	1	7	81	112
55	62	25	71	112
57	65	26	159	48
40	90	52	140	53
60	28	21	47	133
83	74	28	108	121
95	41	38	56	168
27	86	24	105	83
32	1	15	49	123
27	7	16	157	65
92	55	65	121	59
3	12	65	27	141
90	95	13	38	102
58	5	99	100	37
20	24	38	151	29
31	15	93	132	48
95	89	36	74	106
92	2	21	75	105
74	30	31	113	67
17	6	8	28	123
50	45	12	126	19
2	23	75	145	98
84	88	49	47	133
27	63	71	28	135
68	28	26	132	11
56	71	60	80	50
44	16	18	77	76
41	90	2	62	95
70	89	44	46	134
33	17	68	125	91
60	72	82	108	56
52	78	54	133	100
20	73	37	120	133
20	89	92	123	110
23	71	23	42	31
69	24	5	133	47
35	10	77	155	25
83	53	99	139	41
80	34	77	47	95
99	72	75	50	130
23	70	95	83	97
39	56	51	62	144
44	31	31	54	113
72	81	41	136	44
27	56	50	66	114
70	99	84	108	72
89	74	77	31	149
23	26	95	69	163
69	39	100	88	105
96	1	50	27	118
63	12	39	26	154
72	77	96	20	39
65	29	22	35	33
83	90	33	11	79
55	22	54	74	106
83	44	9	96	84
48	7	37	109	71
61	28	94	99	81
60	49	14	47	130
23	87	79	148	117
76	63	100	19	146
91	84	96	137	21
65	9	78	145	35
16	7	9	98	61
92	79	88	38	85
28	36	86	93	34
59	74	46	166	114
97	18	5	101	79
34	92	94	49	20
87	76	52	51	112
33	5	66	97	162
92	74	75	79	93
18	70	48	38	135
61	51	58	24	127
20	17	44	88	92
12	70	99	32	148
64	45	54	82	22
21	76	69	161	19
44	58	11	141	30
37	19	23	118	62
69	16	78	34	128
36	7	87	95	60
93	97	91	148	100
60	53	59	129	81
45	37	92	142	38
29	28	54	98	96
1	11	79	56	124
29	98	75	66	163
34	34	91	87	25
27	26	14	149	31
21	54	76	105	75
4	92	16	90	119
7	82	2	104	159
69	29	89	89	65
40	2	81	81	99
65	71	84	97	76
53	91	91	63	82
36	52	97	17	163
94	29	69	93	142
48	21	69	102	78
88	79	85	31	124
54	17	3	165	15
15	68	9	141	123
54	78	17	80	18
50	84	9	25	55
1	90	93	147	73
86	3	88	25	108
64	75	10	54	165
58	24	58	18	62
57	29	35	45	57
11	26	2	134	46
73	73	31	78	30
70	89	74	68	144
63	21	9	78	105
50	66	99	101	43
65	85	29	77	31
8	3	77	18	78
72	8	28	102	78
21	69	71	40	140
9	72	52	61	119
75	17	4	101	121
44	83	56	15	103
55	66	75	61	119
61	47	40	63	117
25	12	25	43	70
100	72	1	28	87
13	40	59	35	28
22	74	92	67	107
35	27	99	62	49
71	36	56	71	146
79	89	69	61	83
71	100	32	84	96
87	63	22	144	28
53	51	46	94	139
58	27	89	133	47
21	72	57	31	112
15	31	26	61	150
45	83	30	129	51
40	55	85	165	15
83	65	53	68	61
29	64	14	146	32
43	32	59	155	92
78	65	81	152	28
67	77	24	50	86
68	100	69	34	105
43	3	93	138	73
97	4	41	71	121
38	71	6	101	126
45	12	63	107	92
71	34	26	132	120
40	2	17	79	101
96	99	30	56	68
66	95	78	137	142
13	41	6	69	111
54	90	38	126	45
40	63	11	111	102
97	90	91	153	29
64	28	60	27	86
63	58	64	42	138
73	8	28	68	11
61	7	82	108	72
57	74	66	95	54
73	57	77	72	118
89	47	96	84	169
39	18	85	113	44
66	61	10	33	59
82	71	17	80	100
18	37	22	70	82
83	30	56	37	143
28	58	24	24	156
9	36	28	139	91
95	42	20	19	95
24	20	59	156	24
88	48	50	80	37
86	44	20	50	73
29	84	46	63	117
21	22	84	78	10
24	26	98	32	148
74	72	32	147	122
33	58	82	53	11
68	7	68	82	82
3	92	52	138	103
62	40	46	49	20
65	13	6	115	65
64	30	69	76	137
68	29	3	21	159
35	67	34	105	75
44	4	63	115	65
36	58	3	145	64
89	93	77	46	80
42	12	72	85	110
55	23	36	115	58
30	49	83	45	85
81	47	28	128	75
2	41	1	48	132
30	85	75	94	137
19	25	93	128	145
71	58	20	87	129
22	32	93	28	152
21	57	86	36	80
24	1	71	64	21
35	49	62	147	20
94	2	38	114	114
96	47	50	17	106
34	15	9	37	37
67	70	46	141	73
13	36	53	79	64
84	75	90	83	161
11	50	66	159	21
79	14	23	118	33
85	5	95	134	46
45	42	40	158	22
97	66	53	43	140
91	23	17	109	50
8	7	56	49	42
41	3	90	23	96
55	69	13	48	120
11	38	24	67	124
85	25	97	141	39
5	32	10	79	130
33	15	79	158	22
61	21	43	38	14
42	89	98	29	151
79	87	4	30	107
92	16	41	169	11
50	29	20	87	93
54	77	6	51	98
30	19	10	123	57
24	6	42	71	38
19	49	20	17	142
49	52	41	15	64
71	56	47	120	60
49	71	5	99	81
25	15	36	82	41
33	1	17	101	32
33	61	90	142	85
80	9	17	129	105
4	81	57	80	87
57	28	83	111	69
97	89	65	132	61
45	1	94	20	108
67	95	99	40	77
32	9	68	32	13
62	42	93	71	148
5	40	30	65	115
63	21	2	122	30
9	91	65	37	154
76	68	49	73	107
18	18	68	68	133
16	32	72	93	46
61	95	72	85	120
84	14	14	65	163
56	97	70	147	145
26	6	24	83	159
36	12	83	97	125
53	81	90	69	57
21	21	83	84	57
15	48	87	55	125
68	11	3	82	90
70	25	80	68	61
67	58	71	100	25
39	86	21	70	110
31	63	34	91	154
9	4	14	70	97
29	16	98	72	108
45	62	41	31	78
57	55	39	162	118
84	42	85	167	13
41	81	32	167	13
14	31	87	119	72
99	27	63	73	156
62	81	72	140	89
89	31	2	15	83
70	51	16	88	124
28	10	43	47	133
89	19	96	150	30
49	60	90	55	67
53	29	62	96	52
90	47	22	119	110
56	51	27	137	43
29	10	41	13	28
78	68	95	10	21
12	52	97	82	118
23	56	94	99	75
76	44	97	90	90
28	72	72	101	47
72	59	79	36	144
71	14	43	107	93
71	17	51	71	62
25	27	73	51	116
68	43	13	93	103
40	20	74	162	18
10	45	98	130	115
11	96	51	141	85
87	93	56	37	50
21	61	4	122	74
1	79	92	70	163
11	84	39	131	47
70	62	34	121	70
18	86	53	25	146
66	27	72	93	89
45	80	87	25	129
17	36	84	85	95
1	56	5	169	11
55	61	34	78	128
19	9	79	104	150
55	37	99	12	138
99	19	21	117	24
4	63	4	136	44
72	26	63	73	49
64	65	70	16	164
94	89	19	44	120
12	54	80	131	104
62	31	98	67	113
71	3	78	107	73
41	14	79	41	100
4	88	89	42	82
34	91	19	15	87
10	95	47	86	108
50	68	34	38	142
44	33	18	106	168
47	43	16	48	128
39	1	49	88	101
70	22	12	43	100
8	2	93	133	47
86	48	88	130	50
56	55	85	75	75
38	87	64	147	46
11	33	19	53	79
14	22	100	85	98
57	20	96	106	74
83	93	68	79	107
81	2	3	94	17
23	1	76	146	103
77	67	20	109	92
21	27	96	79	23
75	79	92	103	82
57	83	33	105	11
18	87	2	91	89
56	68	21	104	92
37	93	93	46	138
8	67	49	80	100
39	7	53	148	23
22	52	56	121	108
50	20	96	121	59
73	88	18	117	156
81	94	56	70	96
18	98	68	105	30
46	52	89	106	101
98	78	59	111	146
30	23	43	20	10
83	32	24	39	17
54	15	96	106	20
53	98	66	102	78
91	78	22	106	74
24	81	52	20	23
9	93	35	76	121
87	69	56	45	103
55	65	33	46	118
63	60	80	112	66
63	5	45	127	20
72	19	25	132	48
22	91	23	100	80
36	75	15	136	96
77	33	99	105	75
96	45	71	153	27
7	79	4	77	103
96	57	76	90	143
96	45	19	31	71
100	95	84	81	118
22	3	72	15	165
29	25	81	108	34
32	91	83	109	113
57	97	85	21	119
12	30	94	70	82
76	18	74	24	156
99	55	11	18	162
72	85	74	123	32
89	55	77	100	97
62	41	14	51	89
41	48	17	40	138
79	9	46	104	81
70	39	8	91	86
83	20	20	111	105
6	62	59	55	120
80	39	44	101	127
10	24	72	167	13
66	99	74	66	114
44	91	32	25	82
46	27	3	30	100
34	57	92	30	74
19	27	6	146	127
94	40	7	76	89
77	37	9	86	130
11	53	97	104	76
71	62	51	78	92
72	26	35	107	73
95	84	53	114	164
78	35	74	127	118
57	55	4	115	100
48	65	98	104	169
8	78	20	135	30
89	70	10	22	158
100	20	17	99	144
9	17	9	10	64
68	90	55	93	80
92	82	25	146	34
18	4	99	55	106
77	17	22	72	85
98	93	65	115	65
52	88	75	146	123
61	35	86	68	101
26	29	52	74	73
63	11	76	139	41
84	4	72	57	38
20	86	89	41	139
77	12	20	10	66
38	70	10	149	31
9	79	1	109	122
90	38	36	88	92
76	8	36	91	23
58	20	19	116	53
36	27	42	156	24
23	88	69	106	74
81	66	90	97	83
66	31	8	48	53
84	58	62	80	104
6	93	50	114	73
5	95	96	144	36
58	66	39	73	107
23	24	47	119	78
5	98	12	52	79
7	42	7	162	39
86	97	83	78	92
85	68	67	41	70
87	99	31	87	78
64	30	57	47	131
90	19	37	112	43
41	6	65	52	107
44	27	12	92	100
35	49	88	121	59
4	22	18	33	124
23	7	45	139	109
97	96	35	11	121
39	91	96	139	45
66	50	34	36	144
83	18	83	75	116
86	82	11	146	122
83	81	99	76	104
100	57	65	20	133
23	96	52	120	60
21	39	23	89	78
98	28	97	98	82
92	75	16	77	89
70	43	90	119	68
61	13	31	69	134
100	35	40	120	25
99	47	19	110	70
87	21	80	21	135
22	6	46	49	131
27	4	6	42	138
97	15	64	12	168
82	91	98	18	14
56	25	7	83	53
11	80	77	121	59
8	68	30	83	101
11	7	74	78	82
82	92	60	97	54
93	51	31	26	75
34	25	64	149	91
85	40	29	86	128
82	28	63	128	109
41	89	85	101	112
54	90	82	79	101
58	28	36	106	16
19	50	82	73	96
39	17	76	46	134
44	35	54	91	11
78	56	87	70	123
11	30	30	28	31
40	40	4	114	127
15	2	76	59	166
52	22	40	72	52
43	28	45	94	143
90	34	97	117	63
89	48	47	16	126
68	70	100	97	125
54	23	58	61	22
67	17	42	89	87
21	73	84	52	74
32	33	2	36	83
79	31	75	10	145
68	64	12	72	108
48	62	39	43	68
11	41	9	26	154
28	65	77	134	83
71	43	59	104	104
83	77	4	21	136
20	82	67	32	35
32	47	23	90	90
87	22	69	150	30
80	59	12	100	51
1	19	36	57	77
73	49	43	111	126
84	87	74	113	67
99	49	10	107	73
51	25	34	56	118
36	82	4	55	147
71	21	4	33	148
61	76	30	86	94
11	99	7	72	117
43	91	54	61	119
56	55	58	42	19
3	14	47	45	88
53	22	93	70	110
25	91	1	62	44
58	16	30	118	62
90	26	90	153	27
69	62	54	80	146
21	53	89	56	17
43	29	90	101	147
83	60	76	49	105
27	33	89	169	11
96	2	69	106	74
86	6	95	111	78
69	54	29	37	88
37	37	96	62	55
88	51	76	65	73
18	25	48	57	81
18	15	97	85	41
79	45	53	15	48
65	24	3	108	72
83	38	37	22	72
18	14	46	61	119
89	78	34	77	103
35	48	79	51	129
17	2	28	104	50
6	73	15	135	21
88	12	6	137	43
59	73	41	123	57
29	72	13	149	88
6	68	47	119	116
9	46	57	48	132
49	91	54	29	148
54	74	59	32	41
78	75	62	43	137
36	13	20	116	28
39	22	84	64	74
48	12	48	56	134
24	44	79	30	85
54	4	42	43	132
69	92	44	161	57
67	20	86	62	118
63	40	89	59	105
52	17	94	95	80
72	27	27	42	136
52	36	33	28	152
38	32	22	115	91
46	99	31	62	157
46	3	29	130	141
24	92	74	122	29
53	27	25	130	78
20	88	2	146	22
51	1	100	118	126
100	67	81	138	81
17	88	74	167	13
54	88	17	15	148
69	81	87	14	71
59	37	73	87	134
39	87	100	169	74
15	29	28	97	122
72	60	17	97	17
4	96	10	15	105
39	33	16	148	70
56	59	66	117	63
83	12	80	94	92
36	13	44	109	49
66	57	29	69	69
58	51	94	125	55
11	42	88	164	10
67	53	56	59	137
27	34	80	113	67
77	77	61	26	80
1	13	66	69	111
29	17	52	29	136
47	46	93	135	50
51	86	15	110	70
19	39	36	93	87
14	22	36	121	92
39	22	28	17	95
67	24	75	21	159
16	11	10	90	44
12	99	99	37	88
42	58	4	58	90
91	35	85	40	140
11	31	42	47	41
39	53	45	43	47
9	85	29	21	102
17	63	89	49	131
74	26	50	80	70
43	10	95	76	104
72	10	26	116	123
29	97	37	104	76
20	34	49	151	29
65	11	94	127	43
48	96	88	79	118
64	38	29	93	73
88	29	46	139	102
59	60	96	57	69
75	6	9	115	129
12	94	97	90	27
41	27	88	79	101
9	19	61	63	110
56	15	82	115	65
13	86	70	149	31
33	67	8	82	81
66	29	31	122	136
43	12	56	71	161
38	8	67	58	86
31	33	13	110	169
86	52	85	89	101
30	82	71	25	104
68	82	88	89	74
66	20	81	115	65
41	11	11	16	164
85	8	85	53	108
78	33	5	105	54
49	49	86	112	68
41	31	24	34	74
95	94	45	124	21
78	94	63	125	39
78	89	41	140	40
32	74	3	128	114
71	10	5	60	92
88	85	99	99	81
60	33	56	37	143
43	7	88	63	142
70	38	53	35	149
83	17	21	124	110
51	72	89	71	109
27	88	87	16	137
87	99	40	51	108
94	50	17	101	149
99	52	16	170	10
94	91	91	74	106
74	58	19	94	150
25	86	86	119	61
90	15	67	84	117
90	48	77	86	110
13	64	82	145	74
7	98	29	56	138
55	50	74	97	155
49	77	64	117	63
12	10	73	93	43
42	28	9	128	51
41	21	59	68	31
30	64	99	107	18
74	44	93	50	132
21	58	10	80	100
69	12	29	69	105
53	14	62	111	140
15	3	21	82	43
29	31	63	61	153
50	14	20	32	127
75	80	66	13	47
41	30	7	56	104
15	47	9	80	100
3	68	38	89	91
85	2	47	106	153
58	16	90	93	154
12	82	57	54	115
92	9	95	52	66
96	26	57	12	89
24	85	37	61	119
57	56	84	80	100
46	25	79	137	43
58	13	8	94	86
27	82	81	57	123
1	99	81	68	112
96	14	37	84	64
35	33	74	64	116
98	34	42	77	103
18	87	19	27	153
84	11	98	88	63
44	51	45	147	59
4	24	17	145	107
37	13	6	116	136
85	64	31	72	128
12	63	2	19	66
72	13	56	141	62
70	28	28	22	158
16	24	43	115	17
73	77	78	101	79
69	46	98	20	160
23	69	38	106	113
90	100	49	70	110
45	27	73	135	59
81	49	33	104	138
44	72	81	26	128
28	54	60	46	59
31	43	42	93	87
57	46	29	70	110
53	86	26	82	142
72	56	15	113	67
88	46	27	37	26
65	56	100	107	50
29	79	49	168	12
11	97	71	15	96
93	96	52	27	27
71	28	89	16	64
3	68	76	61	83
79	29	93	115	112
33	80	79	33	147
80	16	52	36	123
82	35	53	110	94
81	79	55	47	56
35	95	78	44	136
65	98	99	71	66
49	71	68	44	129
29	77	80	99	81
50	27	14	111	34
84	6	83	93	124
100	27	100	36	81
46	83	53	104	74
16	24	13	121	59
42	35	7	155	25
6	22	99	76	43
99	72	85	116	64
87	55	40	83	121
2	22	42	162	58
55	4	63	104	102
90	44	17	96	62
78	39	86	25	155
9	24	55	135	95
94	20	75	65	136
26	77	94	132	86
3	6	80	49	65
81	33	40	160	20
80	93	71	109	107
50	30	42	11	140
93	44	4	88	92
42	53	58	95	71
24	54	45	81	99
58	9	64	155	25
61	26	46	80	92
65	15	100	38	142
78	44	85	99	81
82	92	88	68	115
47	7	11	71	45
19	99	21	33	27
25	96	3	15	141
86	87	44	107	33
7	10	9	86	94
33	39	52	89	142
35	67	46	98	82
12	93	13	131	49
79	18	54	99	81
86	80	96	120	138
43	22	25	103	77
52	37	50	30	150
83	22	94	139	41
24	80	95	135	45
47	72	69	77	121
83	96	73	17	98
81	95	18	92	56
55	79	60	61	76
86	68	17	138	123
27	79	68	99	102
1	85	51	48	80
41	27	1	14	166
29	47	10	35	71
49	41	63	63	117
74	26	59	170	66
15	6	84	80	102
13	97	19	131	49
59	2	4	106	129
14	94	75	90	50
74	74	7	100	80
65	69	73	99	81
21	11	20	109	71
71	6	83	67	113
91	28	88	42	118
60	37	49	36	26
32	55	67	118	39
76	35	90	113	123
83	17	56	101	79
51	12	13	160	32
43	5	24	17	43
87	21	24	91	89
60	55	71	31	66
1	18	2	106	110
90	4	94	34	76
85	96	94	124	128
40	31	79	113	67
86	16	19	14	133
10	49	34	14	158
50	97	91	142	105
75	23	69	96	169
31	29	91	65	115
84	90	50	81	73
54	5	31	132	48
89	52	51	40	44
71	34	19	105	127
41	26	68	164	89
18	85	35	104	95
52	39	78	85	127
15	90	20	30	149
86	26	65	162	18
43	73	73	59	121
76	25	35	103	77
53	96	42	152	28
9	96	90	51	129
50	38	40	113	68
27	73	25	84	101
19	85	11	91	12
31	5	73	18	104
36	9	27	51	88
66	26	48	92	23
55	78	99	163	17
80	55	9	70	110
59	34	64	70	130
83	99	54	72	108
20	97	20	45	33
14	50	71	93	71
13	70	78	78	90
17	39	87	60	101
19	78	46	98	82
85	31	69	24	156
3	98	47	12	84
12	60	3	62	152
89	46	53	95	100
41	16	70	109	84
42	9	37	115	65
5	38	49	160	20
62	75	79	60	139
9	5	22	62	118
29	21	53	120	15
18	43	13	147	88
17	10	97	106	74
69	59	12	78	102
54	85	81	14	95
94	85	48	147	109
76	49	17	38	44
29	8	19	94	128
34	36	4	11	145
78	27	16	102	118
48	61	1	94	147
48	86	22	103	106
82	70	28	91	89
32	5	48	159	102
39	29	99	151	109
47	14	35	96	56
91	82	76	66	114
10	37	38	115	51
49	2	80	62	111
88	23	84	68	109
28	96	63	85	95
32	51	98	98	45
70	31	6	74	81
59	12	86	115	65
42	84	75	83	62
15	43	19	92	61
3	23	7	87	30
39	13	52	71	86
56	13	50	112	101
52	3	23	126	73
93	44	78	77	119
88	26	33	100	83
45	43	9	63	35
78	30	13	95	85
42	77	55	93	76
96	2	54	100	149
16	60	4	14	52
35	87	76	11	90
96	6	12	58	108
60	73	77	90	90
62	4	29	39	17
8	73	54	90	65
77	7	91	131	49
53	35	10	23	24
92	97	29	142	38
99	4	66	54	34
3	99	63	121	74
18	70	94	85	46
90	86	75	78	144
14	87	90	47	153
22	39	6	108	14
83	71	6	84	96
13	87	46	95	105
10	31	43	120	92
51	48	19	101	79
52	18	31	94	34
45	30	55	117	63
93	85	21	133	66
80	52	35	130	50
16	56	96	46	14
3	45	70	107	92
95	36	87	16	115
25	37	6	71	85
86	74	65	122	25
80	48	82	27	42
92	9	15	43	28
15	11	79	80	100
9	22	61	102	78
42	60	36	61	96
14	23	17	12	168
1	86	17	105	74
74	25	47	14	168
44	80	61	26	94
35	24	87	102	69
67	86	31	77	103
73	48	8	69	158
39	13	79	54	93
69	51	86	111	69
95	24	48	91	132
92	13	56	89	69
26	69	22	73	107
35	29	64	109	86
25	25	4	140	40
13	9	76	141	131
43	58	35	115	81
70	79	42	129	51
27	96	38	43	97
86	73	38	109	71
37	16	31	122	114
13	30	92	68	143
87	62	50	138	110
68	3	7	120	60
31	68	81	100	80
48	92	77	82	58
92	86	35	27	15
86	84	99	67	113
100	36	47	156	21
87	10	30	113	13
79	82	96	106	88
63	73	88	68	96
52	9	50	71	41
70	20	39	126	102
5	83	26	148	101
43	38	26	67	100
64	62	38	58	146
70	55	35	54	149
77	23	27	77	141
5	58	75	165	15
74	46	65	49	131
55	55	33	117	14
47	71	3	64	72
77	10	38	12	71
37	85	90	113	118
31	41	19	41	105
94	1	70	18	162
33	85	61	93	14
58	92	43	75	142
37	18	32	103	77
38	56	65	71	131
58	13	61	139	80
10	95	40	72	82
72	76	81	117	67
37	8	23	21	97
87	28	96	54	128
98	78	94	115	65
64	33	44	49	119
12	23	62	114	66
56	70	87	59	23
12	67	17	26	144
95	17	21	72	108
7	35	40	162	32
19	96	66	75	105
75	55	29	164	16
68	25	57	101	124
100	16	76	106	31
36	21	44	87	47
62	20	94	51	64
2	18	20	17	99
37	81	96	82	98
76	30	99	125	84
29	74	65	53	156
75	33	72	134	68
42	65	29	58	122
54	93	42	36	115
51	40	88	23	118
11	35	19	157	73
90	40	22	77	120
96	98	10	46	76
56	86	83	128	52
40	81	42	88	40
48	70	82	143	81
1	83	12	155	30
18	55	57	78	165
55	70	42	25	77
67	41	5	56	20
32	37	77	161	24
51	30	2	141	31
70	14	76	108	73
82	13	34	60	51
96	34	31	90	148
63	50	99	121	140
75	76	24	22	68
56	11	100	17	49
34	78	53	97	83
33	74	98	118	93
65	1	86	66	114
9	53	40	169	11
53	33	56	58	86
53	87	86	28	142
54	3	36	163	17
97	2	15	104	76
100	57	39	12	100
24	52	97	66	28
30	91	83	165	68
60	92	42	148	32
54	54	80	94	118
73	58	98	52	36
52	37	13	30	108
16	80	84	79	75
53	60	12	64	16
53	46	8	107	94
44	69	71	87	22
51	5	21	134	125
76	31	57	105	167
22	9	45	49	59
56	64	100	104	76
32	58	76	65	115
67	29	71	45	82
92	88	57	149	71
57	52	38	22	125
80	59	25	116	83
31	17	75	27	18
94	44	63	44	70
6	41	61	151	85
50	45	95	108	72
90	81	9	143	98
88	18	61	130	50
57	69	18	106	38
95	47	24	81	99
9	20	38	111	131
82	29	27	112	20
17	78	26	97	83
3	25	53	64	116
43	74	53	51	129
47	81	16	127	97
58	43	11	93	48
97	96	89	108	70
72	1	71	89	61
100	71	5	132	48
62	44	72	93	73
43	26	78	91	89
68	48	32	59	104
60	40	77	70	155
61	46	77	68	134
12	2	85	81	164
93	25	42	137	43
89	32	66	119	61
77	61	22	141	105
21	16	75	30	82
69	75	81	52	136
50	6	56	112	68
30	3	81	113	99
18	14	51	20	160
62	64	62	39	141
33	43	17	100	80
46	62	54	137	106
13	59	28	45	135
6	94	25	48	132
92	14	93	102	78
53	78	21	79	73
58	41	100	28	10
69	73	95	103	16
18	85	30	20	137
7	26	83	84	96
74	42	88	119	61
48	81	87	88	92
82	72	40	67	113
83	5	20	100	88
87	93	100	49	132
90	30	43	17	73
21	24	8	96	118
10	44	93	78	55
88	60	52	47	87
4	93	22	111	119
70	22	61	89	108
39	47	28	86	94
10	16	14	95	85
83	100	51	88	73
61	58	14	96	21
29	34	61	55	160
31	73	73	135	28
64	30	26	25	46
75	25	7	145	35
11	6	32	72	85
14	71	25	88	92
2	100	89	83	97
23	83	95	74	140
50	96	8	72	37
95	54	36	70	121
23	90	55	112	68
88	77	82	131	114
23	8	57	106	76
34	68	27	51	140
82	15	83	62	35
2	49	68	109	95
11	44	51	41	66
96	24	100	71	109
32	20	34	70	121
99	86	65	63	63
77	53	61	42	158
84	92	41	111	61
88	71	11	113	10
44	47	6	121	135
66	12	85	34	34
8	19	26	87	71
43	52	32	95	83
72	11	77	129	51
4	89	99	122	31
60	75	18	104	164
64	54	71	111	69
41	59	64	76	100
6	54	99	122	58
22	61	89	99	125
99	17	4	67	65
41	26	40	72	68
87	17	47	40	125
54	46	25	34	80
27	6	45	112	23
81	38	31	74	106
82	65	47	129	82
28	100	29	108	118
76	73	81	15	88
83	23	35	91	68
54	91	35	150	36
76	78	74	92	78
1	70	68	56	28
93	81	52	147	145
1	11	6	87	93
98	37	64	141	106
48	16	21	41	65
86	73	60	127	53
21	44	96	94	102
40	44	41	56	92
8	89	24	119	109
65	9	36	50	130
19	22	98	75	23
23	19	7	108	164
50	76	51	130	149
18	42	13	57	86
78	1	1	58	142
84	54	41	71	140
19	18	61	42	138
6	77	59	95	85
57	45	95	71	114
66	99	2	72	108
21	63	39	100	52
19	34	61	117	114
37	25	85	81	97
21	27	10	97	86
16	52	13	51	35
89	93	13	76	75
59	96	33	70	46
68	37	75	81	75
81	18	5	67	60
65	87	46	92	48
10	31	33	34	146
31	44	12	103	60
70	63	13	75	122
76	33	90	15	85
67	90	26	131	49
87	27	43	124	10
66	16	38	18	105
91	11	76	141	30
77	20	45	50	134
76	62	96	133	47
73	98	36	24	47
87	9	79	146	34
4	72	31	113	12
14	75	87	13	148
54	21	27	78	69
51	38	11	91	115
5	23	73	125	46
17	61	44	76	41
95	4	100	88	92
74	25	38	101	47
89	8	30	106	74
8	66	91	119	61
96	31	14	10	78
10	11	29	78	164
4	88	65	129	23
98	59	40	108	73
98	47	73	23	157
87	34	18	48	113
71	75	58	165	15
19	78	62	66	54
45	75	44	90	90
9	7	43	86	130
38	20	47	122	84
25	44	85	98	110
23	36	5	112	68
88	26	60	48	114
30	38	22	59	170
73	2	98	120	60
82	44	87	11	137
63	60	9	111	35
12	37	93	92	88
99	82	46	72	108
38	87	79	44	88
45	33	64	84	160
15	72	13	138	19
94	49	17	24	156
13	76	21	130	50
99	54	98	85	95
44	76	87	159	21
72	52	96	24	39
13	42	5	10	159
6	66	47	148	46
73	35	49	73	107
24	82	51	62	118
91	30	52	45	139
53	28	58	20	160
63	57	47	115	134
66	68	7	97	83
15	25	92	25	80
88	19	97	57	123
30	62	17	129	21
23	77	5	70	63
84	3	36	80	39
14	22	58	115	61
63	84	54	107	73
9	81	13	67	100
14	44	23	15	165
57	10	31	63	113
13	13	21	91	77
64	66	55	58	66
60	7	91	106	67
14	24	93	25	91
51	2	27	80	72
3	98	74	139	108
10	84	39	40	54
46	99	84	127	53
49	9	79	156	45
3	40	86	119	60
46	79	17	95	69
40	86	32	44	136
99	25	84	53	123
85	36	96	125	66
40	57	57	157	23
76	3	66	115	116
19	69	68	15	117
35	27	88	13	167
90	7	53	76	122
4	71	78	99	86
98	64	36	36	44
77	53	99	13	123
61	58	29	45	63
81	21	52	72	147
3	19	32	129	11
61	61	47	60	24
92	39	85	100	91
16	44	89	70	110
26	28	30	63	65
17	46	76	58	26
42	65	15	101	127
68	17	39	30	150
38	57	19	60	120
87	36	28	85	123
9	73	93	106	74
43	62	75	25	126
38	70	64	65	109
62	42	99	61	148
70	99	85	146	118
32	66	64	110	70
55	84	63	75	28
36	54	31	35	139
73	35	27	136	19
92	76	31	49	66
48	11	32	94	86
24	39	78	92	15
77	62	11	128	69
99	75	5	89	86
23	61	93	27	75
81	44	63	104	71
54	17	5	114	70
26	3	37	121	59
92	49	15	65	115
100	65	62	80	146
80	79	34	125	76
20	60	21	67	113
47	71	81	24	146
56	17	73	46	24
76	21	61	42	29
72	77	37	98	22
75	17	69	89	91
22	31	90	87	93
5	9	88	112	68
53	92	16	13	18
33	40	89	86	94
83	86	23	146	34
10	77	55	143	71
45	28	98	164	68
70	45	37	67	84
73	6	39	64	64
35	89	92	45	135
15	81	79	37	26
68	94	41	21	126
26	75	77	127	120
72	17	57	141	89
59	86	6	52	112
86	66	43	24	119
66	91	63	142	93
14	73	17	14	56
81	71	95	109	88
42	81	17	104	99
61	21	33	140	40
89	93	23	112	99
91	88	35	24	72
100	5	46	91	14
45	69	62	72	133
84	86	21	97	59
69	62	38	166	14
72	29	70	117	63
58	25	100	91	89
31	20	45	111	17
65	34	87	80	33
80	3	46	81	99
86	88	10	49	127
74	45	99	73	107
72	4	85	110	49
41	51	43	121	59
39	94	98	69	84
36	8	96	63	24
97	37	27	45	63
26	57	34	54	132
16	36	64	20	160
61	32	93	43	158
61	13	41	159	21
11	93	43	139	111
34	28	50	32	148
41	92	8	94	151
17	42	44	94	66
1	13	83	73	107
93	13	40	97	105
32	5	91	39	13
75	91	72	110	81
73	47	16	75	41
44	81	50	131	49
17	99	12	91	80
30	1	66	41	99
64	38	72	142	38
31	60	86	77	133
5	63	84	77	107
29	52	51	44	87
5	37	57	119	129
16	34	21	139	41
77	8	61	100	74
58	31	79	94	73
80	44	1	32	20
28	93	19	76	91
3	98	9	34	14
57	4	100	70	118
68	30	8	21	50
34	74	32	93	87
9	42	55	141	39
95	78	59	144	46
45	63	75	72	96
8	77	8	93	167
56	86	1	130	50
48	5	24	93	87
4	10	40	95	16
42	54	30	95	54
62	78	16	98	135
13	98	39	91	152
7	51	15	32	65
3	4	22	139	112
40	15	78	122	79
18	78	83	95	85
98	83	2	10	108
100	74	23	48	147
41	20	5	105	154
76	63	71	27	153
75	65	75	84	96
43	43	76	76	104
65	45	80	38	93
60	82	23	132	24
76	57	67	78	107
85	61	63	145	83
85	84	77	107	168
5	26	7	14	166
19	57	93	141	103
99	24	30	144	87
80	75	6	123	57
13	86	72	12	168
93	51	45	82	98
21	27	14	124	88
59	51	38	62	25
58	43	25	94	125
65	26	50	43	137
48	92	47	94	65
99	92	30	128	32
2	74	52	125	55
33	71	10	121	72
4	92	79	112	138
74	68	48	55	10
62	36	98	154	26
88	22	9	159	21
31	33	18	68	112
87	40	87	51	144
51	38	47	86	94
26	61	49	96	84
96	85	76	135	74
29	76	77	47	132
94	15	53	112	110
17	1	50	163	65
30	76	70	43	137
13	13	26	73	78
4	28	54	95	93
91	22	31	122	58
11	84	48	128	52
76	43	96	29	49
32	13	69	88	121
97	46	33	68	112
38	62	34	38	38
57	62	34	66	118
7	32	13	120	78
9	81	16	120	118
55	4	85	67	113
29	81	37	73	107
54	29	9	58	122
48	63	56	63	121
24	90	41	67	113
22	53	68	21	159
49	58	76	53	105
77	32	23	46	104
25	12	3	130	50
84	63	71	16	85
60	99	27	53	160
46	47	29	10	140
74	85	65	145	35
94	9	79	48	91
17	3	5	99	81
2	42	96	15	143
76	47	22	142	73
7	57	60	74	65
83	97	9	21	45
20	41	17	129	131
68	62	2	114	74
77	10	11	58	122
15	65	8	49	160
9	97	98	72	62
11	100	8	14	83
42	77	98	163	108
20	60	57	50	101
98	10	54	82	84
73	20	71	95	102
24	91	45	72	109
97	21	47	63	117
74	50	63	56	78
87	2	67	163	17
99	2	46	60	47
26	12	80	119	37
36	72	84	57	130
5	89	60	75	82
23	33	80	11	169
54	67	91	97	128
74	41	38	110	70
50	49	95	140	40
94	55	69	26	156
100	74	35	84	138
23	82	15	84	79
84	76	22	132	48
94	51	15	33	143
76	37	96	115	40
6	39	95	157	23
14	46	2	121	59
12	60	82	26	70
25	85	9	21	103
63	70	53	138	77
30	10	37	81	90
15	83	26	144	36
56	56	52	86	17
65	18	17	47	163
46	96	21	99	81
13	45	94	108	62
55	68	81	31	124
61	13	47	18	162
27	18	35	53	91
3	62	96	53	72
5	42	79	18	74
92	30	10	132	54
81	32	65	77	103
74	6	27	12	148
12	81	6	90	51
21	96	83	45	24
58	27	68	92	114
63	29	73	110	36
72	19	64	93	35
17	100	92	158	105
39	67	52	63	124
87	66	35	115	65
93	58	47	47	133
57	74	22	114	156
10	48	27	121	59
35	87	82	11	84
78	38	44	105	49
13	96	8	135	33
39	1	4	146	18
49	27	88	138	111
68	11	39	38	101
13	3	66	13	121
51	57	33	94	37
46	20	28	57	95
83	79	81	91	89
58	78	93	77	103
50	43	64	109	55
93	44	65	88	103
67	38	80	150	17
85	90	92	113	67
37	43	92	52	42
9	96	64	34	88
22	24	10	117	63
63	90	59	29	151
43	89	16	131	84
41	21	61	128	52
29	58	2	132	48
49	5	13	45	157
4	72	7	145	75
46	76	36	34	28
86	6	17	27	21
68	50	66	50	146
5	15	22	148	124
72	73	75	35	145
87	62	68	93	87
37	80	91	49	88
57	100	21	16	92
80	97	77	81	10
71	50	72	91	114
16	52	64	113	92
97	72	38	46	141
58	30	54	81	97
60	83	19	18	129
74	69	18	34	92
63	92	3	137	20
87	45	45	99	44
21	43	39	82	149
92	50	43	116	55
36	84	2	39	25
36	7	100	117	86
