72	46	20	50	53	6
31	6	31	88	55	94
89	67	2	33	16	61
91	21	50	50	71	10
88	63	17	17	29	13
39	100	44	26	16	59
32	31	20	85	26	32
83	68	13	40	59	87
92	96	29	98	35	86
96	51	92	85	74	44
83	10	100	74	71	83
65	8	53	3	17	9
33	8	47	44	33	53
52	74	91	11	63	9
34	23	53	62	75	16
71	74	23	33	13	55
76	24	99	13	95	22
46	66	65	72	67	95
16	24	14	98	92	37
92	14	56	17	22	58
7	22	27	2	66	85
91	62	2	66	3	39
71	49	37	21	4	24
100	97	74	19	61	29
55	53	77	65	24	64
25	60	89	66	8	94
99	83	24	95	88	80
83	31	43	21	76	14
42	4	73	65	13	51
22	97	47	93	97	86
70	34	19	36	84	20
5	78	10	99	68	5
18	38	32	38	90	59
47	17	73	89	93	82
84	79	51	50	20	30
16	71	68	100	2	81
31	17	2	54	97	94
76	77	45	21	85	1
66	53	59	29	66	15
52	19	35	18	79	67
65	69	69	41	49	68
56	75	18	11	85	47
61	50	59	57	74	63
37	66	86	63	96	19
32	73	47	86	48	77
81	55	59	32	99	30
1	88	70	70	84	60
88	58	65	89	86	64
79	23	12	32	24	29
43	3	51	56	82	36
2	68	80	46	10	75
41	58	9	75	10	75
7	27	37	85	18	37
60	43	13	32	90	86
87	22	5	9	51	89
81	45	55	46	30	44
94	23	16	26	12	49
63	77	3	50	53	84
89	46	10	68	30	99
58	73	73	12	16	87
94	29	74	70	79	34
64	52	75	25	7	53
56	68	43	30	25	74
28	81	47	65	44	1
99	55	2	31	22	80
49	79	38	7	29	48
10	26	4	32	2	6
80	45	25	80	31	33
27	25	9	52	66	60
8	74	20	45	40	61
54	19	37	39	73	77
77	44	46	55	28	17
1	74	24	55	80	1
57	11	75	29	85	86
28	54	42	55	95	15
63	37	16	69	2	48
49	58	47	95	47	8
76	89	74	66	80	91
73	40	38	32	98	22
39	54	39	23	77	6
32	34	69	92	92	57
26	15	71	57	30	42
54	93	24	56	68	52
14	13	49	21	63	61
17	83	11	96	37	3
74	94	44	93	99	65
97	43	5	39	47	36
50	64	80	32	73	14
69	44	6	37	41	71
26	5	88	44	46	69
88	30	91	86	58	29
33	87	99	66	72	92
17	4	92	10	79	74
24	81	52	40	24	88
94	61	18	72	20	41
56	26	21	84	7	42
14	60	42	79	58	2
11	32	33	47	3	48
28	74	39	5	43	7
10	86	11	20	16	63
92	25	38	52	96	66
65	45	47	95	32	96
74	30	21	57	34	66
84	95	2	94	38	87
63	45	46	58	36	16
60	49	40	3	100	57
72	52	69	87	60	55
44	73	58	42	93	4
76	9	37	41	21	53
27	94	24	22	54	60
9	13	4	3	74	59
7	50	61	40	6	8
14	24	97	49	41	13
74	48	29	88	1	41
32	80	11	34	51	67
20	98	47	92	35	23
21	35	24	99	88	52
55	13	74	64	50	79
64	38	51	86	34	97
87	18	75	4	24	67
33	75	67	37	3	53
27	77	38	11	9	71
92	98	52	53	59	9
54	22	61	30	86	70
12	70	33	33	48	22
77	12	37	87	72	27
92	29	40	77	51	77
36	47	35	8	55	31
52	73	14	22	84	32
86	20	5	33	28	60
19	74	33	15	39	43
5	99	32	76	93	31
18	50	60	32	76	99
55	46	48	44	78	73
20	58	68	94	85	93
25	41	55	27	83	35
1	92	12	5	77	42
50	24	14	19	40	13
2	50	18	91	13	27
25	96	83	48	79	64
50	75	90	34	64	18
47	17	78	62	74	2
20	75	15	9	50	79
66	11	24	68	88	27
74	51	4	27	81	2
54	45	78	34	70	58
62	80	98	22	84	2
89	93	63	94	55	50
85	15	55	88	20	22
48	98	19	52	37	92
93	5	95	37	18	16
78	64	96	87	29	16
66	46	25	91	100	65
63	50	32	97	42	35
2	37	80	63	87	5
88	63	30	56	72	100
98	11	10	33	74	36
26	52	89	63	9	51
17	91	36	23	93	79
48	79	48	53	49	52
10	98	16	18	24	59
91	93	17	89	5	26
27	7	61	91	28	53
23	11	38	59	28	41
32	56	6	75	56	71
78	97	28	62	1	90
60	29	11	95	40	77
93	19	80	39	52	4
5	59	25	13	55	87
84	52	96	35	19	7
44	98	63	57	66	70
54	37	58	24	25	57
9	70	8	50	67	52
12	96	46	51	45	86
30	72	19	27	43	48
25	64	19	15	21	31
34	2	32	55	42	4
41	5	94	87	17	57
95	2	1	18	67	7
21	100	27	40	67	25
77	49	37	85	17	6
64	14	56	71	92	46
62	40	35	73	48	94
42	53	44	88	19	98
27	43	97	48	61	71
95	90	22	23	30	70
84	47	26	19	38	75
66	4	68	4	16	47
100	81	6	41	98	34
89	58	42	35	90	2
30	63	55	74	32	64
65	56	53	91	29	67
68	64	36	19	81	33
62	93	73	34	22	37
66	38	88	4	90	100
90	21	52	58	22	25
79	74	72	78	63	63
22	56	49	17	54	60
97	61	95	83	55	77
35	13	55	67	17	14
45	28	99	42	56	54
66	32	55	18	22	53
15	87	45	18	41	85
49	19	80	86	84	98
76	89	52	81	57	80
35	15	96	65	72	6
29	70	13	83	55	28
89	91	36	99	69	88
10	68	72	59	79	11
82	15	78	36	24	75
13	99	93	62	89	70
14	25	53	51	56	39
55	58	46	91	53	96
12	47	48	15	46	90
28	78	2	98	3	94
32	96	20	92	3	1
84	52	18	51	37	9
63	91	32	90	55	25
99	2	15	56	92	13
60	55	97	81	10	26
83	27	34	21	35	76
12	32	64	52	60	79
18	22	88	90	77	50
34	53	2	42	7	90
5	80	41	59	49	83
45	71	2	61	52	67
67	6	57	90	89	1
43	52	62	91	44	75
82	91	72	68	25	66
80	35	22	54	89	60
16	79	82	22	18	88
43	23	82	71	63	96
55	17	14	50	17	50
51	51	1	27	87	32
13	1	83	96	41	99
76	2	60	14	18	74
32	90	18	95	27	45
40	85	34	78	55	6
77	86	72	66	9	52
31	76	21	94	15	94
96	53	41	40	88	70
13	73	63	1	60	77
33	1	41	51	50	52
37	79	93	48	65	59
88	20	23	93	9	1
78	61	89	22	88	65
23	68	46	60	81	36
44	60	24	85	71	18
42	95	33	1	100	42
81	61	15	65	86	57
12	11	42	26	67	77
33	26	56	83	60	67
39	30	40	77	62	20
23	24	68	66	56	94
31	90	51	71	42	30
76	40	63	94	61	27
8	72	93	33	41	28
43	16	99	12	71	33
91	40	79	61	89	100
40	37	22	18	2	100
77	29	9	37	61	11
26	34	71	13	37	90
83	1	32	18	27	8
75	54	58	1	84	37
17	71	88	45	65	82
95	27	48	48	44	61
38	90	3	73	33	55
78	43	67	47	64	25
92	76	88	34	72	8
38	33	26	50	83	21
73	3	67	49	62	43
17	71	47	63	50	37
75	22	99	95	63	81
26	4	24	57	72	91
63	17	3	47	12	79
86	93	97	77	31	42
24	7	47	76	71	29
11	100	43	50	70	12
90	66	29	63	17	31
26	64	56	8	53	39
39	29	53	50	85	67
14	8	77	47	99	97
71	1	72	27	16	8
44	90	45	44	52	22
6	52	88	77	29	84
18	95	91	16	54	68
25	54	25	53	25	66
52	47	51	57	54	59
15	77	46	71	9	31
22	35	13	21	2	52
89	6	53	3	55	60
81	59	74	74	86	93
93	90	54	35	93	96
92	26	97	99	9	64
94	14	73	14	48	22
55	41	82	5	54	62
97	79	70	71	85	88
65	14	67	9	28	88
81	51	45	43	26	54
99	36	10	30	78	62
2	72	51	59	56	43
36	52	94	42	39	93
56	73	99	61	36	19
82	6	47	13	46	99
97	56	97	79	47	33
85	4	2	81	43	29
7	16	1	19	23	95
3	60	17	84	73	16
87	22	49	47	80	15
20	32	46	72	17	48
59	91	66	67	73	96
97	59	23	9	46	70
79	100	24	23	88	43
47	46	56	34	24	4
86	48	13	17	97	44
50	6	23	72	16	73
82	36	9	53	43	91
87	5	29	77	78	2
13	35	1	89	42	74
45	31	66	42	46	75
39	66	64	48	26	98
66	26	96	94	5	83
87	43	91	66	58	35
16	6	83	64	77	2
60	100	31	82	40	44
96	77	31	26	91	100
79	99	30	25	98	29
64	21	33	32	89	59
48	40	21	88	62	4
86	54	39	89	65	32
56	73	93	7	2	17
39	16	8	1	45	81
50	44	86	12	70	8
15	100	75	56	52	95
41	70	9	10	54	30
71	58	23	49	62	49
2	9	7	35	16	10
69	65	58	68	48	5
94	79	71	7	65	67
17	69	79	42	11	100
23	82	92	98	57	57
70	21	94	78	36	47
18	89	68	4	3	36
63	37	26	91	94	75
2	70	87	16	34	80
82	10	75	82	40	47
68	81	2	29	75	45
75	96	78	90	19	38
27	2	77	11	8	17
11	28	49	99	70	84
41	45	99	99	10	63
59	37	54	64	8	73
34	68	48	2	33	11
52	1	30	95	40	5
28	38	66	83	20	98
60	2	63	42	10	99
7	42	42	82	44	93
90	19	8	93	35	87
37	28	44	17	5	33
75	3	54	86	18	82
55	88	89	49	15	34
83	52	22	83	63	79
62	84	82	5	54	58
5	37	20	6	51	67
69	94	43	27	52	83
28	65	76	18	2	50
66	6	11	99	23	3
16	8	65	85	47	81
20	22	37	19	49	69
32	17	33	69	99	84
94	65	52	27	42	44
76	31	64	31	25	86
49	64	26	9	7	98
62	39	52	71	65	31
45	30	60	10	23	72
84	21	30	19	23	32
50	43	33	34	30	87
72	69	49	20	83	70
87	6	40	7	98	17
79	34	32	7	28	36
34	18	16	85	10	9
99	9	68	42	62	31
1	60	66	51	71	4
20	9	95	36	98	49
75	81	43	91	16	77
100	66	10	92	63	70
83	27	14	93	87	9
35	85	70	72	91	18
97	52	65	58	49	53
95	98	29	67	23	34
74	49	19	77	10	36
76	45	39	40	8	95
29	48	10	26	74	82
66	13	3	54	70	52
65	90	91	74	74	84
61	54	80	53	87	45
7	97	17	68	63	97
74	95	53	99	91	27
23	67	96	22	77	94
3	30	91	24	42	48
43	20	61	37	78	92
84	20	9	25	85	90
35	66	77	75	30	9
100	9	97	84	5	67
75	50	55	91	92	25
13	75	44	43	47	54
66	79	93	89	40	5
21	2	18	96	48	54
49	48	18	8	94	16
3	68	57	66	52	65
14	12	80	50	14	83
95	39	57	70	66	65
44	10	22	85	21	65
78	13	68	19	59	58
70	30	39	21	79	61
88	28	60	63	91	11
40	62	69	84	36	55
5	66	21	74	62	32
99	2	52	79	58	91
74	81	74	98	85	46
20	72	55	32	10	6
31	27	8	19	57	84
99	27	64	70	31	24
2	37	79	47	39	74
85	28	23	27	34	90
50	41	90	40	63	95
10	43	24	88	34	68
17	18	19	54	85	3
72	98	50	27	49	23
55	60	88	15	45	63
42	34	15	65	53	15
53	27	70	28	33	49
26	92	4	89	54	55
73	71	71	89	61	26
13	100	34	18	12	26
33	55	10	84	94	89
25	8	22	30	59	11
40	80	43	61	91	36
70	44	17	54	23	29
90	98	15	84	94	28
17	20	31	55	26	73
40	5	65	56	13	36
49	85	56	8	63	99
18	29	84	59	76	40
55	27	28	32	74	74
18	29	53	87	57	28
93	88	67	20	92	22
80	60	4	72	76	99
22	8	72	69	61	23
75	58	26	52	94	57
39	46	98	94	5	73
61	32	35	75	83	30
18	57	10	52	50	80
92	68	35	36	25	28
73	63	10	53	88	17
47	33	40	46	97	4
47	13	79	70	56	65
32	91	20	65	36	48
65	18	80	97	62	37
70	3	68	7	28	50
87	85	44	100	52	36
58	83	49	62	67	89
30	1	64	50	86	34
3	61	1	11	30	64
26	19	6	51	67	2
46	99	36	86	86	59
57	26	16	99	30	14
78	51	82	69	98	100
35	42	51	53	8	54
53	72	34	3	6	79
95	36	20	28	51	57
76	31	91	60	47	65
40	43	25	4	55	66
9	81	13	11	81	38
81	4	84	30	34	53
13	46	75	80	42	88
38	20	33	30	25	67
98	60	30	99	58	51
46	59	4	8	76	13
67	36	81	51	57	77
79	16	75	11	4	95
83	38	93	8	79	98
94	38	82	7	34	53
62	82	57	81	7	36
85	65	24	23	66	23
96	22	5	26	16	37
9	8	53	30	63	9
73	54	27	98	43	16
98	50	93	88	14	89
5	93	10	47	19	93
91	13	15	80	31	63
68	42	85	35	100	65
10	88	12	71	80	49
2	88	31	80	45	91
25	92	95	25	70	5
70	72	91	31	25	87
6	44	17	71	10	39
93	78	73	45	48	47
44	4	37	20	9	31
71	80	16	59	19	53
4	58	28	27	90	26
6	24	86	42	57	14
96	53	39	71	98	38
49	76	65	17	11	22
77	58	14	57	62	2
71	99	38	61	69	50
87	26	52	35	17	62
30	85	5	98	36	1
37	21	84	82	95	72
37	18	44	25	2	47
15	16	74	16	89	14
25	33	60	84	10	53
34	55	10	35	22	91
30	20	81	13	83	35
3	20	74	19	76	72
28	43	63	44	41	48
7	60	25	7	73	69
72	15	61	7	66	23
96	97	51	23	64	37
66	17	38	27	75	3
43	39	3	44	86	59
18	63	14	94	61	57
94	77	62	72	96	80
67	96	85	45	37	68
86	39	6	69	12	43
14	83	74	94	48	42
73	48	52	11	77	86
15	72	28	47	98	42
6	44	95	23	66	49
65	90	85	80	40	46
66	32	94	7	78	11
22	31	97	28	4	1
13	56	2	33	5	73
85	93	90	5	67	36
9	19	42	21	73	96
92	25	63	11	20	16
40	87	15	56	2	53
96	62	55	71	84	61
63	82	65	80	77	58
22	90	79	95	94	96
49	28	23	68	76	64
97	69	62	14	40	55
24	70	61	40	63	36
42	67	72	29	94	44
29	61	8	75	9	39
92	1	31	29	94	8
8	50	28	26	90	59
35	99	87	51	100	75
98	61	19	41	82	34
80	65	16	87	68	70
89	48	15	20	92	59
23	57	4	60	28	86
62	35	56	33	63	9
73	45	25	3	1	15
29	2	74	19	35	91
40	25	48	32	2	28
58	74	35	44	68	99
4	38	52	18	9	9
10	34	38	31	60	1
40	75	76	87	35	33
13	82	27	81	86	27
22	64	16	29	60	43
53	86	43	78	97	64
17	77	68	88	34	20
85	6	85	6	86	58
90	3	58	5	16	7
74	54	89	69	93	28
15	68	56	94	72	73
83	35	37	28	45	70
40	15	75	80	1	98
59	96	100	2	87	90
83	48	18	55	50	46
13	91	92	3	16	61
23	95	26	89	59	65
54	56	74	89	13	58
99	46	39	65	84	31
59	34	13	3	88	72
20	39	25	45	3	86
35	32	68	14	59	37
43	26	47	23	90	17
96	10	67	33	19	84
16	86	97	4	96	46
12	66	78	64	66	17
25	11	87	5	22	56
78	19	23	60	79	26
37	40	17	36	52	33
91	47	64	38	40	96
74	52	20	69	82	73
2	23	47	69	33	70
29	89	83	90	82	16
41	99	57	3	2	68
14	24	47	81	37	32
14	26	31	43	5	28
19	81	8	17	72	6
11	11	48	85	82	89
12	68	62	9	59	60
28	86	82	43	56	1
65	19	1	52	28	31
51	65	24	92	71	27
7	29	31	82	1	57
65	32	69	7	47	7
89	93	57	94	27	75
39	36	34	69	58	42
14	31	86	16	48	44
32	22	40	44	20	44
33	92	96	83	52	48
17	54	80	56	80	38
55	39	96	87	2	49
72	72	38	40	62	36
11	12	53	76	85	48
17	20	94	13	36	55
72	46	2	39	74	33
66	17	56	89	1	100
94	65	19	63	32	29
31	1	18	2	90	55
100	91	14	26	76	44
50	48	81	89	31	71
4	19	33	48	97	74
90	90	29	98	42	12
83	84	64	37	54	24
61	70	98	39	3	54
36	49	17	9	16	8
75	62	75	67	71	5
9	17	16	27	74	53
10	71	29	59	49	3
16	31	46	13	86	51
81	100	89	30	27	83
45	54	52	73	12	22
90	32	6	58	26	10
30	71	54	77	8	40
86	68	91	98	6	5
96	63	54	4	23	63
62	61	55	38	57	81
6	40	5	66	20	92
48	9	37	42	43	69
54	11	77	79	96	57
87	65	44	95	52	7
36	42	9	6	66	32
44	81	4	50	91	73
59	50	34	20	21	5
77	82	88	77	87	11
30	41	81	50	83	77
38	92	58	57	46	18
23	5	7	16	15	39
67	36	49	48	4	93
15	32	11	97	37	26
78	82	97	44	16	52
13	27	84	50	41	62
29	65	52	56	47	38
77	1	60	75	94	1
81	68	36	90	34	18
29	69	12	77	78	87
50	30	50	71	4	90
61	33	63	58	25	45
45	54	90	39	61	54
33	57	10	76	51	11
2	41	71	38	52	84
30	44	92	79	56	11
84	82	54	18	66	72
16	85	32	52	87	14
53	73	36	61	56	8
1	78	3	58	21	49
25	22	58	22	45	19
87	14	62	42	30	5
95	36	83	24	57	83
21	38	66	85	81	92
77	88	58	24	71	36
86	53	54	10	41	57
73	38	1	75	15	63
42	61	40	70	44	23
75	4	86	25	15	58
29	68	54	44	84	21
39	73	30	64	71	99
29	72	89	88	33	36
5	69	25	66	91	97
7	50	61	61	44	54
80	4	71	4	8	69
54	79	99	71	32	20
7	14	88	63	60	46
16	92	51	9	34	62
19	78	18	21	81	35
20	15	85	95	8	50
38	98	98	43	40	54
96	66	72	54	76	59
58	62	34	69	91	20
47	84	24	40	81	57
92	35	53	62	98	28
99	50	51	53	61	21
28	42	12	17	20	85
12	73	83	89	48	80
80	2	46	74	48	26
75	55	83	37	8	9
75	83	62	3	83	91
44	44	4	38	72	97
99	60	44	73	95	59
19	34	93	60	33	18
100	19	67	58	1	35
90	22	15	53	1	70
49	16	22	13	27	96
57	42	64	9	50	55
20	31	17	10	31	44
97	33	23	39	37	57
89	28	17	91	11	68
69	44	10	63	71	48
14	21	7	95	5	25
14	58	91	87	7	39
90	97	11	19	79	41
33	57	19	87	8	62
62	10	57	58	11	26
40	98	44	13	51	37
84	51	50	98	67	34
54	94	24	7	100	1
66	21	52	87	93	37
92	51	22	67	60	81
42	33	87	73	64	34
2	71	23	48	17	80
68	7	30	29	97	34
89	85	42	99	74	10
84	51	22	81	24	53
63	35	9	8	96	2
11	30	70	66	31	44
86	80	62	30	84	9
20	88	34	61	62	48
59	89	79	30	80	16
13	13	69	42	65	35
70	44	92	1	80	99
27	22	70	56	97	63
40	79	93	19	2	2
22	7	83	86	53	62
65	61	45	19	18	85
53	47	51	71	98	58
26	86	48	9	69	35
100	82	100	59	81	79
80	43	23	77	6	75
79	81	80	27	79	30
87	51	65	75	54	21
15	65	42	99	59	88
98	55	39	14	99	77
51	84	22	58	87	56
79	81	23	52	35	17
14	17	99	91	53	63
1	36	30	45	15	72
67	78	46	54	39	39
14	80	6	66	12	47
2	69	77	25	38	35
39	71	61	86	76	14
80	95	64	59	41	44
11	44	80	1	90	45
10	20	44	81	48	42
84	1	69	25	3	37
35	27	46	48	98	64
27	96	53	62	46	68
66	80	72	2	37	88
95	75	34	93	16	1
73	39	11	76	47	62
4	63	1	33	59	62
13	77	95	84	50	37
75	41	60	43	21	7
66	79	31	68	37	24
70	59	97	5	5	38
92	97	38	46	97	85
84	70	99	6	61	48
37	84	8	10	80	99
83	45	4	66	73	81
77	73	93	12	74	25
78	34	16	16	28	20
85	89	82	94	34	84
14	73	76	97	97	67
43	73	68	10	100	52
77	65	95	1	73	63
85	4	74	62	87	79
30	70	74	22	15	76
25	6	15	73	50	30
100	12	69	61	4	74
33	75	63	20	25	71
73	10	88	48	97	74
61	12	22	76	95	24
51	98	14	77	76	47
4	53	29	1	2	100
33	94	7	42	33	64
97	64	59	13	26	42
49	5	20	75	87	84
6	1	91	1	34	32
95	86	11	19	40	54
93	11	63	90	9	49
76	38	35	35	17	36
1	54	41	51	19	60
46	8	70	100	17	68
5	22	96	38	63	93
58	83	34	72	26	76
32	5	95	37	30	48
22	86	93	59	66	29
93	97	13	29	66	96
47	89	93	43	18	76
98	80	27	93	84	64
9	59	100	59	50	75
4	47	56	86	100	88
27	80	49	67	85	77
89	35	73	21	49	83
17	17	79	79	32	37
54	7	31	7	84	59
7	97	80	26	35	34
34	76	16	28	39	82
26	98	66	44	19	72
5	69	73	86	15	42
86	99	64	12	80	81
74	21	83	19	97	76
42	76	55	43	6	48
97	72	47	31	7	66
60	41	93	10	18	27
95	98	70	64	53	14
55	35	17	89	76	29
5	56	80	31	22	14
10	49	31	17	41	48
56	7	29	44	31	3
38	54	51	95	54	40
59	74	70	93	66	74
32	31	75	46	85	12
78	78	28	58	59	22
29	17	73	78	21	93
75	48	88	82	92	1
68	95	10	15	2	29
93	81	76	36	93	92
45	19	70	3	34	91
8	6	62	87	55	47
23	69	47	45	19	60
45	88	85	20	57	91
39	72	72	76	3	34
98	89	32	6	76	23
35	4	100	75	6	54
41	54	79	75	91	12
24	1	31	94	83	94
18	33	38	88	48	79
10	65	65	68	80	20
65	32	28	51	33	80
42	5	84	43	86	58
67	47	21	70	4	97
61	86	28	90	87	60
44	57	68	59	22	93
15	84	79	35	18	47
25	53	32	86	35	48
94	30	34	47	46	19
69	81	95	38	55	1
78	27	54	49	43	65
31	71	91	76	94	89
57	74	82	70	28	13
53	26	100	97	73	98
95	55	24	51	67	51
57	15	30	79	56	59
95	92	98	47	4	1
9	71	8	86	82	30
66	71	98	68	5	55
68	29	69	76	38	82
62	90	61	1	5	84
71	90	82	50	16	40
24	41	31	65	9	11
92	62	37	95	67	84
89	18	68	38	64	92
79	47	25	61	69	80
16	69	55	82	98	96
8	46	70	4	6	44
95	68	19	83	61	88
32	85	16	57	97	17
46	62	71	58	66	99
20	79	91	31	78	49
84	54	82	7	75	32
10	9	21	9	88	78
11	65	94	68	19	72
19	30	92	12	72	38
29	3	41	39	25	49
30	45	39	91	69	67
85	22	63	87	57	15
22	2	84	69	76	70
66	5	15	77	59	58
82	27	78	37	63	83
90	59	95	37	93	33
46	52	90	23	89	23
32	53	91	59	98	92
69	44	77	36	3	56
63	92	21	28	55	15
43	9	88	46	26	73
97	72	78	64	79	83
75	10	30	85	38	99
73	66	75	47	5	62
63	14	60	23	79	86
39	69	36	30	51	85
40	10	49	90	87	83
81	80	24	95	37	81
94	67	96	35	60	59
24	53	23	4	7	45
26	64	56	6	44	55
64	39	22	50	75	34
74	45	23	2	2	28
67	71	3	40	57	15
22	96	83	23	57	85
40	4	97	79	75	94
99	30	59	93	2	30
97	41	35	88	29	100
5	73	24	60	58	69
94	17	91	92	77	29
84	16	23	28	69	98
99	41	83	63	57	1
84	61	55	39	63	84
47	62	58	63	34	42
14	39	27	3	73	63
91	91	93	20	29	35
96	23	19	76	45	35
1	1	98	59	76	5
20	13	31	89	11	88
11	74	20	5	26	72
1	96	6	40	99	55
24	10	7	78	30	35
63	71	6	79	67	67
29	99	95	91	56	70
75	65	55	94	52	70
38	88	11	82	2	70
73	92	1	94	55	80
56	17	37	71	72	73
56	67	77	62	42	21
86	42	34	9	89	9
39	4	69	32	56	81
53	91	100	18	92	99
98	16	47	16	72	75
46	53	11	79	40	69
72	67	28	86	13	27
91	4	8	27	44	18
42	55	91	31	11	82
30	44	89	44	83	81
84	38	58	69	68	37
86	54	8	20	89	45
99	22	18	14	89	68
74	5	4	81	88	19
88	91	15	66	9	1
81	96	34	5	28	75
80	11	11	79	39	23
93	76	93	7	88	70
5	24	16	88	29	28
19	56	96	28	62	37
93	80	70	85	83	80
27	92	32	94	54	42
16	98	49	59	95	39
21	40	6	76	65	62
95	72	53	93	29	97
77	96	82	1	24	81
11	62	40	56	100	77
7	16	51	47	78	11
91	90	92	37	1	61
89	35	64	45	12	19
78	69	41	19	52	47
9	11	49	87	14	31
74	31	92	12	2	96
91	34	47	55	76	66
36	5	71	92	67	55
80	65	74	17	70	1
54	12	94	100	84	89
5	97	40	58	79	67
40	29	53	69	13	94
98	2	85	46	98	60
96	35	61	12	98	1
63	28	28	39	81	58
91	78	43	68	17	69
31	96	74	62	75	16
48	36	37	5	35	7
19	20	16	77	4	66
33	33	9	22	68	38
86	73	58	15	38	32
22	65	18	23	89	80
40	53	37	2	19	20
46	68	92	8	24	12
5	61	32	81	49	80
69	96	38	2	46	62
16	65	49	98	9	43
8	94	45	4	48	77
20	73	76	43	58	64
33	38	44	81	6	59
62	98	7	85	64	60
30	12	51	56	35	67
62	52	72	3	30	5
32	95	22	22	31	34
71	41	87	62	85	25
79	82	17	53	24	76
77	59	51	83	51	23
48	87	53	6	36	85
86	41	66	63	11	39
47	76	13	93	3	36
58	69	29	40	97	4
16	64	48	95	71	21
16	54	8	40	92	25
9	91	56	86	36	26
76	96	95	35	71	64
36	83	95	54	83	28
77	89	38	65	79	81
15	64	16	51	65	53
94	31	69	47	7	19
56	7	54	62	4	99
46	54	51	31	42	32
59	6	11	39	82	29
18	37	15	13	69	33
12	23	24	75	33	31
84	78	65	28	61	100
79	67	83	76	70	73
91	88	7	88	4	22
98	48	47	24	44	32
22	69	82	41	17	87
32	9	28	26	56	43
57	93	14	23	22	47
60	98	67	2	13	19
41	62	90	78	22	7
3	69	50	33	98	59
18	99	87	61	31	7
69	84	79	96	67	7
85	49	23	72	30	85
65	75	94	54	80	26
17	55	93	93	88	28
20	19	89	90	52	29
31	4	41	59	76	29
90	60	37	81	93	8
11	15	27	81	97	3
31	69	25	47	39	98
58	26	70	9	19	58
4	28	61	90	71	13
7	43	4	95	3	42
61	78	41	35	98	19
60	69	36	22	3	46
71	11	7	23	80	40
91	4	41	58	69	95
58	87	74	11	62	89
11	75	93	94	66	48
21	49	2	98	10	52
27	93	65	47	86	88
95	13	81	26	97	59
36	83	53	47	4	25
97	92	83	23	62	82
46	85	96	21	59	73
29	26	13	11	18	78
32	72	82	31	92	1
94	12	85	11	36	85
52	76	80	70	42	53
95	16	57	44	33	84
91	86	38	49	99	83
31	45	51	68	94	84
14	8	65	44	76	38
22	62	81	96	19	31
25	80	28	63	77	31
20	8	28	10	72	23
79	88	17	70	29	15
28	48	84	31	30	24
69	16	1	37	13	72
92	91	82	75	92	100
59	28	19	96	7	65
86	64	15	9	14	64
39	22	71	68	18	50
27	98	88	76	88	100
17	30	89	70	90	42
71	40	61	34	45	67
98	34	50	23	38	78
62	48	98	72	49	46
66	90	85	43	15	62
47	97	6	5	17	57
18	22	32	87	13	87
11	73	45	44	23	36
6	95	35	69	97	61
75	38	70	97	90	32
25	25	66	99	14	45
95	25	95	72	53	34
63	22	30	66	32	16
94	10	25	82	2	90
14	78	1	53	74	22
91	67	17	66	64	5
43	66	68	43	39	2
50	6	99	9	56	7
78	16	32	89	13	39
48	11	59	80	1	9
12	10	39	91	1	13
51	69	27	73	80	40
52	34	24	42	35	66
39	24	87	76	59	27
84	61	45	4	99	79
9	27	78	55	40	29
4	39	2	65	15	38
73	3	39	93	46	41
10	45	29	52	96	44
50	97	81	79	47	62
99	53	6	96	44	38
21	25	29	99	24	27
73	91	85	98	29	4
100	36	1	37	10	42
47	82	9	29	3	55
63	27	10	56	3	43
88	85	23	35	39	46
88	92	96	40	39	22
61	51	37	83	41	27
60	77	96	74	63	20
52	22	11	85	74	79
15	76	55	56	10	26
68	42	34	90	11	74
19	10	89	47	37	81
76	46	92	53	2	58
28	27	38	43	61	39
23	90	3	14	23	32
41	23	51	87	83	88
75	54	47	58	22	53
56	39	5	66	8	88
17	21	52	95	14	35
80	40	2	95	31	30
95	47	34	34	6	3
10	20	5	64	92	50
77	92	9	17	6	89
37	29	40	20	20	72
55	34	34	65	23	31
6	39	21	48	13	46
81	7	85	58	99	37
66	6	28	65	22	62
81	95	66	45	81	70
10	19	74	20	97	71
47	98	83	49	98	98
80	83	97	93	89	14
51	94	45	39	11	86
51	60	33	53	72	15
52	9	22	10	4	23
63	44	68	79	9	95
93	73	100	77	51	70
27	11	11	59	68	47
8	1	71	56	12	75
58	15	43	18	68	26
73	54	73	80	92	20
97	90	86	50	74	46
63	32	75	83	76	86
16	71	3	47	1	1
19	58	63	93	56	22
92	31	74	84	14	47
74	8	39	29	2	65
51	2	81	73	78	88
25	5	85	78	47	29
51	53	59	93	86	38
72	45	43	55	40	60
18	33	25	20	19	33
4	100	88	27	84	100
26	83	39	11	55	98
28	16	24	82	44	87
37	22	83	16	60	97
86	68	9	89	28	51
20	61	3	51	87	7
74	72	32	48	44	96
55	15	100	29	83	78
54	90	4	86	4	93
88	22	32	43	57	63
67	73	80	67	69	38
47	61	69	21	78	49
96	81	16	59	23	54
63	7	89	61	25	1
74	5	43	38	77	37
16	88	61	13	16	31
61	97	55	84	46	88
37	18	48	94	86	81
25	94	13	92	17	10
3	41	43	23	31	83
2	57	96	46	47	44
3	74	13	83	21	84
20	4	33	9	41	54
26	20	2	34	56	78
46	65	5	21	94	64
99	66	19	89	16	80
26	44	51	38	22	10
38	8	4	40	65	21
14	61	2	22	91	19
44	31	60	53	59	56
65	54	14	22	4	88
93	71	30	95	4	51
22	42	74	77	38	46
34	86	94	14	75	11
29	79	27	82	34	99
43	10	28	87	54	88
54	72	90	51	60	40
90	78	59	29	35	37
48	80	37	56	86	99
86	2	66	100	28	71
91	33	97	91	85	46
88	40	47	21	33	98
68	42	80	30	12	52
43	47	58	48	9	5
74	79	28	3	46	17
15	1	47	16	64	16
57	39	3	46	60	17
24	15	27	27	29	14
61	72	5	26	44	64
8	98	99	34	49	71
83	98	81	12	64	34
11	60	12	52	56	12
79	38	94	83	1	4
82	49	66	72	1	58
82	61	46	68	59	37
42	56	25	58	21	11
70	50	82	99	88	18
11	4	65	93	53	60
54	29	45	29	72	75
78	30	90	3	76	9
99	72	84	100	93	13
89	32	19	17	10	31
83	8	46	61	5	74
74	7	96	45	18	37
97	1	9	42	1	86
70	73	14	39	27	38
62	98	99	58	84	31
74	79	86	39	4	53
92	95	69	91	11	54
77	74	49	94	22	21
91	60	28	75	75	87
4	77	67	96	36	59
59	78	69	49	47	5
52	94	41	18	13	63
13	56	9	72	23	39
95	61	21	54	34	59
43	61	65	52	18	76
10	87	93	21	56	96
95	56	1	32	7	7
18	93	24	97	6	19
98	65	97	81	53	67
28	64	50	13	50	32
52	43	68	62	14	17
58	92	70	88	13	29
13	7	80	85	69	4
63	63	99	67	50	71
33	54	48	58	12	74
63	1	69	81	3	35
54	35	40	43	64	33
33	76	50	78	51	66
44	31	66	89	41	84
55	65	85	55	7	71
15	50	69	80	30	20
39	88	51	41	32	27
26	86	42	74	24	8
92	12	14	9	9	9
41	63	3	2	86	37
86	37	60	80	72	63
50	50	63	66	22	81
25	53	84	10	14	34
69	90	9	97	8	88
16	7	33	47	19	26
37	23	63	71	15	44
16	9	56	59	32	43
31	42	34	74	82	58
44	61	60	56	7	80
12	47	48	60	51	89
25	29	57	90	40	17
47	60	66	62	22	54
19	79	20	86	61	15
49	7	33	50	61	3
57	92	46	74	70	23
93	97	1	41	17	32
12	62	87	21	16	49
74	35	62	67	7	24
12	60	46	89	22	63
45	48	6	41	60	15
81	36	83	21	82	8
97	41	42	92	79	9
52	69	6	96	56	12
69	46	87	34	21	88
77	51	25	98	7	6
33	70	97	88	31	24
73	1	51	81	13	48
13	100	68	12	50	21
81	63	26	26	51	78
86	72	18	53	81	19
70	41	33	35	19	87
2	95	32	94	80	31
10	31	23	99	6	23
33	83	68	70	10	63
14	88	9	23	8	91
74	93	35	94	30	24
60	33	47	20	59	56
69	30	77	66	44	72
8	46	80	38	25	29
56	94	50	68	51	88
91	73	36	19	64	40
85	12	8	85	19	88
12	36	99	53	58	53
74	10	43	6	94	45
12	73	77	28	95	8
66	30	67	11	8	15
34	31	66	71	16	68
70	68	62	19	41	88
56	82	4	77	40	63
80	89	56	89	49	5
82	83	86	87	2	52
1	90	42	11	22	55
12	3	50	39	40	80
23	45	42	51	24	4
17	57	61	59	52	71
96	1	86	26	31	40
6	98	30	78	71	96
82	57	32	45	59	13
55	61	55	39	22	17
97	33	85	22	84	51
29	96	51	40	98	9
16	79	95	77	1	17
96	15	44	24	40	93
25	55	32	54	31	92
24	46	71	50	54	58
75	32	72	87	93	20
47	40	47	2	98	67
22	8	44	81	9	85
95	72	24	94	34	53
11	4	75	62	65	9
40	56	75	72	81	15
27	43	34	26	40	81
49	65	39	37	94	57
67	21	89	9	65	47
65	98	97	1	85	59
28	35	63	60	77	64
53	46	92	97	43	37
97	41	93	53	82	49
38	9	47	17	5	33
78	15	50	42	10	83
70	93	77	66	79	12
95	68	40	53	78	96
79	17	47	5	27	48
18	46	91	52	6	4
18	70	51	83	82	46
52	8	69	36	87	56
61	29	22	55	66	23
84	3	25	44	47	98
47	30	23	84	48	70
1	22	30	55	52	93
83	51	53	93	61	43
76	8	76	81	10	96
93	9	10	25	69	80
22	18	88	13	18	64
63	51	66	57	3	71
66	86	38	69	10	13
27	19	36	61	99	90
59	82	62	48	97	81
95	89	24	49	38	86
98	71	59	11	31	4
43	4	32	58	34	88
35	42	32	44	23	74
42	21	34	7	60	74
7	65	19	35	96	1
16	78	63	37	61	12
88	84	67	79	97	83
13	96	37	95	33	42
35	42	44	37	32	36
32	38	1	18	10	27
85	51	24	26	29	78
64	33	91	14	38	48
6	68	61	29	21	94
72	1	4	90	8	67
54	47	91	16	35	99
15	50	26	99	54	90
91	80	58	12	52	3
26	82	66	56	50	43
11	53	96	28	80	68
61	63	80	91	43	31
56	13	29	47	10	5
6	57	73	89	63	34
89	91	39	25	31	46
100	88	24	65	53	47
48	36	48	15	65	61
68	97	40	43	76	70
55	80	93	11	74	61
31	79	41	19	81	49
2	70	74	92	74	63
38	15	2	7	7	91
71	70	50	6	27	10
20	75	25	25	10	25
7	16	54	64	94	61
40	92	61	75	82	94
50	55	22	43	24	39
48	97	42	28	63	14
70	81	31	18	10	55
96	31	88	15	54	13
48	3	4	20	4	30
1	70	3	23	22	12
73	63	51	94	94	100
34	36	54	60	10	41
54	95	18	47	9	14
44	53	47	15	73	23
54	67	25	99	59	4
36	34	55	37	22	46
12	19	66	37	72	94
51	57	86	59	10	48
21	14	74	77	2	18
44	52	62	53	72	81
74	61	52	53	56	68
25	28	24	33	53	13
62	32	82	71	48	43
46	90	87	71	84	47
97	16	55	94	81	3
2	32	42	7	66	56
84	95	10	27	65	34
57	32	94	97	14	52
48	92	13	70	36	99
36	4	85	92	59	51
44	46	45	21	19	95
38	65	87	50	8	99
66	16	26	14	72	58
28	91	22	41	92	65
95	25	69	64	96	74
54	66	38	14	69	98
76	16	51	45	64	61
6	94	34	10	26	92
44	84	31	14	2	40
81	46	50	89	4	52
76	48	71	76	55	47
81	28	88	11	29	1
36	32	20	4	58	20
7	17	91	57	25	52
52	55	68	48	46	23
39	8	13	37	49	80
68	79	47	62	48	97
19	11	51	42	25	7
77	15	99	17	39	36
90	17	30	86	20	75
70	83	63	14	56	28
41	20	38	45	78	32
56	32	88	83	64	9
11	63	16	4	5	55
39	7	95	11	24	41
96	56	92	46	7	74
9	86	74	33	69	2
83	42	38	82	54	20
81	35	91	27	8	60
86	86	18	81	60	42
67	76	4	61	40	94
62	60	48	62	77	80
98	86	59	89	34	43
75	45	72	98	17	70
2	69	24	45	57	66
33	17	27	5	52	94
40	6	20	29	75	28
29	55	65	14	2	82
81	22	93	82	10	52
36	81	30	56	35	22
92	31	16	26	8	91
75	40	70	80	37	45
100	51	84	84	17	45
60	3	99	55	27	80
63	74	3	92	74	34
26	56	53	64	6	22
74	45	43	4	18	1
14	81	53	50	16	97
13	99	62	70	43	6
17	96	90	16	51	50
4	35	15	3	17	26
15	59	21	78	31	26
28	74	7	28	10	70
5	72	71	22	12	56
86	94	80	49	47	27
65	64	31	16	52	68
36	77	89	68	29	56
7	97	61	85	97	20
40	21	80	58	73	71
30	19	90	47	47	65
66	93	99	27	39	63
11	48	71	33	96	94
85	32	72	22	42	48
6	59	31	33	83	80
3	39	89	66	57	96
75	69	68	17	11	11
53	90	56	85	90	17
43	64	43	73	31	90
81	95	98	41	67	79
33	32	14	94	98	74
49	35	47	98	15	24
10	83	13	39	32	23
68	43	94	78	17	27
25	89	47	34	58	53
41	95	32	5	69	69
47	28	33	80	59	95
6	2	82	9	18	33
92	2	90	73	40	51
56	69	11	55	31	97
29	99	71	67	56	46
95	80	46	9	36	73
7	17	33	63	76	62
59	10	25	22	56	27
49	28	55	49	62	78
30	61	88	55	21	13
21	90	38	69	13	62
45	43	59	49	28	70
100	15	31	42	16	47
50	60	13	6	56	78
13	82	45	80	100	17
86	72	57	17	17	55
15	83	99	85	47	51
17	87	97	82	74	59
10	7	48	39	18	33
58	18	91	18	15	2
30	27	28	84	11	84
69	56	100	51	34	64
2	88	57	51	7	1
30	73	35	72	13	61
52	16	35	31	72	66
43	19	63	67	74	56
33	48	41	89	15	32
37	9	56	89	37	2
48	1	92	21	98	12
3	4	14	97	100	37
67	55	99	95	14	8
38	83	65	89	49	6
22	98	30	33	37	84
76	28	50	68	39	49
35	1	67	81	46	76
83	85	86	75	41	96
75	9	52	29	98	30
96	80	91	5	41	100
30	44	69	23	94	18
28	100	13	46	40	55
33	49	11	45	3	59
50	42	94	36	27	54
17	8	78	99	86	25
24	76	64	59	7	97
62	19	44	28	53	85
79	55	8	16	44	36
5	86	81	20	9	20
100	26	62	92	70	38
68	60	82	16	90	17
97	97	22	46	19	24
32	14	90	12	6	30
74	36	6	6	51	13
90	10	74	60	73	9
6	98	35	50	29	35
56	9	8	25	14	24
50	26	40	65	41	33
19	89	30	61	83	17
92	33	14	83	48	24
70	61	60	58	55	74
46	66	54	44	7	56
70	4	90	10	9	38
71	99	28	99	80	40
92	3	6	86	34	23
28	63	63	50	85	9
50	16	94	91	40	28
51	10	37	54	70	29
18	8	88	39	65	27
94	74	24	28	41	84
95	67	56	82	4	47
59	80	27	66	48	74
14	54	64	36	3	32
32	82	63	57	5	45
1	67	27	27	59	96
62	88	23	26	26	22
21	95	45	82	84	9
21	1	58	62	70	17
9	34	65	24	44	69
90	35	25	50	89	27
63	41	14	8	37	94
50	92	57	65	14	42
89	64	3	2	27	17
4	39	43	63	80	54
19	16	60	79	14	53
67	75	70	28	30	74
49	8	89	78	6	46
86	92	80	72	4	33
84	48	26	62	24	31
19	32	14	71	16	92
5	32	91	84	24	96
30	94	59	58	69	89
35	46	52	41	40	78
18	11	19	34	25	21
11	30	64	58	76	43
12	96	45	50	32	88
56	76	45	15	39	94
83	21	94	52	6	32
7	55	50	12	63	90
55	60	26	3	57	22
26	82	34	68	19	61
78	50	79	4	9	2
16	55	7	82	42	87
88	17	27	34	98	62
63	27	35	50	4	20
8	26	6	72	42	97
89	51	22	67	21	14
19	12	95	69	31	19
33	36	58	30	92	97
11	80	48	50	49	13
21	5	74	54	42	20
81	79	74	49	47	20
82	41	84	52	92	74
3	33	35	5	71	85
32	29	53	71	5	94
47	82	36	87	11	28
7	29	16	43	30	20
48	59	23	70	56	96
50	73	44	82	7	61
84	28	99	74	5	6
15	21	71	35	1	70
75	60	50	59	98	56
48	9	28	9	37	45
13	77	83	92	84	31
54	76	88	15	2	11
81	66	68	20	81	80
70	57	50	32	88	24
100	89	60	71	88	98
32	2	50	79	99	24
44	87	5	99	86	46
27	100	69	73	4	74
28	77	85	71	55	52
7	57	63	73	1	37
24	39	66	18	90	96
82	61	78	93	70	25
29	77	88	41	65	70
90	60	63	24	14	1
73	86	77	87	46	79
85	45	12	2	39	86
84	6	43	51	34	14
62	19	43	18	37	39
77	39	37	7	70	48
7	81	38	16	36	11
4	12	15	59	97	73
92	13	16	97	20	34
51	82	82	30	26	35
92	71	84	93	44	33
30	34	48	17	25	81
44	33	92	59	18	85
7	58	20	19	18	37
91	25	25	33	12	89
94	13	8	27	23	77
30	67	24	98	20	23
7	10	5	73	22	68
25	24	88	62	34	1
63	82	60	50	30	2
57	36	47	86	71	68
71	35	83	15	7	46
7	39	49	13	27	46
5	59	36	65	94	7
1	95	90	2	82	26
100	79	30	65	37	15
11	28	20	17	100	29
91	18	80	1	22	87
9	85	21	31	51	2
65	47	2	63	13	72
87	41	13	65	40	59
99	2	6	2	80	69
2	93	48	36	60	49
58	41	60	42	44	41
87	20	9	7	78	15
32	26	2	86	96	44
22	94	65	26	46	43
60	65	98	63	67	48
8	52	30	19	45	46
72	78	17	3	71	29
11	7	18	46	1	90
27	96	66	62	81	68
85	66	24	23	21	16
45	33	27	57	69	12
12	22	15	13	43	60
68	53	54	46	9	16
16	36	69	62	60	9
18	93	51	8	68	36
58	66	26	19	15	80
62	95	19	71	62	100
72	97	71	23	26	98
62	67	33	23	95	65
95	68	89	97	12	39
46	75	9	26	83	25
36	51	42	96	71	93
54	12	99	9	5	23
85	46	99	10	61	58
12	42	98	63	11	10
56	78	30	74	44	55
7	81	14	6	75	92
70	46	16	76	100	31
16	93	23	87	53	1
23	19	17	60	95	18
34	78	28	100	33	87
89	34	61	87	60	86
88	68	21	71	54	58
41	79	47	8	10	86
78	90	16	10	65	33
19	77	89	24	74	46
67	50	99	30	57	73
29	16	86	72	55	15
98	78	24	63	3	59
88	67	98	65	48	24
8	58	61	89	15	96
24	86	87	39	69	2
16	49	16	96	77	59
25	25	13	46	21	27
27	28	17	23	8	78
58	42	46	18	63	58
67	65	76	40	52	97
31	44	19	40	88	16
60	79	77	86	13	19
96	65	62	39	46	33
78	83	62	96	6	97
24	26	36	59	42	57
10	88	34	60	15	42
92	75	17	19	78	4
28	5	54	93	19	63
17	84	12	2	98	30
17	97	36	79	37	32
14	85	27	5	11	51
82	89	98	88	17	37
27	39	68	26	16	7
87	92	79	56	83	19
60	47	62	100	88	34
23	65	10	35	26	97
65	80	75	83	99	23
82	76	46	93	35	47
89	32	50	16	60	48
6	9	65	6	18	100
51	4	62	96	58	19
58	70	24	95	52	11
61	72	48	45	10	17
1	46	30	48	25	91
99	17	51	48	90	60
3	50	29	6	4	88
91	27	9	55	46	19
6	14	2	17	31	96
50	99	40	11	94	41
1	21	82	26	45	57
58	77	85	84	69	25
12	13	47	55	53	85
93	12	17	62	37	61
62	45	60	89	21	79
8	37	74	12	82	72
79	12	93	86	27	79
56	87	41	37	78	63
64	38	85	90	31	61
18	22	78	49	22	4
3	59	83	51	65	8
82	19	49	47	81	56
67	81	62	47	86	24
28	18	15	37	72	99
92	83	89	65	62	20
91	25	44	81	75	91
85	14	92	6	70	39
18	40	83	49	80	98
86	5	82	45	96	2
33	29	33	20	46	91
43	30	44	35	46	78
81	58	24	65	74	51
84	68	99	9	34	93
30	50	14	52	6	85
43	2	49	53	71	4
71	30	31	3	58	76
41	71	7	32	98	10
94	76	36	16	84	33
3	37	39	57	44	35
8	44	79	93	79	93
1	74	80	23	30	3
77	96	73	99	35	81
67	43	21	93	16	24
58	24	6	7	73	23
12	91	42	8	87	26
55	72	63	34	80	60
72	4	3	83	36	79
68	86	24	38	27	5
24	95	9	93	50	80
73	11	83	27	60	71
39	40	41	72	20	33
55	12	55	2	24	21
38	57	75	55	62	4
31	81	30	31	98	5
53	10	95	48	94	3
82	52	82	91	9	72
8	89	26	36	31	71
88	85	2	31	83	49
95	42	86	55	48	59
77	57	3	43	5	86
83	11	86	20	46	73
12	34	1	84	61	20
6	18	55	50	91	14
57	55	56	19	23	28
34	59	60	44	53	17
12	56	100	27	17	14
93	62	67	92	5	19
56	39	85	13	62	99
4	12	39	55	89	59
75	25	19	26	63	78
89	22	89	52	19	1
62	87	70	98	28	24
70	27	61	18	57	97
52	44	23	80	91	61
52	18	47	43	32	93
14	55	50	33	7	42
95	24	42	73	7	71
70	31	19	57	32	25
3	67	84	3	76	1
57	93	77	80	61	64
33	21	36	78	23	79
79	89	81	96	97	15
78	26	43	72	16	30
77	96	84	87	93	2
88	8	5	80	74	22
4	78	22	8	23	49
72	42	42	57	6	14
95	71	56	20	87	90
18	14	32	92	31	47
47	37	98	74	98	76
27	69	25	63	19	28
13	51	28	86	3	30
72	70	42	68	47	39
6	13	86	46	92	70
82	95	59	39	47	76
61	87	83	91	34	49
18	55	29	63	75	60
24	71	79	51	68	78
65	56	21	42	94	93
24	56	54	67	42	10
46	5	71	53	21	90
58	16	78	3	11	62
84	98	41	50	46	65
42	9	30	81	98	96
46	81	94	41	13	67
30	55	76	70	78	20
10	97	74	44	82	5
82	41	83	31	40	42
67	71	34	60	36	74
99	94	70	16	81	45
35	55	48	67	38	68
89	30	21	20	97	90
26	96	74	20	71	75
53	46	34	90	55	79
64	14	61	80	51	97
35	86	86	31	7	63
75	87	38	67	51	76
19	25	87	80	54	34
58	67	27	4	76	44
6	85	2	98	62	79
100	15	100	60	7	35
38	72	16	23	77	31
20	79	12	45	60	34
94	55	63	69	40	6
77	75	68	77	35	42
76	76	89	27	22	15
100	65	78	86	70	59
90	70	28	21	63	48
88	12	25	40	50	3
8	69	87	32	39	41
24	9	43	1	94	77
38	17	51	81	43	94
67	72	82	50	1	31
52	56	74	9	21	12
97	32	29	5	39	5
78	1	15	59	88	95
54	73	68	74	9	48
7	34	97	75	27	40
13	13	38	83	55	15
25	53	87	71	79	92
57	54	19	89	23	8
87	24	78	53	48	5
1	59	81	4	5	53
99	61	19	37	51	35
38	50	5	98	19	98
30	86	88	15	87	81
39	98	72	60	8	63
52	11	8	26	91	89
42	83	100	61	59	80
52	13	79	38	14	22
78	33	34	27	97	6
53	42	24	15	97	98
23	57	80	67	4	9
67	65	70	93	10	6
49	56	96	93	56	37
29	25	96	31	7	74
53	95	56	45	52	83
28	33	12	50	62	6
89	59	97	71	4	30
89	91	95	83	83	33
50	45	86	83	19	27
82	30	68	98	64	24
40	61	3	10	7	28
42	33	27	45	32	88
52	47	17	68	66	2
55	81	57	54	65	70
21	47	93	10	1	68
85	80	53	38	31	8
96	90	70	83	60	23
12	100	26	65	12	58
14	26	75	45	30	45
64	10	37	5	55	81
20	71	31	91	16	12
85	56	6	33	19	94
53	59	66	53	34	85
55	90	53	71	35	78
71	82	78	6	61	89
30	47	25	48	72	90
56	3	79	76	9	27
95	44	38	62	63	3
10	38	56	96	54	8
39	83	20	67	58	19
37	54	7	43	21	68
99	100	31	29	89	71
89	9	90	43	41	35
16	54	39	31	24	20
93	1	45	31	31	23
31	62	48	21	52	78
4	45	90	52	1	15
39	31	1	25	81	30
31	77	41	9	9	18
28	2	80	23	49	7
59	33	20	93	23	39
68	26	68	54	4	91
42	25	66	4	63	19
41	75	11	44	4	69
52	75	26	71	99	74
10	9	91	30	74	32
59	26	86	83	57	97
91	98	84	31	31	41
96	95	63	95	16	2
49	54	35	100	84	2
94	45	93	41	34	32
35	66	70	33	31	79
42	12	21	21	62	2
44	69	30	84	5	25
76	15	19	42	18	69
21	16	8	88	48	17
32	54	5	16	96	24
51	16	17	68	46	2
23	85	60	37	99	18
40	38	34	90	80	41
51	21	3	32	33	52
86	69	59	37	11	91
96	23	77	41	82	80
54	8	23	99	37	7
8	79	59	24	42	21
36	41	56	39	45	98
93	11	52	48	55	1
47	31	16	21	88	79
1	83	92	28	13	63
44	51	83	48	51	31
72	59	5	23	9	97
2	72	85	38	34	58
35	23	49	93	6	40
22	38	59	74	82	39
75	52	32	69	8	42
40	92	86	3	63	8
12	88	40	10	23	34
7	21	34	30	75	18
70	85	82	6	77	10
77	3	4	25	53	22
3	68	68	57	26	77
97	35	35	42	79	95
3	20	60	88	98	95
21	71	28	69	63	31
87	10	63	2	93	67
42	71	24	91	92	1
64	55	36	41	92	30
68	64	10	99	88	74
40	45	51	71	37	15
40	68	9	4	28	22
70	26	86	20	66	25
76	11	81	16	84	89
65	15	100	83	14	6
13	23	56	99	71	77
13	49	78	80	59	35
59	31	98	60	13	37
91	59	70	78	92	14
7	65	28	58	3	34
28	98	33	92	97	80
66	58	60	65	18	72
95	48	35	9	64	97
88	58	59	61	84	44
50	26	23	69	65	54
17	8	84	36	67	32
94	3	84	87	78	56
53	84	67	22	68	49
32	76	26	88	87	43
83	22	98	9	24	19
97	9	56	65	5	28
21	14	76	30	67	4
42	1	82	31	65	66
82	53	93	43	54	54
81	25	60	42	100	20
69	59	87	57	21	58
62	72	69	37	94	75
44	75	35	42	16	34
99	18	53	26	49	91
20	86	73	12	32	45
43	31	28	55	54	45
77	91	38	61	21	46
40	81	97	74	75	49
7	42	55	78	62	26
95	100	2	11	18	52
34	20	17	68	90	28
37	44	57	36	54	68
47	50	50	9	5	63
54	20	78	40	39	88
98	59	98	67	53	52
35	14	86	45	97	96
52	45	24	40	15	58
1	79	68	26	50	91
15	15	79	60	75	38
84	93	14	63	22	10
94	95	90	12	37	76
97	15	11	55	50	13
25	38	52	6	29	10
98	69	66	21	46	69
4	5	83	15	36	19
25	80	10	3	39	14
65	70	28	7	81	33
13	33	48	89	11	44
74	72	10	88	92	45
23	17	15	71	22	68
69	77	55	1	28	54
51	88	7	19	5	30
10	8	39	17	82	92
36	42	21	16	61	8
67	85	10	75	64	27
37	64	74	41	53	27
9	47	17	47	21	37
70	10	74	6	4	92
94	41	4	88	19	50
40	51	44	23	42	97
13	80	43	75	7	77
17	37	64	27	17	44
75	90	25	5	80	33
14	68	63	55	51	6
41	59	46	42	4	61
9	31	8	16	97	22
43	4	26	39	33	38
10	77	12	35	40	23
98	80	25	27	75	72
90	81	74	26	80	73
41	92	39	31	70	50
62	95	22	44	95	27
57	17	41	8	82	63
4	88	79	72	49	9
48	55	5	36	92	31
17	28	79	34	36	84
66	90	49	36	52	84
79	3	97	30	99	46
9	55	91	70	73	46
44	65	83	32	87	98
96	69	52	84	6	18
92	37	95	78	62	48
84	96	63	58	26	39
7	89	42	27	99	40
70	38	7	54	94	62
24	92	6	74	77	77
19	77	95	33	48	89
47	98	38	78	75	34
59	52	23	18	57	21
73	21	80	63	44	15
61	75	20	40	44	91
1	9	32	27	30	23
85	30	1	16	92	15
62	59	23	84	34	8
62	81	39	63	96	80
81	44	26	61	40	33
63	88	28	34	26	57
55	23	32	46	1	89
16	5	7	94	12	80
55	55	88	96	42	64
29	39	35	75	58	72
51	30	5	32	54	94
78	4	100	3	99	59
79	13	86	68	49	57
94	3	42	11	57	45
3	23	13	88	50	25
77	19	48	31	94	54
25	5	32	37	41	9
37	21	86	74	78	43
83	20	19	94	1	4
23	30	40	26	84	62
100	73	3	24	81	2
22	1	27	39	90	1
39	44	22	81	59	41
49	25	34	26	49	87
25	83	33	81	93	25
59	29	10	58	2	65
71	76	36	91	72	81
100	89	17	48	68	4
98	6	35	66	52	99
36	24	17	52	87	37
40	6	64	36	48	53
49	49	5	44	96	21
34	94	70	65	76	83
48	10	59	50	93	8
47	93	5	81	82	59
57	19	70	67	44	62
67	1	44	3	43	87
62	67	11	33	35	26
52	95	10	95	67	82
65	82	9	83	43	79
17	29	20	16	51	28
25	86	40	91	91	8
8	89	17	50	80	4
5	88	24	10	69	62
60	28	35	4	52	46
84	46	1	33	100	88
25	40	90	82	65	14
16	10	34	16	79	14
26	10	1	21	63	29
37	19	42	68	13	49
48	94	6	25	29	15
37	16	44	22	78	72
71	80	90	39	35	31
87	32	73	16	30	5
75	47	90	95	98	47
58	93	66	55	39	45
59	79	10	41	74	87
40	26	21	68	52	56
25	71	99	96	35	38
76	68	96	35	35	64
39	99	11	19	49	30
69	85	33	99	43	60
12	60	5	4	81	56
54	19	75	24	76	13
42	63	28	79	35	10
46	65	39	41	9	37
25	23	15	2	81	60
10	67	6	49	90	65
14	92	49	15	3	67
14	25	46	53	77	81
12	75	92	53	48	97
71	19	90	43	66	1
70	75	27	47	40	11
73	39	5	37	99	80
81	16	56	61	38	2
74	12	20	51	61	47
11	7	5	63	26	22
37	29	72	48	85	16
8	80	21	55	58	95
72	74	44	91	66	27
51	98	68	61	48	78
95	100	62	76	57	34
87	77	87	21	53	60
2	25	37	7	31	75
65	50	94	94	18	58
27	35	55	83	70	50
44	82	36	10	88	86
74	65	81	49	90	27
28	34	64	29	77	92
2	43	85	58	89	66
78	30	52	33	19	7
16	33	23	92	53	22
28	69	16	78	7	22
92	36	62	29	24	81
53	34	93	21	6	6
5	92	82	39	36	86
4	69	10	31	33	52
33	45	89	4	51	59
52	26	95	100	77	29
24	53	9	95	83	50
15	81	40	34	39	72
76	20	62	84	37	39
1	72	92	96	38	18
69	58	6	83	76	30
32	4	72	31	15	10
4	54	15	12	30	64
19	84	42	53	37	12
11	90	7	87	89	89
77	78	96	71	71	45
51	48	89	79	20	25
52	13	74	76	38	33
23	80	65	22	50	55
37	75	98	92	19	84
35	63	89	86	56	24
79	96	70	23	93	96
10	25	76	50	24	45
7	25	2	96	27	81
11	87	70	7	44	96
19	58	49	79	28	82
55	27	92	60	86	30
46	25	83	17	40	65
85	75	67	15	60	30
27	97	99	50	3	94
91	83	70	76	30	80
75	62	65	61	97	55
5	14	77	53	15	30
24	93	14	81	48	2
3	96	81	77	54	93
88	99	27	36	49	95
83	12	27	100	86	6
21	74	74	49	8	94
34	33	20	82	89	22
75	52	77	6	34	33
24	79	73	13	98	8
42	78	28	74	58	47
48	12	44	24	88	50
94	26	89	3	39	55
71	66	40	87	78	72
77	47	51	52	81	99
16	16	56	73	66	23
11	1	53	70	81	79
43	16	47	3	61	29
94	33	51	32	13	64
44	7	78	98	79	80
57	34	67	53	16	17
42	78	68	59	8	10
74	54	17	14	82	100
77	11	91	43	35	28
83	64	21	32	53	74
26	32	18	50	36	7
6	96	41	51	56	17
63	97	89	8	74	16
15	37	98	18	25	50
51	23	34	52	49	10
13	9	81	65	10	62
30	38	27	11	26	65
51	31	30	2	31	46
21	72	35	14	17	1
8	69	87	10	83	64
93	100	63	93	46	92
68	44	67	73	79	43
9	88	29	21	69	84
68	62	67	45	43	30
80	47	25	96	2	39
62	53	81	12	45	53
69	64	83	52	24	35
56	17	38	64	94	48
53	41	68	48	44	22
91	56	42	43	13	80
22	23	52	26	100	15
91	25	8	94	73	43
3	86	76	56	14	10
34	73	28	77	87	73
83	85	55	9	42	39
45	71	53	7	75	69
67	59	34	26	52	9
17	83	94	64	37	26
83	5	86	15	13	83
97	5	54	4	56	74
22	80	44	45	33	51
7	34	67	63	72	4
64	70	66	4	85	95
20	60	11	16	79	96
8	61	20	73	93	58
6	7	6	81	31	97
27	92	43	55	66	2
18	20	5	15	13	90
53	97	63	92	15	28
87	60	42	33	77	12
96	69	34	51	28	62
7	24	71	90	83	13
86	94	49	52	1	25
66	76	93	99	49	72
11	52	15	29	83	35
31	7	52	24	27	62
36	16	18	71	39	46
84	28	42	6	98	43
60	21	69	33	96	22
87	100	91	69	4	30
95	93	62	29	100	85
74	65	52	87	7	58
95	10	15	70	90	20
21	83	41	26	30	53
70	42	9	3	61	96
84	14	78	22	28	99
32	58	34	95	77	90
66	92	19	11	40	10
87	80	60	75	3	62
85	23	94	50	6	93
29	74	71	32	29	26
53	16	47	93	9	94
12	51	39	84	19	30
62	51	63	98	47	37
92	1	88	68	95	57
89	48	17	38	76	1
12	43	44	92	72	95
59	17	62	76	78	16
19	95	86	10	69	10
4	49	71	29	83	53
78	92	28	96	70	39
32	37	12	40	79	83
14	4	47	39	65	20
4	39	95	7	85	10
49	36	85	97	55	50
98	20	27	28	98	11
17	65	100	83	52	17
25	20	59	16	69	8
87	7	75	58	93	27
32	58	56	56	94	53
91	63	51	51	65	18
81	86	68	5	19	35
90	79	11	94	99	33
79	24	26	10	32	87
62	48	15	61	92	22
24	88	66	58	35	98
18	44	63	69	40	30
35	15	20	64	50	58
97	34	12	34	50	43
60	77	41	37	89	95
60	24	96	97	71	50
35	30	93	13	39	42
32	93	89	47	70	4
80	49	52	31	11	22
45	58	91	12	19	4
26	98	49	95	71	73
31	59	97	70	25	66
72	85	50	98	18	50
62	79	45	87	1	57
51	79	65	91	89	46
80	81	83	49	46	42
53	75	63	71	47	95
10	95	28	32	13	97
11	16	63	16	40	92
91	93	30	21	23	63
25	60	97	61	71	41
77	93	52	60	91	67
56	68	13	97	40	77
33	27	72	41	74	9
33	85	30	24	83	36
22	41	66	14	64	55
69	81	12	11	52	75
14	38	33	64	49	87
5	80	17	7	84	58
72	97	87	70	81	61
23	4	14	70	33	83
82	75	20	75	65	89
90	10	10	64	39	75
31	51	41	24	10	3
71	22	92	41	72	72
11	72	41	84	78	12
27	24	92	32	91	82
86	11	48	84	41	87
76	4	98	91	46	18
68	70	21	48	59	60
78	90	96	40	17	93
77	43	98	33	49	40
22	90	93	91	82	56
81	8	14	32	68	59
53	39	77	67	82	74
100	90	44	35	10	52
77	50	60	80	95	96
33	50	35	88	43	93
9	88	1	98	26	38
40	34	36	78	78	94
89	88	83	25	59	47
88	14	89	42	26	83
76	53	42	92	50	61
8	5	24	33	28	39
1	94	73	8	2	23
54	69	70	72	90	16
73	4	51	38	39	5
20	25	31	41	55	50
80	98	8	11	86	94
48	74	10	48	96	52
25	23	81	93	32	7
86	69	94	81	47	32
84	45	100	54	68	54
15	88	13	82	92	75
95	33	51	67	24	76
44	2	14	83	11	89
79	35	54	72	49	26
20	11	74	17	75	56
93	4	25	33	3	1
15	10	28	22	64	68
98	29	74	96	49	24
78	8	79	8	32	82
48	85	84	35	26	13
6	72	18	95	80	87
61	63	99	1	81	78
21	24	21	58	60	5
43	9	95	90	96	49
15	97	28	27	6	64
8	2	36	97	15	80
75	11	10	68	8	60
80	76	23	11	8	22
13	52	20	78	59	16
56	88	72	31	92	72
43	46	85	88	66	60
96	33	69	84	59	43
62	100	43	55	85	70
28	76	93	7	43	88
36	53	94	10	48	23
33	26	80	25	51	6
65	60	90	75	63	37
63	59	90	79	91	45
53	97	19	11	65	99
87	30	78	28	2	94
31	51	12	83	76	9
25	15	48	46	83	15
89	59	74	22	77	58
1	35	56	60	62	50
60	11	75	55	98	38
50	32	27	86	48	8
64	7	51	83	67	99
32	63	83	4	54	84
100	16	75	76	33	26
7	40	76	24	55	95
18	59	49	26	42	98
33	73	64	68	36	29
63	76	23	7	5	96
60	43	7	43	22	56
60	54	24	4	93	86
54	83	21	36	53	21
37	36	56	2	4	2
74	62	21	11	74	76
15	98	48	24	96	39
43	9	67	37	45	50
75	67	7	34	48	36
99	34	42	51	37	38
56	69	36	8	64	53
3	73	85	6	99	29
54	47	53	6	38	17
90	24	54	34	5	88
42	100	37	17	41	68
75	21	49	17	7	5
92	9	25	12	38	7
4	46	71	80	76	40
77	20	91	64	79	46
69	84	24	57	25	14
24	4	75	77	2	8
39	12	33	48	72	46
62	86	66	11	51	85
9	29	95	68	57	82
80	44	82	92	35	25
21	40	5	67	68	73
64	80	96	30	29	69
74	11	20	90	16	39
34	73	56	56	63	29
91	89	1	66	71	40
23	61	4	9	89	70
74	2	68	98	24	88
10	21	54	50	64	8
83	35	3	94	99	39
100	10	78	59	31	60
7	84	96	11	37	64
65	46	22	62	73	15
96	63	59	85	72	86
7	25	50	7	28	28
64	5	92	44	33	37
67	44	42	70	98	77
97	9	91	67	6	25
59	58	48	37	41	97
14	71	56	89	96	76
95	71	40	65	32	75
10	12	69	4	1	42
32	38	49	49	2	96
2	19	56	8	53	92
79	56	44	48	79	73
28	40	7	9	59	41
32	97	32	98	75	63
47	56	42	61	98	92
69	14	40	50	73	68
49	9	3	89	64	65
48	26	82	68	9	96
23	80	23	83	11	73
17	100	98	45	43	84
100	68	54	94	44	81
42	41	96	80	50	52
43	59	93	81	50	44
32	87	72	68	28	43
69	96	64	65	7	22
73	79	47	35	29	100
17	96	72	10	16	11
26	68	5	48	46	47
88	8	44	67	8	34
99	48	12	57	70	64
4	90	1	49	73	70
8	88	36	98	59	36
12	49	85	67	56	30
71	41	88	86	12	17
91	34	34	54	74	67
57	19	79	48	90	76
86	83	9	28	78	82
46	61	41	5	86	31
44	62	65	59	92	64
37	72	2	98	7	24
51	45	97	75	46	10
42	39	24	92	7	17
32	65	13	41	34	13
44	60	58	34	53	43
30	64	65	3	26	47
99	89	50	80	36	58
69	95	79	5	26	20
74	29	17	23	95	19
27	89	32	72	61	8
17	59	24	86	97	88
99	41	62	62	43	65
16	14	84	96	43	62
70	73	70	1	65	28
40	37	17	74	75	44
90	14	81	18	66	85
51	75	10	1	87	45
81	75	52	97	97	22
9	90	67	93	37	8
50	46	69	40	7	23
70	88	3	76	32	57
23	43	62	18	17	51
79	96	72	62	11	43
16	52	3	98	97	48
82	61	56	83	72	17
12	93	27	44	86	54
20	23	85	48	92	55
30	28	87	22	76	81
12	70	40	67	70	88
46	41	12	40	62	39
4	76	89	86	19	64
78	90	45	39	6	45
81	6	99	30	9	67
37	84	24	75	36	97
88	37	28	55	43	65
6	65	75	44	23	97
87	42	59	44	20	28
49	99	61	24	91	31
48	10	83	49	69	22
84	20	62	94	44	1
86	37	88	11	15	91
13	82	39	65	67	96
80	92	14	95	75	73
62	51	89	47	60	36
49	99	80	60	4	97
16	32	6	68	9	4
92	38	17	46	16	79
78	12	16	36	100	33
19	77	78	19	45	54
31	30	65	8	25	91
4	73	7	21	20	78
77	88	100	97	96	70
70	72	18	5	39	27
62	73	43	38	70	27
99	62	52	19	25	65
81	73	84	28	80	98
64	27	2	28	61	86
96	56	25	94	8	87
71	41	30	10	39	11
69	79	88	52	75	5
55	75	70	23	28	8
96	37	13	37	34	25
56	66	51	91	49	30
44	62	46	35	11	52
37	44	38	15	57	83
33	91	43	41	57	33
98	10	77	46	59	65
81	90	5	36	80	14
96	87	7	31	46	12
85	27	65	26	48	66
62	80	29	89	8	43
33	30	48	60	53	74
18	74	22	20	36	84
5	16	6	4	30	81
59	39	78	24	61	31
18	97	98	70	18	24
33	53	33	52	84	95
91	39	83	16	27	20
80	77	6	91	23	9
56	11	19	48	66	64
38	71	6	73	92	76
86	45	70	71	20	36
82	64	78	4	7	51
91	68	81	74	27	45
51	8	54	1	19	29
22	20	63	49	94	14
40	28	39	82	9	69
97	59	90	41	77	36
60	5	73	23	79	98
82	23	32	76	6	17
85	50	92	27	90	98
61	82	91	83	79	13
43	29	39	65	34	64
65	50	32	81	82	85
32	20	70	69	78	48
39	27	80	99	49	36
63	9	57	35	8	2
3	38	80	92	30	27
64	25	81	49	34	95
23	32	82	93	50	55
2	100	93	13	94	82
71	51	53	42	10	9
97	72	48	36	26	55
5	63	36	5	28	67
78	28	79	72	27	38
10	71	43	47	19	56
47	38	36	79	88	42
51	11	45	73	13	1
91	78	95	73	43	58
35	16	91	66	26	18
4	83	3	77	9	31
71	92	6	37	15	32
40	62	37	99	85	21
36	35	8	66	6	91
69	43	93	57	24	15
40	97	75	42	39	45
89	72	74	3	100	22
76	91	77	85	64	21
66	43	1	47	54	71
67	1	90	9	55	71
88	18	10	91	89	17
56	70	85	64	17	28
60	69	50	24	23	89
21	3	27	2	60	53
50	2	64	33	46	94
16	2	10	60	45	90
69	76	34	92	11	71
34	66	50	48	55	40
45	61	23	97	41	26
54	41	74	93	35	39
24	26	34	26	87	24
23	89	6	67	38	79
94	17	73	18	56	26
37	73	64	62	47	4
3	26	38	4	57	55
63	8	47	61	63	33
47	80	53	22	93	82
85	23	62	25	94	13
55	62	3	30	69	86
98	66	80	61	34	73
57	57	36	89	48	4
24	35	79	97	93	30
100	51	28	33	7	9
8	48	86	31	60	19
72	59	81	27	73	75
35	55	8	20	19	76
88	60	92	56	88	15
57	11	24	76	96	44
78	61	90	80	80	84
81	50	16	81	71	74
12	71	42	85	7	91
41	81	76	1	89	93
50	25	100	57	72	59
26	40	72	76	60	72
78	43	22	33	77	17
75	41	46	92	7	68
83	28	16	2	42	21
18	26	30	72	1	78
63	9	95	16	10	34
100	99	8	40	89	20
23	72	86	10	24	80
73	13	90	21	11	99
53	26	57	76	62	77
5	78	2	87	29	46
34	33	41	25	90	20
39	35	37	82	39	12
74	50	45	65	14	4
92	92	26	28	45	38
37	45	10	59	37	70
70	67	19	97	33	27
72	41	25	89	15	46
61	72	58	60	44	91
9	69	31	81	99	15
95	82	14	4	53	73
31	70	59	51	53	28
88	96	55	92	21	84
79	59	37	33	27	40
35	84	70	18	21	58
30	5	41	68	16	55
53	4	31	97	64	77
19	77	98	17	69	70
40	18	28	66	90	14
84	2	23	44	23	82
85	52	86	37	39	100
66	1	5	44	61	56
39	79	28	35	41	62
45	90	14	57	20	45
67	49	50	2	43	41
83	24	71	14	77	38
52	91	86	4	14	8
29	41	52	57	69	31
23	99	60	15	79	66
61	96	64	48	35	48
73	43	73	27	31	100
24	51	28	48	36	30
81	50	9	81	66	32
50	99	26	54	15	91
49	82	87	69	4	9
79	70	21	37	55	72
52	1	55	94	74	58
92	86	43	13	93	18
12	31	89	42	87	50
10	9	11	30	41	46
17	28	89	37	21	43
11	3	21	74	49	92
73	26	81	42	86	59
33	87	80	45	45	34
12	30	37	4	94	23
19	66	42	10	51	13
18	49	14	95	90	24
87	25	8	69	44	47
35	98	14	56	39	80
58	40	51	28	98	6
12	8	8	86	48	13
51	68	75	67	65	32
83	92	90	59	75	25
37	98	18	38	10	13
92	81	18	71	16	24
27	16	73	91	27	83
31	95	35	6	24	87
37	72	99	68	6	14
23	55	94	14	88	97
15	88	98	65	64	63
77	33	55	14	69	41
25	19	48	70	72	6
10	40	43	30	29	88
9	36	69	29	74	4
23	57	29	52	62	21
5	18	43	90	44	1
65	34	13	34	29	56
55	59	24	36	47	56
14	77	59	39	4	56
75	52	15	66	15	51
48	17	51	46	81	80
29	6	35	22	78	28
80	36	19	81	39	29
71	48	97	36	29	95
55	56	58	61	11	55
18	63	32	12	7	75
72	32	62	8	31	42
86	6	99	65	9	81
63	22	68	99	19	48
28	55	39	68	30	89
91	83	10	37	29	26
64	63	23	90	33	100
35	31	44	26	43	65
60	56	7	57	74	42
93	88	37	61	8	23
30	39	93	39	21	64
48	39	38	88	59	8
79	65	83	90	18	81
21	60	96	16	67	85
6	4	63	85	4	44
55	7	42	97	49	85
15	7	52	74	92	100
93	63	2	26	41	48
99	50	85	5	5	85
76	79	63	93	100	48
87	31	82	15	3	26
31	26	77	47	8	66
96	46	27	84	13	33
50	53	9	71	74	64
38	47	51	12	41	2
99	51	74	90	18	49
47	25	52	22	51	53
89	99	92	4	40	84
88	66	71	37	97	39
51	41	43	30	27	82
38	44	31	29	45	57
94	27	92	72	26	97
64	5	15	20	84	23
36	45	56	41	6	67
31	54	62	63	72	44
13	91	59	15	36	91
46	82	23	68	69	96
63	12	79	14	11	71
69	26	32	73	46	93
53	67	82	36	11	43
40	47	30	24	6	59
8	76	28	39	100	99
90	12	84	81	86	20
89	2	68	7	49	28
79	47	95	40	86	47
24	10	100	8	7	27
18	83	93	71	95	100
4	68	59	27	98	90
73	96	18	22	57	8
72	32	9	2	64	80
58	94	47	31	16	20
36	9	14	85	33	36
87	7	85	42	66	55
92	38	68	84	96	1
35	98	62	40	31	7
30	94	70	24	65	98
58	53	66	51	65	32
63	85	100	44	6	89
74	70	26	71	11	91
89	37	94	9	42	32
99	78	1	86	62	71
62	54	29	22	6	61
44	75	70	6	40	2
62	44	67	27	9	70
20	54	4	42	53	69
58	79	45	57	34	7
72	46	3	53	10	86
18	6	57	13	69	34
64	100	51	87	82	13
98	84	63	59	77	91
16	60	39	57	39	46
95	3	2	79	94	84
75	57	63	75	96	22
92	43	52	60	97	8
26	33	82	32	28	46
73	95	80	58	12	27
39	1	99	85	55	44
20	64	65	37	47	29
19	60	68	43	34	97
14	7	18	82	28	61
59	11	57	89	72	76
74	63	31	100	89	42
56	2	38	6	72	68
94	30	58	73	75	78
83	92	73	20	72	23
80	81	76	79	96	6
16	44	76	62	68	93
62	88	88	11	16	31
59	33	85	74	60	68
81	98	73	50	13	68
69	60	92	42	52	81
26	45	52	50	47	100
33	62	46	48	18	62
50	56	16	18	65	45
9	47	100	36	26	6
40	51	32	56	56	14
85	8	19	37	29	96
38	18	5	4	14	78
82	4	29	96	21	22
37	15	81	98	19	83
10	82	88	44	47	79
27	86	95	70	16	25
76	35	99	85	24	18
56	20	9	78	85	20
79	60	58	18	80	70
16	11	16	12	61	57
75	93	26	22	29	21
31	11	50	30	50	13
9	93	80	28	74	54
21	82	73	58	92	98
14	81	46	11	68	14
34	81	77	15	10	79
40	48	68	14	48	87
81	14	99	58	28	43
90	99	26	75	66	76
8	8	72	87	68	62
80	58	66	58	39	41
40	89	38	73	93	66
6	87	46	93	37	83
71	47	42	70	27	23
25	42	100	41	31	70
91	80	83	98	37	69
36	27	93	62	50	7
99	54	59	82	73	17
72	8	66	11	21	76
80	37	51	85	43	38
34	56	73	14	60	70
84	82	36	33	31	76
49	98	5	51	1	20
22	9	68	23	14	90
100	42	19	89	42	36
23	9	46	37	51	58
88	43	63	57	38	68
35	26	32	83	77	81
96	89	91	94	38	83
97	69	37	30	15	68
77	8	51	23	30	11
98	64	100	34	68	33
98	11	81	10	22	45
2	82	43	42	71	55
33	66	38	78	53	46
61	28	94	70	69	18
99	24	100	6	80	73
38	2	93	16	78	60
36	92	29	6	3	56
40	13	86	91	68	55
24	79	59	50	36	1
60	84	41	69	83	39
49	13	61	51	50	75
7	93	54	91	54	87
15	77	95	65	85	12
84	79	32	59	70	42
98	61	34	77	52	79
91	67	94	31	51	35
76	5	77	80	5	30
3	65	26	13	68	56
77	12	90	24	63	32
5	98	79	38	8	61
31	21	2	30	86	63
46	40	19	41	69	85
19	84	85	93	15	32
25	63	77	91	85	2
85	37	91	11	45	32
73	81	37	65	93	77
90	95	51	67	60	80
16	20	55	75	50	12
52	22	80	4	86	9
12	12	7	62	80	85
95	40	35	49	28	43
60	81	64	96	26	81
35	33	37	64	84	57
64	100	10	76	10	61
82	62	17	68	40	25
21	77	10	83	42	27
45	100	54	10	6	80
36	14	28	24	8	91
92	78	100	53	99	98
51	95	54	100	75	7
50	54	98	84	62	32
19	4	60	75	78	37
40	61	100	59	12	56
73	67	83	7	16	9
64	75	20	32	60	37
92	60	10	76	36	90
98	40	12	85	75	40
58	79	15	41	7	61
82	29	75	52	63	97
68	78	45	44	50	22
64	51	25	26	27	25
22	30	95	47	19	78
43	95	6	59	8	91
85	26	28	47	51	87
87	83	73	4	10	61
57	28	75	36	5	29
94	84	56	55	84	75
34	68	70	60	16	100
37	79	15	15	81	83
1	60	87	70	21	100
87	37	4	57	34	60
94	44	84	49	23	80
39	56	83	85	50	5
34	8	61	61	7	49
19	9	56	24	22	88
8	57	38	59	24	80
36	58	99	91	10	26
73	58	74	23	83	50
29	96	6	31	86	51
51	77	97	22	61	27
87	50	87	10	48	59
91	12	21	23	63	54
52	13	40	29	42	63
58	82	48	13	36	18
83	100	11	44	29	62
63	7	12	5	99	36
94	91	34	75	27	59
17	13	96	98	89	27
44	11	62	69	90	10
7	65	19	99	39	100
64	93	58	80	82	30
77	28	46	40	3	49
54	16	64	90	33	28
71	65	45	20	44	50
9	43	27	92	10	69
83	2	86	14	11	71
53	66	60	82	11	26
35	19	98	15	52	50
40	56	5	58	47	66
47	35	64	49	94	74
16	76	1	3	58	6
10	28	33	7	63	41
69	15	40	21	91	4
32	86	59	16	28	93
56	67	63	49	21	78
6	93	48	95	38	60
32	29	47	6	62	49
84	74	75	75	73	72
60	88	75	59	20	92
11	77	90	8	63	18
91	33	71	20	47	54
79	51	66	51	71	26
53	58	47	92	66	1
98	22	3	21	39	60
91	64	11	68	10	18
23	50	34	65	49	94
63	56	42	36	69	24
44	76	18	87	25	71
27	80	6	39	41	44
84	30	93	31	15	93
41	40	8	3	78	60
100	41	17	76	7	4
55	59	100	100	53	31
97	28	14	34	55	77
46	6	47	61	48	65
62	39	76	90	5	33
94	74	74	83	71	19
9	68	1	95	63	97
34	87	5	84	53	70
98	43	95	54	84	21
7	98	50	66	26	96
45	10	29	34	86	76
54	30	67	2	41	19
56	74	29	62	100	22
67	67	93	61	70	52
11	27	65	32	67	24
38	74	75	75	70	84
55	31	85	28	38	40
54	50	24	12	22	79
55	46	16	86	74	19
68	90	67	13	37	5
100	15	66	61	32	98
5	16	68	9	10	98
80	76	45	8	86	46
29	63	88	87	79	83
67	60	67	52	97	46
59	25	18	78	62	27
61	12	6	80	21	36
48	98	53	31	41	30
68	85	15	87	15	65
13	43	31	98	82	77
64	22	22	53	82	55
9	16	44	67	53	95
87	81	46	81	4	60
79	4	51	25	3	14
57	7	2	52	24	55
47	51	16	43	38	77
99	75	98	54	15	75
19	18	94	1	47	92
26	30	92	94	16	81
85	61	2	34	84	16
14	88	86	36	40	13
88	21	7	28	27	93
15	42	72	32	36	14
11	51	2	23	63	75
63	10	11	40	99	4
83	97	42	25	94	92
63	2	68	41	23	56
39	55	26	36	81	23
41	33	72	66	28	15
89	41	55	23	93	80
24	4	80	85	85	9
77	44	83	59	80	35
83	84	9	66	91	14
57	37	46	44	47	5
48	94	56	75	39	66
25	93	23	62	1	58
61	63	75	78	40	36
57	2	68	97	50	92
47	17	59	71	96	53
45	93	92	34	72	1
11	11	51	34	94	53
70	99	75	27	76	86
24	76	71	94	24	78
73	16	29	63	79	1
78	41	97	21	90	93
22	61	25	55	26	92
25	62	89	92	34	35
29	15	76	93	52	16
18	35	92	36	78	98
24	78	28	52	18	91
30	74	73	17	9	1
72	99	19	10	8	83
44	60	40	23	2	17
44	55	96	56	14	91
100	13	63	28	90	93
88	67	9	97	5	44
11	83	98	24	8	98
88	45	45	62	65	41
86	46	57	37	70	61
2	39	32	76	36	75
48	37	15	41	81	50
66	45	61	61	100	73
38	69	24	67	87	90
22	57	78	67	70	31
41	46	87	46	69	45
2	35	15	76	17	49
84	91	16	75	98	36
12	62	18	15	18	75
99	44	77	63	19	76
9	96	72	8	48	94
90	52	22	61	89	64
25	80	1	29	49	34
7	41	26	69	52	85
74	45	58	28	99	93
39	74	55	95	51	7
46	10	38	37	5	63
64	77	33	67	36	61
17	80	29	41	1	43
23	1	71	38	86	92
12	61	13	78	51	22
74	87	74	14	72	42
16	60	49	91	35	54
32	48	62	91	23	74
14	91	10	82	3	27
91	31	66	81	28	18
96	92	30	11	58	77
78	69	14	73	11	88
2	33	80	76	66	8
39	40	90	74	15	28
52	73	97	70	44	38
84	54	3	3	79	94
62	2	11	13	27	35
4	92	63	63	89	25
88	6	1	14	62	57
27	44	13	14	57	71
33	91	76	73	56	97
97	85	48	26	12	100
10	44	19	37	14	4
16	14	90	85	68	5
61	11	17	97	8	21
3	42	80	33	89	74
32	39	79	19	25	51
78	85	38	92	9	74
95	18	23	56	64	47
18	31	80	91	15	59
57	36	79	95	56	3
97	86	34	81	1	60
13	38	46	82	44	58
47	59	31	28	48	94
33	54	37	89	64	6
74	97	50	42	87	59
69	67	12	71	2	45
35	47	62	75	8	96
53	58	87	27	30	99
25	40	41	41	39	44
73	25	41	27	88	56
46	20	38	72	93	13
51	78	60	23	81	15
26	52	17	48	12	63
43	100	100	90	16	60
29	66	61	53	82	81
59	45	8	65	84	91
69	61	90	26	9	84
70	43	15	77	55	82
27	99	25	23	82	47
61	74	35	18	20	56
46	32	7	96	13	25
48	80	83	17	22	64
28	70	72	93	51	53
92	89	14	66	36	19
94	82	27	7	21	41
46	13	37	99	95	84
17	11	26	6	87	82
13	41	41	3	45	5
96	53	8	91	80	10
55	57	18	3	13	27
5	100	70	47	92	52
19	55	49	15	60	5
86	88	61	78	70	65
2	69	87	95	16	8
51	67	76	32	7	60
86	44	44	18	29	1
71	20	30	53	87	9
15	96	71	51	51	29
100	52	38	30	75	2
70	46	45	33	36	59
53	85	61	9	94	72
89	3	34	50	32	36
83	90	17	95	17	32
72	79	22	76	92	82
56	8	28	13	29	91
45	74	78	88	38	21
85	35	98	56	40	66
39	19	69	20	51	25
41	72	54	59	100	95
34	65	84	97	75	13
57	13	95	85	3	44
22	24	11	55	25	85
6	30	6	21	38	29
12	17	14	81	22	88
48	3	41	51	68	17
51	98	81	74	71	92
27	51	30	19	18	35
60	48	31	78	34	12
60	69	84	26	44	79
18	97	25	83	31	27
15	55	80	23	66	12
76	42	17	73	89	61
75	55	66	85	37	49
60	49	51	22	98	80
65	19	57	90	38	52
52	22	56	42	11	29
99	3	98	65	49	98
5	83	44	94	79	50
10	31	73	12	45	77
86	57	4	76	17	20
15	52	12	64	54	17
45	92	95	90	79	4
41	21	96	32	75	35
93	48	3	79	44	18
40	62	30	86	82	77
64	36	50	32	20	57
8	33	54	3	14	96
3	37	38	88	49	28
51	44	14	36	36	21
73	5	52	5	98	8
22	5	51	70	30	56
43	58	35	39	96	40
78	98	32	20	68	60
61	73	22	7	47	83
41	46	48	52	38	32
32	20	60	96	5	92
54	89	51	9	62	94
22	12	53	78	4	40
100	34	63	90	68	8
94	42	9	19	78	73
63	52	42	43	53	10
56	46	51	6	79	97
51	7	8	20	11	4
56	6	46	8	26	87
77	1	56	100	10	38
82	76	91	97	88	62
13	76	72	77	16	16
39	11	71	93	64	18
45	90	46	37	15	36
90	90	32	17	53	44
69	75	50	16	17	32
2	7	78	83	93	64
40	64	87	78	79	22
56	8	53	31	4	87
73	43	43	72	86	31
20	89	50	61	75	35
4	16	19	88	31	88
96	54	21	11	41	16
100	16	58	87	59	89
34	48	1	68	40	99
55	59	11	66	88	36
18	77	12	99	61	90
20	20	17	95	66	37
23	51	69	34	87	1
34	38	33	74	30	62
98	41	12	7	9	94
16	98	22	60	46	72
24	48	41	11	57	80
26	77	66	19	99	2
13	27	50	87	45	91
10	68	47	37	64	32
20	21	41	76	38	5
13	20	53	41	55	70
25	77	46	37	67	29
47	37	68	3	35	17
1	35	32	38	89	48
7	38	69	78	17	94
14	82	50	27	55	71
12	10	37	93	21	4
10	20	7	85	65	73
51	79	73	6	73	52
32	13	100	22	81	24
10	8	37	42	93	23
69	44	63	35	41	52
55	46	91	38	82	49
46	20	23	99	43	39
96	86	59	21	29	40
56	14	93	9	69	20
34	81	45	23	64	3
86	6	75	19	25	3
52	38	46	28	79	32
93	46	27	98	48	88
94	1	98	23	26	45
97	4	82	4	96	53
37	99	93	54	71	45
84	58	96	73	11	62
88	25	1	49	89	99
65	52	58	65	60	81
57	93	37	26	68	1
23	41	69	99	100	15
47	92	7	67	50	78
62	87	47	27	73	25
14	60	72	6	6	38
43	21	6	75	14	36
30	31	7	53	94	78
45	29	50	33	65	26
31	9	46	41	79	2
12	85	60	88	73	11
69	15	50	94	35	7
29	73	24	19	47	42
80	41	97	7	73	94
9	70	93	25	2	10
69	19	33	26	37	7
88	18	83	67	24	95
87	99	93	15	13	91
36	11	49	25	66	53
53	21	89	17	33	8
99	77	89	67	18	22
31	80	81	59	95	78
22	58	75	86	16	27
17	36	21	30	94	79
91	52	33	23	76	54
54	96	69	90	68	51
70	58	3	17	42	31
69	18	83	3	95	43
65	34	1	41	66	37
34	63	5	21	52	59
44	80	60	42	96	92
30	39	87	87	98	40
38	42	67	94	86	58
37	8	37	72	5	56
90	99	20	2	21	55
20	74	8	78	31	79
67	86	73	14	72	62
50	85	9	33	64	42
91	56	47	53	4	19
22	13	70	47	67	38
3	86	76	60	11	14
32	97	55	6	17	100
69	11	32	75	27	20
90	25	89	59	69	68
42	49	34	68	66	27
95	99	60	63	7	28
62	54	31	85	77	45
47	14	93	86	84	2
83	81	45	74	23	67
42	85	1	89	75	60
36	27	55	62	93	46
41	14	73	65	93	2
84	19	26	50	97	22
99	36	52	15	33	62
38	11	98	34	55	83
22	87	80	89	74	53
68	58	28	8	28	69
2	74	48	87	19	17
45	50	13	61	82	68
31	97	92	22	42	40
44	17	44	84	24	75
100	92	71	88	94	51
60	22	28	30	3	13
49	73	49	13	8	84
85	24	50	75	72	24
35	23	51	92	88	24
41	58	84	36	12	25
94	29	17	67	10	66
40	20	99	78	92	4
62	66	21	44	27	49
55	1	26	62	28	73
61	62	18	40	69	67
69	98	4	9	33	29
70	23	30	18	14	48
15	48	45	18	83	5
75	30	75	76	73	77
8	42	78	54	60	5
97	97	39	61	22	86
88	91	21	54	49	52
79	81	23	6	86	70
88	36	98	10	45	1
21	46	45	74	16	77
94	59	15	69	68	16
91	44	30	9	55	50
94	81	20	20	55	96
69	35	42	91	64	74
52	75	86	55	78	14
79	68	53	67	26	16
46	34	50	40	56	37
77	31	36	70	3	21
10	70	22	19	79	17
4	60	13	36	11	52
32	16	14	72	74	72
44	24	51	2	100	94
97	68	87	25	65	55
70	25	83	72	3	91
97	85	50	95	7	46
44	35	54	82	96	65
15	23	35	43	23	6
6	35	87	62	36	38
82	5	44	82	97	93
42	7	97	52	67	67
18	85	52	30	25	89
67	99	19	90	20	78
79	84	52	20	84	70
53	65	88	22	94	11
63	73	40	57	29	78
34	33	61	53	61	6
29	24	56	98	29	19
42	53	58	27	87	95
35	43	94	40	25	66
12	23	27	27	60	76
99	82	79	47	29	74
3	27	21	80	99	38
29	70	35	35	26	40
75	87	90	3	19	63
32	36	4	42	67	69
80	21	100	63	46	89
88	2	21	94	49	100
53	34	7	69	99	76
79	92	24	72	70	50
31	87	59	83	84	98
17	29	48	15	26	90
26	94	18	14	8	73
45	99	72	14	43	77
22	52	5	42	3	35
81	58	54	96	100	69
92	7	5	38	55	20
46	43	19	17	58	29
100	41	65	77	30	79
83	29	2	48	79	30
4	27	16	9	59	14
72	23	10	78	58	21
67	37	68	70	15	15
59	28	89	10	60	44
85	20	96	64	92	30
55	88	74	90	91	88
45	59	13	15	11	46
72	71	14	65	67	33
2	83	5	57	100	66
86	95	22	33	91	7
4	90	9	67	68	70
1	91	78	42	8	52
84	36	48	98	6	53
57	97	93	90	27	48
31	11	82	45	23	42
12	45	54	80	77	37
49	100	69	60	76	83
16	88	80	95	9	61
91	58	18	32	40	20
63	34	88	13	93	70
12	98	87	8	91	46
44	62	74	48	97	44
60	51	3	3	59	80
55	87	62	81	25	46
12	9	90	95	97	77
39	45	9	22	94	62
79	24	32	61	82	65
41	54	72	37	48	89
2	46	4	16	73	23
30	97	73	28	30	13
70	29	77	27	17	77
87	96	32	50	79	66
84	97	60	35	67	75
31	11	91	70	14	60
22	69	55	72	43	3
7	4	7	82	9	9
79	52	84	99	52	48
2	18	86	74	22	57
44	37	18	42	83	75
82	99	35	12	9	1
55	68	13	75	25	5
67	17	70	23	18	75
93	82	54	11	63	6
53	39	52	79	98	40
61	75	19	28	35	33
28	69	66	40	52	2
83	74	84	53	95	24
66	51	34	57	46	30
50	40	26	22	96	66
15	96	35	47	86	8
96	97	51	31	68	69
91	20	78	10	23	61
94	40	24	80	12	85
94	39	79	87	10	70
81	53	65	46	57	32
30	95	70	72	51	89
37	18	95	18	86	83
39	68	65	13	44	80
86	30	78	76	17	84
91	95	46	79	42	6
78	99	72	16	42	44
26	21	5	62	53	33
65	13	57	33	12	68
34	5	57	95	34	42
32	12	64	95	6	90
29	25	10	16	96	62
63	25	30	42	47	17
27	34	68	14	23	53
24	70	24	40	75	11
95	52	90	17	73	45
15	56	46	42	46	77
16	31	48	36	9	27
76	96	63	83	90	81
45	97	95	9	46	37
84	81	56	35	70	35
77	1	42	7	7	67
34	5	72	100	91	1
82	42	73	52	39	58
52	42	3	34	4	81
2	36	35	33	59	34
43	65	12	42	75	75
72	68	77	48	56	59
23	55	9	54	58	60
82	73	22	82	37	55
9	44	13	56	15	75
47	67	36	50	65	7
70	31	74	61	38	43
24	48	58	95	73	32
87	42	51	2	54	9
15	55	12	97	97	40
89	80	60	27	55	14
94	75	79	88	94	25
74	99	31	43	11	38
70	27	11	69	37	7
14	10	53	60	100	48
89	87	62	17	30	49
52	24	51	69	2	26
32	89	33	82	66	11
94	96	100	61	57	55
93	28	52	37	87	8
6	52	13	71	34	81
77	74	17	34	36	57
47	56	84	72	8	92
55	25	9	96	62	83
5	100	9	53	39	94
26	1	81	35	67	17
100	61	47	86	24	76
55	65	73	97	19	84
77	25	80	25	82	93
80	85	57	90	52	23
50	43	65	64	13	12
81	41	100	70	90	7
50	27	37	22	1	20
50	48	42	99	18	33
61	8	88	15	23	71
94	97	60	51	30	22
7	69	71	54	44	77
70	5	82	93	48	99
70	93	8	81	4	83
1	47	68	11	46	29
80	91	45	37	75	52
3	8	43	16	11	23
77	18	50	30	34	93
69	90	4	31	61	61
17	80	4	69	64	32
52	14	80	33	49	20
40	15	57	60	38	81
5	77	60	78	42	76
24	41	68	74	79	10
90	92	85	89	54	97
89	45	88	20	80	1
27	5	78	92	47	21
52	93	21	35	16	26
14	90	21	86	57	65
66	13	98	46	17	33
54	40	20	63	32	97
13	22	65	36	23	97
84	65	18	74	34	44
1	100	55	88	17	64
86	62	26	35	12	75
2	72	77	67	33	9
90	15	5	73	92	62
18	100	80	72	8	68
35	24	54	64	50	52
73	65	39	60	83	2
13	45	12	2	1	12
50	17	28	22	56	57
45	7	30	11	95	51
77	23	24	92	2	93
81	75	94	76	63	53
32	28	93	76	73	68
31	27	24	81	7	11
10	39	51	87	61	31
64	70	12	9	50	62
62	38	19	83	82	6
31	13	35	60	13	46
21	94	18	66	31	26
52	36	85	31	87	54
31	47	32	27	49	55
4	72	80	29	71	98
2	6	87	88	77	32
97	89	100	94	7	64
31	40	13	65	41	43
32	12	5	48	98	54
91	72	13	66	26	64
51	44	9	52	50	2
80	45	19	94	14	66
15	81	42	71	54	73
43	92	35	8	97	26
19	5	27	20	60	2
40	69	92	80	3	38
43	76	20	86	56	32
94	34	32	11	92	4
14	8	15	56	78	47
74	66	88	65	60	80
9	40	55	41	99	51
96	93	3	36	26	45
12	38	60	88	60	17
67	65	4	72	11	45
48	52	73	16	86	80
22	32	13	24	10	47
34	6	71	96	87	88
89	25	37	94	46	32
51	45	27	77	38	53
60	94	14	88	48	37
66	81	85	53	54	72
60	42	21	53	88	98
14	4	76	94	86	12
99	18	82	73	33	69
90	18	69	64	33	92
63	72	73	29	52	93
6	23	23	46	70	44
13	16	19	28	90	57
88	9	46	55	8	50
51	81	50	100	28	64
93	66	44	73	85	30
34	26	97	34	42	29
87	24	76	69	28	75
50	1	35	48	98	75
70	83	37	15	20	44
69	8	30	25	54	1
69	81	30	15	24	33
51	13	26	80	89	34
91	59	18	40	6	56
38	94	40	83	38	29
66	72	21	76	11	18
4	26	8	54	39	7
20	90	31	33	33	91
12	53	50	72	45	6
40	30	44	75	6	89
14	79	71	45	14	90
97	12	68	100	8	100
22	59	25	53	65	61
53	11	57	7	18	65
74	42	64	2	29	5
27	88	99	63	86	70
39	6	76	52	85	88
48	100	33	79	100	20
23	51	8	85	7	69
41	59	34	38	95	54
22	56	84	3	10	54
79	87	67	83	73	45
50	12	37	21	7	76
17	33	56	70	39	22
93	75	11	67	68	34
65	16	24	35	44	99
52	35	17	34	39	59
83	52	26	88	17	100
41	8	45	31	27	17
36	48	36	47	83	14
29	28	51	4	28	68
33	83	65	74	55	54
50	28	73	4	39	32
4	77	2	41	43	2
19	39	88	35	3	88
63	35	66	21	67	96
76	53	38	92	46	87
98	45	61	73	97	52
3	74	22	20	80	26
98	38	3	66	57	7
95	50	74	92	80	34
11	20	72	93	46	89
96	10	69	94	86	36
60	61	33	32	17	61
92	74	72	85	61	16
82	82	28	96	91	67
65	90	48	19	45	58
5	22	39	62	62	24
6	90	65	29	31	84
5	4	50	20	21	56
88	82	11	23	93	78
76	66	66	14	83	54
44	44	85	90	42	60
69	25	19	45	38	52
8	27	71	45	4	9
36	44	78	11	31	15
40	70	30	62	28	100
83	61	35	86	84	15
18	61	22	58	55	12
35	65	41	53	48	90
11	2	71	40	29	82
32	22	28	6	53	62
90	32	40	76	99	84
49	3	65	92	63	100
20	5	24	27	13	79
46	66	65	70	9	13
22	40	15	3	80	54
4	60	54	77	17	28
19	10	85	80	19	90
35	76	68	43	34	88
88	69	13	34	65	75
78	73	8	99	73	19
16	78	18	73	87	21
25	79	2	56	79	32
96	90	33	61	12	31
52	33	45	13	29	100
59	43	38	37	12	30
92	56	22	32	30	11
85	9	98	31	18	25
78	59	23	82	6	39
19	58	93	31	82	49
57	81	49	71	15	65
78	9	68	39	1	100
11	44	94	27	99	15
87	54	24	2	97	18
94	92	60	7	29	59
57	64	48	69	1	98
40	45	98	1	52	99
84	41	97	58	90	35
61	18	93	89	74	39
19	70	100	73	35	49
84	70	73	19	65	67
30	51	48	45	5	62
62	25	14	96	9	37
16	34	52	6	18	8
33	62	13	22	11	79
81	89	59	60	96	32
96	58	5	81	64	52
46	28	79	67	82	36
7	53	58	60	37	3
48	40	59	40	32	78
32	5	24	9	51	20
68	67	63	5	33	42
80	26	50	7	24	80
96	60	57	87	27	79
13	45	84	63	77	70
69	11	76	75	34	35
31	84	72	38	36	29
54	77	53	44	76	32
19	96	87	12	89	57
61	78	98	23	90	54
72	95	26	86	86	38
63	60	3	99	72	29
72	97	57	18	15	97
82	67	89	40	28	70
43	17	66	53	23	34
15	99	78	17	47	68
97	92	51	5	63	19
75	7	75	56	71	40
65	25	82	87	40	17
60	93	26	38	25	65
13	81	13	69	57	4
91	90	36	75	72	96
14	24	54	15	80	45
31	99	22	11	29	36
10	63	32	49	5	94
36	22	80	15	71	52
47	2	82	17	92	35
75	65	19	28	12	54
84	12	42	38	63	15
42	59	38	78	5	89
73	46	71	87	16	65
37	65	40	56	41	61
4	18	99	20	1	22
81	64	56	16	63	29
43	77	92	98	98	32
34	87	100	93	19	6
41	37	11	72	55	46
23	55	62	42	52	55
69	18	32	77	83	1
35	56	2	26	24	58
43	62	2	21	74	74
36	27	30	37	94	65
36	90	82	13	62	39
75	95	87	98	66	53
54	63	44	68	33	90
62	42	7	80	56	1
51	32	33	4	97	35
62	7	17	95	92	60
75	69	62	66	1	87
24	24	31	82	17	45
69	76	55	13	10	63
58	6	3	10	68	94
75	98	32	49	10	31
84	60	31	22	51	53
42	26	87	18	48	11
79	13	88	45	66	26
19	75	5	36	78	44
94	38	99	100	30	32
99	41	14	30	94	39
23	88	70	1	36	57
71	34	84	20	18	61
59	93	26	8	89	61
61	80	17	93	58	38
52	1	12	74	64	15
20	73	21	2	28	55
80	65	52	81	27	53
8	60	1	91	10	71
45	95	8	18	87	14
14	32	72	69	90	6
9	1	17	34	55	17
65	16	26	55	13	48
81	76	53	81	99	70
78	90	50	12	32	18
16	85	86	5	71	82
22	1	37	36	39	18
78	3	44	80	61	64
65	10	48	68	43	55
85	38	32	3	100	21
78	37	50	81	26	50
9	2	76	85	17	25
41	30	62	77	96	79
71	26	28	64	97	41
30	12	54	82	81	3
60	53	75	84	52	29
34	93	29	40	43	40
50	92	44	91	30	40
26	66	85	63	22	28
27	11	14	42	56	70
48	76	43	97	48	1
76	3	90	7	1	98
54	58	42	26	53	20
12	89	74	69	29	71
80	37	58	18	12	54
54	32	32	93	43	39
33	11	9	21	71	33
80	63	77	18	79	38
14	72	31	78	29	12
57	81	8	94	89	29
17	35	18	96	63	87
6	23	25	32	53	41
42	32	48	77	79	54
19	64	66	23	72	24
38	90	71	52	40	98
51	60	14	54	21	9
69	34	58	87	94	50
40	88	7	33	100	6
30	58	59	77	66	22
57	39	24	22	96	48
33	72	23	67	54	63
35	16	33	72	51	7
28	90	66	24	77	49
26	46	17	96	65	94
8	80	22	72	76	84
13	27	69	40	26	35
9	68	64	77	50	42
40	26	54	61	94	27
57	64	54	32	89	71
56	48	70	88	41	84
71	68	16	55	83	59
58	31	13	64	15	37
63	56	100	70	6	42
48	52	67	31	23	25
88	78	97	57	11	88
86	85	38	2	64	43
77	48	75	92	12	20
7	5	46	88	60	93
30	95	16	72	83	25
95	34	5	72	59	51
26	88	10	39	41	76
33	7	16	32	39	55
44	31	66	30	74	15
30	13	60	71	57	89
1	27	61	64	70	46
35	3	7	44	53	85
13	48	53	25	100	82
89	46	34	58	35	96
45	65	34	51	36	49
91	84	34	64	47	64
67	28	86	41	61	89
63	72	73	33	9	34
67	88	58	54	100	9
19	2	28	70	35	36
96	55	42	91	79	20
7	58	56	72	87	44
39	91	64	94	13	48
19	71	41	5	14	82
94	77	83	74	85	47
21	96	22	26	80	39
93	2	37	72	92	61
50	49	20	42	91	28
64	91	81	58	74	77
31	13	78	17	25	84
86	36	12	33	3	9
39	48	71	17	11	30
48	74	40	50	15	27
6	74	44	61	16	58
98	32	34	95	73	51
10	49	27	51	37	1
70	100	87	9	70	75
15	46	80	85	67	98
90	42	95	36	45	65
21	27	97	45	84	75
16	92	40	30	53	15
80	96	2	33	79	1
84	23	12	1	87	92
93	74	56	23	43	57
70	88	23	71	68	51
82	66	38	96	67	30
97	22	81	66	33	53
66	56	49	97	66	5
96	52	85	10	37	53
78	56	31	37	69	27
74	61	86	4	31	41
22	5	87	24	22	50
62	61	35	43	5	15
13	21	80	54	56	4
86	76	64	58	11	53
98	48	99	21	71	1
24	88	86	30	83	67
79	98	4	33	82	66
44	88	73	36	33	38
49	30	55	29	59	66
71	63	63	15	40	31
51	57	9	81	43	88
97	8	60	85	4	74
63	75	87	3	66	44
92	74	54	72	96	29
36	70	5	70	81	93
65	2	64	60	64	60
18	72	79	13	77	21
74	34	18	11	55	88
27	27	36	59	36	21
77	20	26	73	68	40
82	19	16	61	99	56
81	77	92	41	10	4
21	69	49	94	55	16
73	58	20	78	88	71
66	83	44	19	38	24
1	45	69	48	60	51
10	23	30	1	52	61
70	29	51	18	6	31
60	10	43	27	53	75
22	86	10	23	75	91
93	79	44	68	8	8
92	7	84	69	79	24
59	47	91	93	49	43
57	83	91	62	67	44
92	31	30	80	5	89
58	84	40	16	39	67
31	98	24	86	19	30
5	44	17	47	15	8
56	50	81	61	72	21
88	21	24	96	87	36
43	3	26	61	99	4
64	29	76	85	53	18
14	7	41	46	73	74
79	69	17	45	29	5
15	32	59	86	74	83
29	89	33	85	25	41
92	26	95	81	67	71
69	27	36	24	78	86
1	66	35	45	14	39
4	7	50	3	21	51
24	20	20	24	60	60
47	92	22	16	64	98
68	100	65	93	26	9
100	79	64	37	92	9
94	43	13	32	16	42
19	62	99	35	35	64
65	24	98	100	24	63
33	1	40	60	90	29
50	67	40	92	18	85
28	31	72	11	34	13
50	89	21	79	69	27
49	89	78	24	5	96
19	15	82	42	7	86
14	83	58	38	97	58
69	93	46	18	53	76
53	77	23	70	73	21
15	31	100	21	33	59
46	14	32	13	66	25
56	60	9	32	8	85
31	41	19	61	17	13
44	23	55	94	54	23
56	99	37	98	62	86
80	92	36	51	5	2
5	52	56	91	19	55
25	67	35	66	78	40
57	71	42	27	11	79
100	31	21	99	55	81
33	81	28	43	39	41
98	73	45	10	97	9
12	17	11	100	92	9
43	65	29	75	65	48
6	73	11	45	58	40
41	68	62	54	31	46
87	22	73	10	40	26
82	77	85	3	28	68
84	86	86	23	25	62
89	91	46	68	4	22
12	68	65	71	53	11
46	86	32	45	12	64
86	82	45	58	40	58
15	88	23	57	36	92
25	45	42	7	83	45
50	48	84	17	79	66
24	43	74	29	30	95
95	8	77	11	71	94
42	20	18	90	7	55
37	5	2	71	21	45
27	39	3	95	36	81
74	77	100	30	5	6
22	67	10	75	26	6
26	2	2	38	91	48
13	73	22	45	24	24
58	42	68	83	17	23
98	75	13	19	83	99
53	49	20	4	95	14
66	7	38	44	15	25
93	33	100	19	22	52
100	89	66	10	54	60
13	93	1	78	63	18
99	61	25	74	8	24
29	91	49	23	83	27
26	45	82	25	56	20
98	57	3	64	23	98
69	56	57	3	49	76
87	96	68	24	84	77
60	99	90	46	82	86
64	55	3	23	36	8
54	89	34	88	1	45
59	23	7	55	22	3
61	99	73	29	25	27
68	91	56	48	76	71
36	81	47	69	67	74
50	26	39	71	92	22
75	66	94	37	38	60
1	38	28	4	16	83
7	88	39	80	77	62
25	79	54	99	19	88
22	8	53	41	8	10
60	70	30	47	9	1
32	53	12	38	40	97
6	6	2	41	67	99
98	5	63	61	19	75
29	66	54	19	38	14
38	27	85	20	52	51
15	47	31	11	1	20
61	2	56	22	36	89
36	32	85	88	19	47
41	54	42	63	8	25
83	30	24	86	83	72
53	93	70	15	46	32
5	66	79	73	96	69
16	17	1	82	100	55
39	60	82	13	87	78
44	44	46	66	19	26
25	94	48	86	10	37
1	47	41	69	95	84
72	29	30	9	42	36
72	78	64	93	43	30
7	64	89	56	31	4
58	65	90	16	85	13
78	58	70	47	100	47
92	18	15	81	85	31
18	82	21	41	70	75
45	86	49	87	73	84
57	27	39	97	56	79
76	62	28	42	95	44
56	4	5	26	2	75
85	50	34	13	54	36
83	40	56	89	50	1
40	76	63	83	7	3
3	6	5	18	93	42
39	62	33	4	59	35
20	85	21	63	74	83
43	37	78	19	94	60
36	42	41	44	53	20
17	21	22	39	33	92
4	83	6	96	10	39
68	34	35	38	26	10
88	36	43	10	100	44
42	61	20	81	99	41
65	68	35	4	70	42
10	12	90	97	24	54
90	93	33	39	22	33
17	46	24	11	29	48
83	18	76	28	49	54
18	73	70	18	54	89
47	58	86	60	11	29
100	66	30	10	39	47
17	88	17	49	37	43
47	6	44	95	62	6
34	17	100	21	80	14
63	75	65	87	87	33
38	3	95	10	1	31
