15938	12515	17820	6803	14515	581
11305	18708	3401	8008	795	11748
6544	18670	13892	14829	18923	17904
5026	16006	12254	8151	18649	19499
5984	9192	1715	1201	12027	12343
12445	5271	910	11573	13404	15928
12222	5152	9206	14714	9785	4415
7470	7067	16406	13717	1654	17418
15198	1402	6105	6051	283	254
8966	6855	4408	9883	11511	8905
17413	5015	1983	6911	16286	4537
4267	18332	10762	16930	2090	13823
144	19012	5656	1274	10371	18837
6148	18116	4085	2943	8470	11579
2640	9778	2749	2476	2242	14955
6659	9179	18808	19002	6116	19023
10023	10878	11699	16935	13924	6050
15645	3784	573	14141	3954	19073
15029	16263	15517	11978	18364	9333
12864	11337	4305	2785	19515	6571
10491	12274	1961	8155	1186	9742
9041	2699	7441	4509	17629	6462
18052	11954	13852	11928	6411	8314
11578	3957	19217	2675	3468	18312
18619	5143	6777	1748	10152	18657
18649	19012	12125	6869	7088	5866
4748	19225	12576	8036	5562	2608
11766	17186	11096	12051	9964	15446
2408	2695	14082	725	8926	7083
4859	8081	19047	11275	1363	18181
7697	17741	9499	8877	5058	12957
10185	15161	11850	2797	3826	12745
300	3483	19677	3223	8083	19910
5260	18369	13710	16094	5011	11263
17263	11185	17236	16292	12655	3903
2493	16323	629	5070	5451	6233
4140	11975	18122	3467	15132	14979
15383	17622	13155	15949	3443	16362
1410	10413	6327	4894	11799	6336
15936	18330	1156	13450	355	12564
19562	10721	13902	4317	15180	18019
18850	1434	179	10506	2137	8060
4593	15483	1876	17829	4385	16907
14189	14415	10431	11319	1359	9945
8031	2369	2663	10553	11617	3752
18152	16344	11511	3670	12400	17452
5157	12679	16498	5204	19826	6581
2780	13096	8932	19661	2599	10464
15951	8813	8070	120	6849	11737
10747	12898	16054	4171	8485	6992
12223	18562	15799	13529	18122	18306
15685	10306	17297	19650	1662	18340
6478	7017	8200	3515	6433	6945
12830	1715	12785	8825	11235	4835
2022	18097	11054	14338	8297	4444
5321	10370	6486	8490	12231	4791
1815	12268	13654	1742	7745	9947
14489	3231	7665	5915	6094	11755
18074	12815	19737	3914	9468	13657
19889	16404	9633	2623	15779	18941
353	7680	17661	19034	11425	5122
8800	5138	4194	13242	4087	3258
14552	3629	6121	3895	5563	13735
15391	16587	15776	19194	9903	8083
11355	19046	7169	2910	529	19872
9197	10275	18746	628	10437	9967
7480	14822	12429	13701	1669	10080
19140	9815	4573	13436	4203	13057
17113	18563	5544	19111	4681	19478
19091	3506	15361	3174	6224	830
19623	11545	12492	620	10980	9463
2296	11442	19964	2569	1034	5575
5929	8484	8594	15561	17977	9240
2081	10900	18359	14494	2383	2915
8701	18845	9897	19605	19248	16614
19038	18947	12934	9236	13900	16749
12863	1536	14725	3542	213	4430
17082	17418	297	5603	9205	4365
13708	1005	10650	11084	9554	17185
11003	11092	6810	1245	13159	3392
18138	13740	583	14673	13845	18230
7399	15883	10951	4634	18313	3443
18240	16656	9719	15177	6998	12677
13331	1574	18147	16444	7261	13660
6874	15438	13073	5888	9165	15880
5337	6486	6771	12379	9748	11234
17894	4714	4840	5883	14253	5510
341	17248	19092	18482	3521	10079
5358	3742	6858	16697	10338	11024
11009	17744	9181	1897	15628	12493
308	11249	16231	12603	990	5649
4189	5297	19195	13164	17551	17123
17433	7523	4251	19813	3106	16787
15846	16943	19703	7676	14712	3430
15043	2179	3156	14792	1429	2661
3880	9475	8758	7075	16315	13011
18513	3832	3148	8427	2220	7962
10568	1666	16260	18428	9098	10045
13508	17538	15377	9648	6534	17494
19143	18663	12527	9689	8362	2260
17687	12970	14490	1314	16706	18839
9765	19220	3993	15500	4620	17488
18650	5642	2305	15336	15551	11019
5236	15975	4163	9840	11299	10141
3580	19204	11074	12071	9690	13771
14076	16371	1712	19116	1354	12326
13282	11990	1472	9130	9010	13512
17822	19385	192	19705	6669	14107
12537	9248	15271	839	16262	8411
12892	9290	10161	18689	4353	12477
12450	19527	206	3653	14806	15653
3191	17543	2352	19385	6200	11272
14604	6335	8528	6489	10810	11906
7211	1896	2913	15495	11117	7187
12047	17194	1184	9478	7863	2968
7116	18233	1051	13213	15286	16542
16232	5014	3227	8410	1590	17957
4544	6248	206	9776	5868	4265
18500	7658	16168	5091	7102	13080
618	1368	6329	9281	8466	19882
14727	12975	6495	15525	12709	4252
7213	2211	9728	4859	16006	8042
19874	1249	19476	1902	7185	19001
16848	9503	10921	4830	14999	13890
15360	15971	12763	19817	1386	13644
14451	7524	9825	1290	15929	15518
13792	13509	926	9209	11744	9116
3091	2881	18905	17564	5386	3131
12680	12648	10382	6111	16408	3277
9134	278	14259	12231	12641	2198
19890	3504	17639	19632	8957	10347
9098	1872	4660	18055	6539	3588
856	7851	10355	406	8021	11809
18660	13484	1136	17031	3399	5445
10186	6349	4155	1681	16155	11763
8287	11021	6500	6238	12996	7141
1844	17841	11804	3901	2752	3695
18089	3440	9229	9653	154	1441
4007	3801	6600	15105	17676	12464
18391	9667	16347	2134	12104	18414
1812	7759	10360	18015	16742	6717
18476	9647	6225	19307	18055	10033
7947	19176	14936	10422	7751	1434
9072	4051	16478	7461	8823	6081
3684	15120	8539	10053	2155	8614
19859	17415	8294	10490	414	5676
1974	19444	1478	5077	5912	8353
13248	19961	16563	12462	11985	4101
17123	4668	11300	9530	10382	10511
11156	1963	11501	8773	19578	18379
8622	12146	811	14340	19720	698
8912	758	3083	4464	19106	4478
4906	3919	4937	14752	6991	6870
7986	3955	19605	3553	19913	11945
3053	14466	3989	6151	17744	2776
9784	10682	12637	574	15640	5029
15721	16097	945	14098	16567	4233
3378	13992	12431	19957	14159	18720
11375	12487	422	14926	176	19155
3960	4260	14225	16921	19000	795
6294	12549	13264	18234	9014	1131
18507	8659	1200	4017	11391	11840
303	3001	7662	17663	5072	10984
1919	12328	10177	2445	6671	11295
1489	16702	6153	5912	3278	13014
15760	1930	2749	12148	11855	17342
16549	6207	4550	6145	14193	8778
14772	17856	18767	7488	10499	2798
8956	15411	6834	11248	19232	13224
2259	368	611	18429	17814	9618
12839	8173	5846	14408	4011	4079
7425	9264	19682	15475	16907	7801
3090	1936	17742	13429	19026	2438
249	13265	1881	8009	1669	19419
5796	8964	17840	9996	3353	5674
9720	749	19289	1154	15867	17233
15405	3632	17771	15060	19711	11175
11411	3341	1900	12174	3429	8572
14818	1003	9705	1971	13204	15021
11546	17134	8046	1556	13436	4795
10262	7753	7510	6839	15550	11994
12153	18480	5190	9429	17651	1777
5009	4553	12810	17085	14497	18360
6984	7964	18475	7998	1807	19125
5705	8072	6643	4704	20000	11866
4530	4363	14832	302	11153	12952
3786	2550	8466	754	13769	10156
15944	16658	8875	11339	2778	3500
9866	9279	7548	17034	15465	5394
13061	5826	5167	910	19046	16054
16309	14139	14277	1270	6748	5573
9965	1115	18893	18173	13060	18751
5899	17848	1307	8049	4489	14322
8069	10970	8134	3412	6244	14061
7256	18013	13492	12793	19136	11396
12038	17130	1982	5391	18853	7919
14331	18829	2305	12348	6982	3504
19924	6214	12502	12433	954	19992
649	10344	10953	7322	2680	8802
17047	7752	11863	5399	11843	3278
17756	4334	444	14979	17103	715
15020	7906	16486	7408	4898	18854
5350	19764	15097	3986	15047	646
16381	13318	16979	3329	19250	2503
15048	14803	3211	3608	4369	1617
9527	10595	16042	3783	13839	10060
830	16087	1262	11501	16703	2608
8836	6757	6801	3653	1700	9990
15623	17345	6058	17474	16654	6028
2581	12222	11635	7139	598	9477
6215	6554	5788	19038	12709	626
1400	16602	13483	6081	11082	16937
6862	7736	9805	5246	5260	3506
8798	18335	4303	14560	19554	2985
3522	19604	1314	12655	18654	19731
9798	7183	10500	11436	16561	4238
12690	7776	11290	18751	19710	5293
3298	4260	3215	7297	5401	6292
14832	12027	198	12675	9970	2831
272	8446	2849	11725	19070	16818
828	4036	18208	2383	6790	6516
6835	17763	9011	8766	10715	9070
19499	7334	4299	14072	149	7510
17076	3791	4297	17036	10972	608
2712	5330	15508	238	13683	10759
8037	19836	18935	880	3842	19365
11509	1817	1887	11050	9471	14184
2715	5387	14951	18263	16544	18103
9822	8385	14498	1018	7739	5559
7094	16871	16359	17536	14455	3347
4511	7369	9942	6677	11429	9851
2952	12993	8288	570	1481	5115
14653	17163	5495	17022	13142	16766
12182	5273	13500	13349	4582	5549
14498	8032	10663	487	13944	4045
11556	4140	15193	5908	7532	18990
7274	17823	10136	14391	15671	2436
17291	13884	16550	7441	15312	7648
11311	13033	17297	17338	16538	6125
13756	7894	12057	6075	16407	11843
15802	8440	7494	10608	15949	11114
11642	7571	9951	5226	6562	3873
9479	5420	125	8960	18562	19426
13256	6699	6741	18462	4649	3187
10982	8380	12204	2677	2147	2660
6804	14236	13323	18835	7609	16381
4667	19202	5351	6955	14916	19332
3999	15608	9839	12843	18293	3297
15620	6994	13561	6838	15491	13499
8373	16023	6983	12255	16613	3170
10909	13249	10047	16152	7558	17876
10820	7747	9220	2285	1756	2381
11012	16775	14061	12280	14105	16167
15289	19301	15433	16975	18063	4209
15946	19969	7059	19475	13189	10093
15881	19901	15488	7850	1107	8437
6094	14421	19422	9437	1914	10994
14962	14960	11058	7118	9931	11689
19849	15895	19930	16876	18585	2867
11082	7400	13330	9334	6647	9433
12857	18904	17850	750	6138	6082
15876	19800	12878	13187	3732	7427
5101	9321	5771	8043	17867	15573
15984	14941	1247	3405	17614	10417
14611	9596	2782	4730	18625	17061
13451	17003	15097	2427	18550	16060
18115	7385	2554	1128	15692	4597
19397	14639	11025	18137	15354	7351
8833	12047	8525	5962	13681	5781
16623	14379	1654	14101	235	11027
4527	19770	15398	8036	16797	5519
7623	19192	7480	12359	4502	12407
18818	1581	17099	4408	5617	16460
9283	13511	12919	8515	16079	13210
3926	10240	12785	5955	18706	800
18670	3570	13913	6339	6763	1955
1378	2900	240	9789	5335	2286
4200	8695	8525	16408	13567	7077
643	11944	11127	18956	4316	19348
13986	18295	419	12959	124	13658
9891	19827	6941	6669	18745	18810
4346	18226	18030	17654	18656	18419
15369	5162	9134	6389	15388	11539
16923	8861	16782	18467	13434	12251
13367	11758	14235	11330	18801	8072
7684	7801	13724	5778	6815	19028
9079	14093	12637	7563	19822	12209
601	14242	16904	10082	5374	10314
1549	12703	15007	654	11870	8637
5902	13124	9611	11667	11315	11880
2060	16229	2699	882	18135	12077
13357	3183	10355	16648	15711	1608
11613	9008	10985	16298	4551	1851
12615	591	19178	4644	7382	19187
14655	13935	6460	13034	10947	12454
4860	10620	12470	5517	16047	6631
9124	9028	16251	14194	2719	17496
15360	1259	1712	370	4751	14465
5663	19799	14225	5079	13102	8678
16912	19693	13571	5080	13268	19213
12440	11841	16319	6889	299	16464
6476	19551	7762	15277	7912	1269
4938	3422	19097	10607	13714	9681
16754	17602	999	11487	11196	14627
6793	2771	13950	4614	17492	1458
8258	13055	17922	11014	17352	7295
16365	8000	9351	830	11015	15494
13093	11542	10471	15961	921	12233
5934	3626	1002	14744	10824	11385
805	4564	343	15426	5073	17588
6120	1425	17623	5688	15582	15890
8388	2394	11117	1928	5158	6444
16123	3762	4674	2138	7596	2462
5453	8213	2129	6540	6905	7343
4659	1940	16463	8006	5052	2942
8411	3041	6860	5277	8073	14248
14784	2478	1473	6593	3111	14801
18799	5837	15740	14943	7079	8664
18763	133	15934	3940	13564	8209
7963	16982	8726	19899	13117	2580
10230	17304	356	11178	14648	9111
13847	8877	16698	7131	13956	17590
251	2162	15944	4946	13890	147
13457	8627	4300	17973	4569	15119
15527	2127	17563	19041	6206	18909
1449	6168	4199	7970	10333	9813
8102	8543	691	1829	14329	19865
2953	12403	13618	19727	13232	9259
1252	3732	14382	18066	19274	13245
12270	14165	5942	8618	9241	2261
17296	3184	13214	19663	7288	14331
5628	8617	2957	4281	11137	17023
12093	13864	5795	2949	11606	14308
13038	17472	19050	17523	13521	8696
1842	8960	18075	13407	5177	16452
16576	17747	5852	16343	14842	18768
10872	4213	4193	271	5787	9601
13483	16561	11075	14470	10435	13512
9367	9406	3872	17852	15624	13972
5340	5458	15230	12926	5929	122
653	7928	16645	4527	9356	6061
10749	18510	6481	8234	190	17531
19399	13771	18485	4134	6931	1167
545	1322	17730	18961	4889	11827
8780	18507	14703	6797	17214	19777
12795	16046	3607	3371	2831	8730
4763	14483	108	15745	15474	17288
14882	3473	3444	854	9590	11547
15264	8261	5379	3486	17260	16804
8802	3190	590	19796	17289	11649
5344	11912	16977	12948	7920	6545
1183	8834	19746	17486	10492	10764
8697	699	12976	18953	8681	9329
10792	14563	15356	11507	758	12577
12164	2422	6440	1186	14512	3010
650	16080	6731	13632	15403	6518
9288	16379	5184	16102	6508	11199
9922	10046	16739	4812	9784	18295
9869	12125	13214	14678	4466	9695
4314	2313	8021	6351	10520	18757
12790	19368	601	8547	2094	14226
18978	13900	18895	19324	9124	6975
11912	9787	1157	17615	16672	15217
4652	6825	19662	7338	10253	15333
17586	11848	689	1124	16860	1454
1656	19977	8060	6814	13971	1477
15831	8878	521	6651	16979	8185
13126	7344	14756	17435	15265	14920
13275	1630	16746	3706	4585	16479
10668	5280	15073	11124	12849	1513
4493	17057	15987	14930	12642	14284
384	9680	484	7546	3993	7446
7937	19417	9893	14614	13276	18518
18401	6283	4931	6081	3526	10628
11240	11156	9536	1061	18735	15331
9268	2815	4755	1727	5835	6504
17324	353	17918	8522	5678	2790
395	287	3899	5235	8127	13095
6544	7023	6693	12489	17930	12663
14157	11361	1247	5135	12655	6230
4425	1000	11786	5684	14323	1696
17184	14507	3009	4397	9910	4655
11470	5986	8935	9950	9304	1799
3947	10708	19831	15282	5687	394
3325	9801	14625	17228	17826	7322
5704	12880	12086	5828	168	18783
6732	11789	10306	16549	2119	5562
5735	5236	9151	18763	18682	18519
18313	9126	3640	5757	4640	6812
4022	6488	16580	14908	14645	17181
15603	2681	6309	8829	9622	14057
18020	12874	9256	313	17566	12222
15953	4904	10362	12894	14658	6916
18272	17266	10214	11359	19259	18804
1217	13265	12754	2825	18859	18911
9845	1940	7390	5190	15021	1906
4128	424	6269	3587	9435	2974
7566	10891	8125	4074	12304	13479
19419	3864	11149	17865	13398	17891
16836	15168	12157	10469	9972	17758
15385	13869	10950	12553	7706	2361
2611	14972	18794	6550	5763	14118
7900	6463	9233	7285	18442	13603
9100	1951	7492	11702	16888	19873
9359	16261	608	709	18307	17486
19993	6249	16545	4004	1295	7233
2454	18323	11069	1488	11054	17487
18640	17292	11403	8304	12383	6663
11573	4571	11311	6596	14108	4428
13979	19720	15337	2757	2162	18426
15330	10154	17881	3217	16032	6365
18607	2054	19709	18995	5848	2066
18234	7341	16857	4086	3062	8759
14766	6467	1966	178	19676	15915
9329	9754	8799	13371	2110	18731
4224	6727	16099	18396	6914	12113
13795	13148	16344	8885	2127	13547
2708	5931	6737	3529	2227	8353
9087	15077	15078	13480	15688	18299
18371	11100	12335	18543	5996	8607
1538	12794	11017	4797	17538	19239
10583	17302	7772	6239	8265	18066
3137	4826	8251	6988	11029	15754
1673	7064	8852	4650	516	3335
15523	3553	1252	16650	1986	17496
10496	17734	2726	11318	7807	16029
11714	194	4153	9536	17825	2464
12118	3058	12798	12969	5730	6860
9630	8507	11014	18241	12222	1212
13172	13623	4767	5279	11082	17847
3548	4261	15288	15903	9145	15264
15548	9501	15185	1632	16787	5942
14974	4014	14411	6018	10604	4450
6181	598	6613	9091	5390	5222
6028	3732	8327	4864	8612	7634
1557	15776	758	1006	19755	1113
3284	2692	18939	11600	1527	10060
6592	11033	2058	10430	11144	14445
6484	10756	18832	9301	14284	5963
15601	17889	17262	3998	13928	10463
13100	14418	16505	19855	12256	7148
15162	15676	14595	17641	10897	10663
16541	18047	6942	12256	18177	14020
18908	11028	6033	18059	10894	15928
19788	13446	8290	1362	13893	4850
13498	12881	14943	17146	9960	19722
6948	16678	5956	19220	8612	13873
5358	1322	5212	19423	12914	17359
11077	17897	14432	5006	5193	8719
4844	13654	9181	12907	7989	13499
6820	7878	712	19955	17307	1655
18902	9099	13419	11575	773	10429
5704	11050	8545	7837	8562	9297
1944	19414	10190	18931	1429	18940
10557	9375	12352	5210	9194	13931
15124	9229	9905	16344	13744	7225
10278	14280	16760	11225	16993	1054
6964	11086	6945	677	5326	6679
8358	14866	14551	3035	15992	1273
14641	814	8672	18196	2367	12953
10043	2994	2819	9499	3790	15885
18728	14510	5562	14806	3668	10932
18915	5179	8112	15550	16711	10748
6074	18400	656	17441	14610	12077
12289	18445	15329	8423	4404	13965
13033	5792	19859	3668	17699	19712
3817	7364	2208	15770	13026	2502
2413	14669	16911	4816	8564	897
18431	9898	5084	1413	1232	11881
4219	17927	12295	14662	11765	7461
18653	13180	9631	19535	16560	18747
6133	19245	5398	17455	326	4255
854	988	18627	9191	3522	19973
9349	17802	14628	18746	8324	10264
14314	3250	16611	16443	12413	16929
7637	7174	8204	5235	16867	6260
7318	10172	3443	9641	17284	16029
7693	1630	16395	18426	11810	11710
18417	16338	19428	8435	3830	3742
9681	13548	7334	16012	8861	13797
18724	3355	15783	10755	18812	6172
15980	6946	188	8706	6515	2690
18951	17439	13120	3807	8935	11683
17766	8884	10672	8854	11332	15381
4016	5959	13574	1750	5645	18148
391	8007	2349	5296	19028	15211
18962	8115	8006	4517	16580	11349
3612	18823	16117	4969	17644	12403
17337	4096	9868	15892	2022	8835
2556	2792	19545	17765	15469	3732
17932	3638	8848	16766	17909	1038
5696	16798	6722	913	2920	16542
17199	5617	16169	1551	6277	13024
12676	9508	8759	16404	7752	7543
6828	12058	1394	16489	9770	14161
5586	4928	11412	6482	18218	3269
343	6555	7971	19264	19507	17977
14714	14021	2259	3557	1802	9827
15132	3114	18543	12889	5681	341
19207	19953	9095	2366	14940	5583
14291	17769	4780	8647	11803	3959
4592	5723	12227	19216	9401	10754
15854	15432	6231	18227	16260	10782
505	9989	121	17132	15709	9855
17519	18616	3190	4366	19282	14695
9159	2167	3675	17867	18449	17124
8380	1769	14239	18192	11164	8673
4563	4302	5464	6010	16777	5427
7488	9220	4141	11903	12451	3119
15004	13423	6762	16558	4964	8326
15954	17712	6409	5881	13183	19020
3859	16587	17205	15178	8379	17658
18537	18672	12867	4781	5836	2361
12846	3027	7028	3019	14578	11062
1918	11191	7352	14060	19063	10225
13901	2451	1157	3176	18832	1581
4326	12416	3595	10148	16453	16783
15344	11942	2136	382	11061	4505
11065	316	7723	1627	14020	13146
7691	1760	18810	7604	4471	2780
9738	18985	16062	3924	16955	18534
14806	7893	13624	19663	15580	18650
13071	13089	11262	16302	16650	6612
5895	14954	17450	1584	5689	574
12124	12274	10266	13967	7813	5153
18354	8277	13139	15465	17808	17842
4150	14078	7178	12784	12842	5261
11066	18894	2315	13506	12660	1987
3242	14297	5023	1377	19773	7971
9056	16289	19392	2013	19376	11699
17075	8749	3211	10728	3425	13943
1054	9463	17172	997	3494	11049
1397	1992	6333	19237	17968	17720
17467	16675	17613	3216	15129	11786
11110	1803	5853	17542	16286	15872
9486	1296	17303	13420	2604	12044
19210	18404	17210	18891	9986	13007
5040	18445	19034	10637	6162	5499
13583	9698	16197	6147	3837	18467
8274	139	13185	16950	5083	12603
4709	2626	3392	3898	4238	16580
18451	8437	15183	8988	8069	1218
19068	9008	4868	13391	10753	7699
19902	6139	14213	18999	12049	13254
17590	6498	12963	7510	14606	2030
13723	6245	13881	11639	1569	12450
5599	3290	10617	15749	8410	11675
17520	6957	7787	5207	10466	7505
15125	9777	13971	8673	16025	5034
3330	9493	7718	484	17221	15911
15128	4721	12711	3357	2585	3175
836	7299	5838	8122	5249	6921
10126	16892	17887	8722	15071	6225
6236	1128	17347	1564	1935	14432
18635	19396	7578	6985	11002	792
10734	3581	14144	19985	6235	8973
11905	13126	12509	7467	14925	2825
3654	1023	17787	4669	4722	19080
17830	3918	15138	16652	19600	15398
9162	5475	3222	15960	15538	10468
1104	9912	5406	12467	4713	6130
9222	749	2180	13926	375	11850
2654	10466	9156	19544	15717	11981
8138	17741	1509	7077	12552	2088
1088	15758	791	14503	495	7223
5454	18570	3216	16967	9006	10144
6660	17244	2886	3054	11495	19825
9735	906	14392	6427	4485	1583
15946	17918	19247	13146	930	123
9615	8946	3359	13109	110	11589
13158	6879	14792	10553	17984	5538
16818	10103	16166	7488	14015	8263
17258	7712	3256	17786	759	12190
6222	3978	5821	2083	10339	11080
2256	8587	18702	1578	4833	18420
18940	5135	8719	4431	11612	8046
9450	7284	6869	207	2663	9367
3912	5018	1246	14221	16312	12859
18588	1838	10233	13802	3037	4375
1729	12757	14101	5066	12889	1003
10906	19762	12097	3963	4523	1021
18308	13519	5768	8476	2733	4849
7985	4174	19639	16190	9599	2590
3711	2545	9526	713	10725	12020
13832	4296	14945	10305	17849	18461
12590	7006	10135	6099	2451	2729
647	2029	897	12832	9913	4788
4195	13446	18332	1510	16519	6935
17573	8468	10924	12282	13654	5972
8832	13000	1231	19971	8937	8203
2112	11670	166	5199	6519	12530
12845	15606	2837	5955	15888	10948
13287	10685	19762	5472	2996	9999
8490	776	17994	8569	2484	15263
462	7240	8038	935	14895	17099
9919	14993	19299	4949	8700	5899
10750	15359	8439	14830	2941	2183
961	5586	7953	11874	328	14384
16525	14810	16730	15809	12192	4922
8605	19203	2103	1275	13638	15393
17079	4743	372	5151	14823	17319
15117	1856	6036	13417	523	3881
19024	13271	13689	19655	11459	5299
15192	13467	12712	12323	16392	19908
12148	5334	17539	6573	18240	7380
7026	12180	11848	18663	7594	12121
1689	7550	7413	9180	4003	6419
4073	18697	1068	2902	11463	14025
3449	11424	17043	14873	1031	7609
18181	5931	3757	1273	15874	16468
3530	12594	13985	11952	14097	3288
5607	8733	16924	9636	15628	9088
2141	15019	8786	17645	12233	17350
1651	9842	16612	6749	4786	4116
2754	18409	3789	15409	6511	8710
14893	7784	14240	16578	4656	3585
6056	14019	8170	19603	13287	8328
12687	5759	6392	15130	15814	17977
9999	12362	14020	5419	9094	13166
1446	6934	6684	2787	11492	5227
13904	2582	19816	11153	6967	10918
14412	4294	15590	3942	8364	19012
4068	6053	1929	1081	6233	2245
4962	4991	3123	1373	14736	8139
14906	13119	17028	16258	6478	6495
8635	18465	19134	9185	19592	8610
18796	14859	11256	10622	16206	9546
5226	9194	7329	16245	8383	1199
4208	1979	19020	6189	9001	207
1013	7585	13816	18835	7946	1413
16519	15027	10884	18107	5756	18346
6086	192	14688	7007	10733	6532
15779	2982	2692	6441	2242	16695
10150	13225	18816	9548	8016	5252
11225	5158	8401	19093	884	1962
624	13204	133	6200	2539	14551
17183	19325	18582	1059	6129	2938
6422	10350	16104	8028	18610	5592
19041	14220	17682	8452	12887	16346
8484	14619	897	6879	5470	16225
8070	6964	11875	17396	1855	2780
13260	19918	8145	13641	9822	16692
18545	17786	4858	6418	9778	10700
4103	396	5528	16417	19654	5086
14194	18232	19200	11487	5764	4928
4571	1000	11340	325	11906	11465
18657	1269	5897	7946	16444	13172
3785	7831	14379	12576	17148	5913
12326	13126	3218	9740	16768	11064
6090	14579	14725	16962	790	5406
15603	18074	17600	12644	12127	358
12679	5656	2106	8295	14328	3085
6049	15628	19740	7460	982	10847
19793	11113	7947	6005	10116	3057
12776	13569	18484	5165	8819	15845
18597	13362	9180	225	9749	6932
14636	10329	19184	706	7859	14536
11363	19691	14293	3333	10681	192
2306	15476	16064	4438	4464	12285
13004	14881	9971	10542	11967	19948
7281	3682	5451	6731	1866	3177
1062	19922	3617	8394	6538	3020
18102	6915	2392	17221	11072	16391
15421	13429	18615	8972	3925	4869
19445	8708	2259	995	10756	14343
3304	3101	9393	15902	17449	10247
9649	1056	12552	14983	17231	10611
146	16205	1167	12987	12673	18109
7991	1134	3997	12187	9512	6991
7079	13860	16162	17507	4366	16492
13664	5207	4756	19761	7899	5290
13103	8406	12988	17971	2592	10886
19267	13942	15014	9432	14344	12386
6857	15965	16424	10710	10120	7170
510	19179	11832	9332	1783	16315
14479	3416	4504	17247	19733	3284
4861	17081	14976	7071	5483	8493
5837	16354	14737	11564	15943	5300
10036	3283	17973	6636	12934	2133
6624	926	19865	10309	14538	2829
5487	10449	3577	8909	14939	6347
11054	187	15183	13698	14873	11719
11892	8327	12240	2508	14052	9939
4653	3052	2925	6595	580	19440
12421	2609	4439	2758	542	14001
6508	11379	13761	19624	18684	12037
2035	19968	17207	17760	8371	17380
7990	5951	10264	14142	12775	15765
16111	2810	16303	10724	4442	13700
2575	2558	19190	12637	430	11089
7351	8334	15160	15243	3262	19126
13981	19630	19979	15126	15763	4524
12638	893	9509	7259	399	1316
19976	1212	18499	12370	7433	174
14066	11503	17218	5118	1808	8845
8310	14858	120	11725	494	13730
7143	7895	16225	5627	13375	19602
19186	1887	17356	1519	19678	16787
16278	5332	19327	1215	13634	19650
18599	16319	4937	1853	4248	9892
8359	8243	2526	18362	1688	4103
12918	19610	1015	482	1287	16958
16735	3336	2141	2582	1885	12990
16396	468	6718	16613	18768	13339
17989	9227	10843	17285	12139	5477
4867	9414	3875	12063	16786	15808
13630	18648	5297	12511	7282	8990
12451	16067	2081	1400	10626	8823
11264	6444	15378	8639	14771	14075
4103	14284	19572	12508	5597	16198
3634	10109	12332	4044	16102	10148
19657	11640	13550	10327	6778	9638
2112	17966	181	2910	4939	15483
8859	15907	4742	11015	876	1870
15132	12309	8711	9507	4214	17114
13772	17229	14356	10011	16081	17783
9542	19544	9721	12600	5257	14589
15802	3193	2810	16613	17438	11647
15067	4093	17362	16774	3700	1212
7979	19864	14254	8568	4279	7970
14379	9013	10515	9066	19554	1733
14232	3962	17540	12074	6555	14195
1338	4400	15557	8485	8644	19271
14586	14909	18047	17914	19856	2727
14622	7204	16323	19118	12892	12546
6149	6080	18537	18575	16714	5947
11889	18159	18033	8507	6882	11176
1547	14118	13379	13779	7711	1625
17568	408	9786	860	12553	6748
8641	8828	8251	5870	2914	15128
6149	6325	11209	13230	19939	16153
16919	17022	17586	18855	8591	12392
14004	2788	8204	16110	1382	18251
4266	12676	17612	15603	15215	12351
5665	7479	17121	11136	15179	262
4271	7593	4477	11576	12186	7210
13301	6866	4913	3818	1233	12451
10709	8118	8368	3104	5108	5342
14588	1293	3876	12730	17629	19581
15025	16736	14103	18877	5035	11400
17613	1692	3412	13850	13944	8031
14801	19924	14065	1218	217	8191
3680	4456	17513	7124	16649	17921
4122	15520	15842	10171	13100	5375
7241	7097	15721	6355	3752	12588
19233	3457	7825	6534	13542	12400
1894	16744	1148	5623	19916	1658
465	13312	13600	15913	14808	5119
14098	5781	9582	10797	17386	7058
9909	4682	12901	4360	12107	15736
2920	1095	8227	4138	17086	3350
13100	17059	19603	8466	15317	17038
16111	3914	6086	6163	1527	433
5370	4290	1029	8411	3025	4415
9164	2681	7828	5005	8933	15430
10763	8504	15563	8881	6602	8862
393	11025	18778	11460	2482	6509
13366	14496	8132	11392	7008	17895
8860	9748	5767	2482	5093	469
17411	9535	474	17244	2085	18700
7839	18586	968	4086	10055	3947
14894	4763	8845	5161	4743	2981
987	17068	4489	8954	15603	15531
19577	9645	11898	2257	9747	8151
1689	19421	9617	11434	520	1452
14837	7886	3128	5013	5463	1666
19350	6804	15533	1341	3535	9274
13794	2031	13923	9436	19640	6460
6359	2096	8013	786	14091	17118
15463	12291	13056	19703	5279	2856
8446	2776	17432	11615	9585	10927
3887	6775	6234	16217	6210	16984
18100	16310	2950	13782	2792	10739
12264	7949	3502	4564	9735	16945
12016	5966	10197	17272	19143	4690
18064	1325	14225	3493	15829	3104
15555	2118	11077	16053	6012	17769
7886	7250	15343	19253	14394	12771
14170	12540	5200	7358	13711	675
4767	19335	11608	13152	6545	2877
11852	10012	10776	10324	16435	18356
13759	13147	5179	15090	14847	3125
17690	13627	2922	16828	16036	11869
16787	7756	4011	12496	6696	3954
19878	14606	1138	19238	16769	12235
10983	16223	9101	2100	17043	17595
1167	18103	4129	15724	7473	5185
12355	6104	9512	10356	8909	6834
11744	6090	12838	10303	19144	464
19664	6595	4218	14997	6939	7699
226	5010	2570	7957	17450	4680
12403	279	19609	3873	1665	19960
753	4019	7081	6836	6035	14285
15762	13011	18268	8458	5377	12884
12562	7676	3583	16347	2312	10994
4797	6642	5928	4956	12491	17849
17729	2151	5425	13099	9509	10253
12245	15216	16218	5545	3032	16125
5518	12155	10912	13908	636	8221
7095	6107	15914	1855	5865	19129
1846	5496	6656	6554	4039	10259
427	927	17640	18930	18862	6469
11105	8145	3331	8493	15367	16281
4138	1441	10987	2105	7384	17286
19200	6084	3001	16196	6945	13576
19918	12971	11847	7956	8758	1529
9114	11252	9328	8594	4891	19971
189	678	1079	13626	17027	459
16922	1037	12571	10677	8442	2405
18986	8298	13567	5291	18621	4063
5335	18244	11854	19642	14407	17917
6866	6991	1470	1708	8856	19711
5733	11928	19184	8902	2078	15941
8866	19379	15442	4110	7134	6784
7091	2541	19544	7763	11423	14794
6688	15980	220	5667	17223	7152
6838	13572	18776	2015	9706	8092
11296	14302	9309	14959	5684	4956
11335	2600	2228	17826	4975	14066
13365	7761	7913	16385	134	10588
3571	126	16059	9437	14985	6455
10030	15850	13754	18717	15956	2035
16092	12591	778	13731	6396	12169
14002	17780	6520	11429	263	17185
14955	18570	18967	18758	9520	10051
10610	12663	3092	15344	13318	17133
2110	640	18013	19687	12239	12100
16133	18544	1076	9372	14901	2683
9559	997	9364	6870	10063	18018
4162	16460	876	1409	7527	19094
9696	4564	12610	15484	8818	9241
14424	5294	11415	13205	3823	703
3821	12874	13361	14816	19386	4933
10151	18515	10859	13488	10148	12184
8057	9203	15457	4051	11872	19251
17260	10422	7928	8917	2699	12778
9730	229	866	8521	1943	13221
7093	11137	8023	8041	17476	956
4341	18519	6685	19590	17206	13243
8811	7243	3430	13458	3476	3722
9866	3911	7104	2012	445	16242
9024	14526	5090	14285	2897	164
8135	6397	19610	15044	10574	3918
7411	18305	18328	5069	11631	17380
18552	14074	9594	6159	15583	743
9158	4611	5284	16521	18242	9189
2287	8742	3766	10398	2035	3107
17675	9133	1754	2169	12348	2335
13059	13659	6652	7279	1369	8513
13142	15833	18037	972	3231	4588
7737	2287	11167	6641	14509	18102
14122	2884	11240	14328	2200	6397
10779	2471	18419	6673	8782	10046
9057	18406	1889	17059	14448	8855
8798	4258	2902	14024	12866	18705
13215	18149	9229	4164	8025	3726
5674	12696	16877	1219	18279	4169
19367	12903	7713	8169	13963	13325
9671	2676	1113	14194	17089	112
2468	14284	5704	7576	16672	500
13126	14251	11845	3897	10281	13806
9092	9556	13219	8217	16060	7252
6924	10189	1817	15718	17417	7417
14578	5474	16049	11174	7086	16628
1911	3529	18925	13948	9754	16899
4105	11729	6127	14026	19283	10765
10854	17591	5729	8247	15265	18265
14161	14513	1019	4594	15360	15005
12633	4795	6180	19014	3946	235
13656	19910	1023	14901	3548	10247
16893	9854	15661	8497	12318	18313
15704	13536	5303	14307	2085	9918
12386	10076	19770	4836	3890	8770
9420	7643	11021	5894	14786	13724
6873	6803	17970	15655	5641	4173
677	4608	12152	8287	5020	1633
8509	4898	9788	11659	644	9673
16586	19668	11339	5215	8496	9474
145	5379	4918	8945	13389	3988
9960	10885	12554	5884	5897	504
17040	11493	13904	12216	15172	7506
5961	9374	9481	10601	1016	2827
7619	19083	16018	14268	16198	15390
19213	4488	5028	17937	1288	9212
12756	11413	18070	2355	9480	13157
4570	329	3554	14524	17297	694
3469	6462	18721	6326	15628	14821
6376	12048	3814	3486	722	11071
4189	5109	17362	16277	1823	7450
18778	5795	11420	18613	12468	12029
14536	19562	5316	7365	12450	9292
13939	3795	17849	8286	2003	17286
13508	4501	19600	10802	9363	11819
5120	16903	12696	11256	3675	19208
15615	11002	11464	18231	12525	10318
8613	18747	16408	1337	15173	14637
14904	17497	16087	4507	5243	10923
9640	7073	10366	13966	1096	16357
3510	8959	18118	211	14132	14373
10786	12119	19798	8802	4631	1869
9907	19348	9761	16005	19213	11389
1484	13383	8968	1949	6829	8667
14796	16361	14794	13600	11553	8664
7971	11865	13915	13248	5536	7444
1855	5187	5083	3864	11845	18700
9638	16513	19572	17450	4861	19741
15333	2409	12589	11763	3819	10063
7071	6811	3273	417	9289	6163
1525	15715	5909	8740	6376	3048
18405	13960	3807	12598	13566	6086
13285	16044	6465	8693	12056	9175
6389	12815	18746	7657	356	17166
15011	3986	19292	10651	6023	3235
10506	3782	19328	1843	11192	2285
7657	591	6038	15888	4006	11127
16263	5655	7498	1454	3608	14767
19847	7120	18893	10263	9882	4714
1028	9281	1777	358	8494	11748
11785	13998	7262	17089	14506	7147
19091	8218	16892	11325	10836	18264
5514	6417	13587	4719	2904	2224
7877	5541	3167	2023	3746	6911
7664	5190	996	322	8928	16951
18975	16043	6591	9779	2273	16166
18494	12015	12687	1011	5686	9207
9571	9989	2773	17185	5562	18073
457	17748	14272	1451	13950	14754
13170	343	12647	6550	14118	6723
14646	16652	9208	12473	9049	17116
3448	12637	2946	1733	6952	8033
4632	17969	7710	17366	504	19081
5326	2305	4234	12277	11495	16383
18832	14411	18428	1762	3777	14834
5315	16146	550	15568	6545	5822
1826	627	14777	14361	16483	16311
11449	13476	8167	9392	11569	10859
13177	1608	16438	6521	5191	7470
6160	4972	19683	16565	6395	18462
10471	1528	413	18271	4688	7937
7499	17542	14656	11397	17864	16118
2199	17386	5340	16097	14979	19083
17049	19358	1089	11528	3961	890
2491	14445	2345	16023	15506	12230
2273	10891	10033	19179	9713	961
15072	3653	12976	17772	15688	4698
6719	11807	15927	13991	19259	12705
3355	4233	12852	8381	12657	19187
10383	16284	13234	19909	11674	15251
18684	7483	11674	7034	11421	6462
3641	12066	782	7266	1482	10656
13995	13544	6318	14601	8598	5685
6159	13096	11540	12348	830	6192
11650	3739	3277	18995	13785	15139
18045	9108	12127	17638	6976	10260
6348	9266	13842	16582	7488	313
5330	1097	4192	17212	6503	7580
7688	13661	17558	16327	15364	6939
9039	18588	5064	11326	18723	6616
5353	15570	14175	16914	4085	2098
1351	9997	19956	12508	2559	10087
16202	5273	16420	9939	9339	10291
9882	7776	508	6257	7838	17746
17726	12089	19669	10156	1775	1962
13098	9984	12786	253	15596	15421
11360	13718	14041	17257	286	15967
12988	9985	9037	19147	12661	15384
18073	7751	15961	1185	13198	6348
12731	1317	12691	4138	1574	12014
15796	15767	17453	19584	3442	19793
19163	12876	4642	2826	5495	15730
16642	14304	10281	1919	5987	16921
14064	14689	6684	17254	12314	13021
13468	12159	9647	11274	8337	18515
18308	1519	1789	6941	2907	5104
17922	7126	13649	3096	10294	249
7632	11866	1694	6828	1745	1527
9356	3841	17051	5184	9864	8295
5298	8686	18571	4262	11069	6252
10011	10135	6749	15903	14976	9721
12429	14296	1857	9577	7254	540
750	2819	2074	8163	2997	3067
16816	2435	17117	7869	1388	19269
13887	19485	2015	12237	18985	6886
1442	2757	15710	14636	3404	15521
16350	1386	3055	2130	18698	9072
4275	939	18675	7616	13072	1847
12899	19535	14619	7799	1738	10878
14088	16297	17222	13021	7164	1029
14242	14706	2020	12182	7154	1720
3850	13623	1022	1067	12138	5494
6944	4304	9899	802	4814	15362
14396	14873	18413	12628	13542	18762
2733	15695	8419	9338	17567	12210
3323	17526	9690	19180	12754	5168
11533	6821	7689	16791	5573	18103
11483	7406	13498	8165	9321	18741
6311	1736	942	19413	205	1445
7194	15364	16400	15523	18591	5226
18201	8059	10585	8185	15740	16262
4788	13881	10135	14430	9973	14841
15415	19137	13420	1133	19895	12348
14979	19721	18094	10451	13961	655
12749	8430	16798	17728	8037	5848
11794	979	13524	4958	9586	4055
17588	19642	9713	16082	735	12774
10069	10655	1644	1384	19585	17677
17814	5792	11404	6830	14468	1862
9767	10078	5218	19175	4538	12716
13301	3060	15531	5173	2728	7311
19394	18358	19185	9675	14454	13214
10622	9285	19246	19633	19317	6748
2996	7802	8305	18448	290	18780
19951	18241	17298	3641	4016	16540
1583	19548	19070	17179	9166	3773
16429	823	3829	16886	9173	14581
14715	15078	9744	8430	15847	10256
3886	18533	1703	16253	5884	2793
8286	19705	5792	7510	17063	1166
148	11837	9717	6047	8512	1301
18037	18439	9259	15758	16880	14834
15110	2641	540	11433	19742	11910
18643	18843	9035	13970	7145	7434
3683	19875	14148	10938	8349	17382
8021	16476	3118	4045	19767	2513
15479	14698	13996	805	16939	9590
3155	16888	4676	6666	17677	2233
4970	1295	19379	1709	3225	9666
13149	14950	6075	5459	13283	15623
6117	9056	18518	17554	3590	3268
18633	6515	1522	14675	8790	19420
17505	16648	17216	10547	555	6140
10586	9943	4639	14426	19224	4799
113	7670	11983	894	16865	12987
7874	1446	19177	14712	12535	9592
12346	14773	15982	13778	7753	14659
10321	7857	4035	12201	15946	17177
12520	13554	6537	17890	6576	11715
5109	941	5700	3417	16269	19410
267	8473	16957	16923	4144	1183
5998	2671	11819	14765	1192	19345
16750	8564	246	9650	14106	5034
8771	3831	3777	6765	12961	4168
17067	3655	756	4343	4596	15841
14854	2963	8298	6575	10992	18216
9995	5971	5862	14989	772	19708
1466	14897	12475	19824	10421	5652
10815	3943	15951	19687	19852	7333
17597	15452	8624	15898	11346	12184
19758	5589	327	19613	19578	8532
1718	15870	1575	760	11667	15611
9395	15668	18300	12466	5957	14868
18897	15291	19905	6148	7612	5899
2238	2211	3547	12651	12943	4427
8701	11720	16593	9652	439	14465
3671	17925	17175	17161	19302	18210
2056	17286	18106	3854	12164	16373
7821	12568	9573	1552	18497	2251
16614	2991	9509	2267	3935	15465
4299	4206	15701	14720	16923	2326
12407	3873	16806	11704	7728	5071
10097	17216	16575	12139	562	3046
289	16375	3315	4647	13892	16100
15304	1272	17979	8123	15507	17238
1463	18120	11414	4926	462	9985
7116	15562	15372	16451	9070	6246
17795	16258	14696	14571	14695	18231
17271	19908	10115	11458	7478	15748
12357	15080	7716	15496	14553	881
4409	6917	7301	18018	3380	4860
19719	3987	17322	12692	5837	2114
2003	6439	8084	7953	16798	9449
1631	10023	5121	9612	15862	9416
10586	13404	5002	2177	15656	14846
4088	17842	16543	13744	12558	4394
2103	13411	19499	19224	18000	732
7881	16605	16832	18607	19167	17346
1268	3159	17222	14496	19719	13779
18252	6289	17269	19424	7378	12169
8767	7773	2334	7052	14068	10018
13002	9614	8703	14698	2354	4563
17603	18789	18189	16337	17967	1705
286	951	14646	6754	9197	13741
6576	5734	10221	5026	10959	4121
5725	6776	8307	8502	4642	15477
3990	12972	7233	11255	16307	13001
11766	14253	1381	5595	7696	7494
14019	18746	9042	8369	2593	10967
15353	16415	17992	12817	6034	1539
1167	8112	19243	6967	16112	8086
5547	2129	1294	13226	17283	7462
14203	13669	335	2381	17347	15824
17711	5577	2752	14653	7997	4029
11657	1894	7279	128	17623	12560
1717	3667	10809	17985	3535	4702
15433	8932	17250	8148	5802	5970
19166	13023	19980	17383	12917	3106
7260	2932	11321	14096	7530	16672
12230	8895	6664	15199	11797	10603
15812	14287	11102	9060	12319	18264
12698	13198	4879	6690	4528	13764
12410	10116	4823	16738	9337	7805
5530	9687	10527	15254	6175	8669
5001	14601	11571	1897	17681	2242
12381	1971	1136	4066	18978	5430
8753	18052	3096	3427	8108	10863
11013	13236	1435	10631	6105	8374
16926	12014	17011	17316	14507	3777
11016	19187	11508	10911	302	1550
11486	16580	315	3383	16565	18798
9994	5443	15136	8362	1306	12726
2175	16613	243	15826	9440	14369
9429	6873	7377	11781	1497	5735
13822	14325	12097	2846	4641	9079
13637	13963	7276	14816	2429	12425
7543	13720	10943	988	10187	18763
8164	7701	12587	14554	12663	10643
19960	19769	14892	15204	15334	3719
16446	2074	5866	9766	18174	19489
15619	14670	15828	9497	19771	6305
15775	5706	1819	5414	9684	19297
2099	847	1193	19995	16564	19995
13691	3470	10342	5917	2941	8447
8408	6844	4191	2921	4143	19784
1921	887	10982	17697	13119	6021
7105	14266	2739	3521	6897	17961
6166	3276	11812	10871	10327	10202
9098	14280	18768	19146	17731	7653
4917	4116	16458	15550	17553	18354
3736	8736	8989	6405	2070	8709
7602	17331	16973	17593	727	5041
243	16611	7312	11727	2201	8559
16307	2605	19571	18038	7016	12406
9348	13913	11469	3613	8554	10893
16716	11915	13822	17156	11814	15270
14790	11559	17042	16065	6824	14303
12893	14509	17584	9074	14257	13125
19582	704	9858	5310	3685	19724
2562	8646	7514	13600	5857	10878
5076	19935	17552	1664	13025	4439
9858	18375	8378	258	17981	10133
18393	8660	18126	7802	1196	11663
11988	16229	19210	5952	17315	12958
10688	15803	18071	2071	9111	14890
10946	14438	1726	15311	2191	9696
15933	11456	7680	19503	612	11178
10091	18769	19453	4139	7547	16460
3064	6199	13920	7209	1323	3698
10132	6086	10712	7492	16325	15479
15477	10796	3694	15611	16929	5438
5846	6143	6668	14365	7543	11659
16056	12493	16637	3464	12287	9904
14085	2132	13399	6878	12970	14761
3888	17968	12886	7230	1673	7361
18891	4231	17995	17929	17093	6991
3228	16068	1306	212	14066	15975
11369	14740	16642	16187	9805	618
18797	15826	14722	13532	13205	6443
8459	12158	13470	16425	12447	3461
15359	9275	991	2392	6709	19740
13068	16533	6403	17671	16506	14352
10052	10036	5972	2906	8396	5351
15015	2584	7371	13111	6119	761
3777	12008	15974	18612	15912	9538
9095	10524	6907	19496	11455	3686
6482	3993	8626	894	19462	656
593	16094	19750	1734	7168	5715
14382	11577	7778	326	6223	17213
13794	18335	12769	852	18351	11673
12032	13464	12489	18120	2495	3852
7101	13884	9932	12573	2785	8830
15792	15929	15745	7476	19302	15988
18732	5244	5373	5522	2528	16980
2577	19206	16312	1494	11081	11433
2906	4475	17383	13149	4396	3925
800	13727	12247	14623	10262	13008
9451	1529	11021	5028	11268	10276
519	4283	766	13724	14491	1529
7791	13003	17205	238	18234	11722
4192	12839	8882	8827	10869	7425
9020	11118	10199	413	3991	16829
5999	8982	2693	10650	11426	18600
1743	14172	1807	6564	6294	483
15989	4281	10075	9015	18020	11652
15155	19913	1489	7642	12205	10237
12272	9060	16970	6066	6147	9239
17297	18191	8089	17621	8094	2751
7690	9672	16618	5712	17164	5975
10813	5642	1621	14367	8358	17056
19729	6332	15732	12586	15450	5721
6367	3896	7379	14164	17402	14580
9274	10439	956	6525	17197	18390
14822	7311	18279	18017	6262	4127
10785	19358	19100	4755	10049	15446
14490	9773	14004	16734	11071	11287
11995	1402	4891	1103	2294	4901
8666	1580	645	11408	9399	10303
8488	13531	2760	9667	3753	16465
2211	2145	383	7994	13475	8665
4658	4833	16705	12119	11371	10906
5658	3081	14068	11582	10106	3413
11989	6082	7773	12410	4112	17757
13257	14084	6501	15604	14120	5055
17209	5593	11127	1281	5493	4336
3860	1258	447	2484	18861	18410
10361	16628	9454	15731	17878	342
19489	17009	17594	14012	19039	11118
6552	8939	17285	13982	9652	1230
8112	16642	8054	1103	5774	7409
14792	11637	18863	5878	1856	16142
9529	878	3796	8519	1611	6448
15765	16500	4028	1981	2755	19474
11257	11345	1306	16762	7090	2416
5791	14380	5754	9415	7715	14302
14374	13024	12163	2784	14297	8137
15612	11919	10222	9651	4846	7524
533	12228	15863	12398	12629	19950
9643	8586	15973	6122	4095	14686
9405	4975	7093	7198	16238	16525
17343	6329	14408	6938	10101	15461
15288	4452	17554	13457	2172	12595
14132	2376	8706	3576	2400	6330
1842	18938	19383	10936	10739	16406
2932	4303	7096	16606	2174	19808
913	11487	5114	4068	9645	8375
16297	17561	8839	685	15011	11728
9400	17599	6259	4950	12461	17906
5574	8105	14277	15644	10910	9261
3193	11305	9731	5651	4576	7011
19243	10025	16403	15249	8392	19896
2986	6851	10756	12459	15816	532
13299	10186	9679	13277	12269	9533
6020	13103	14424	15202	19475	7320
4060	19557	14470	9335	12369	1604
15197	13539	6556	6956	5087	15988
14233	18536	1353	18284	6420	19549
3067	3853	19602	6140	13590	16503
2216	13496	337	716	14755	8584
10197	19792	16641	14529	15138	9291
17214	9323	7426	3398	19098	5638
4482	15610	1306	18988	16466	162
9265	6404	19761	11066	15863	10816
16123	6701	10018	4922	14222	1714
8925	11444	2624	16836	1278	15755
9817	14437	4773	5510	18924	11782
2558	10935	8259	17777	16691	18067
18225	10282	17072	6273	14244	16102
19791	2909	17673	6217	14027	13214
16844	2532	7689	15202	1493	12363
9980	11229	2444	3501	3392	6127
15893	3575	13641	4488	19074	14687
5550	726	4508	12309	1681	12753
1497	10256	14409	17040	12500	488
6396	9936	8391	19630	7617	15946
3658	16008	6110	12510	14346	16767
11215	651	17557	18850	13784	7151
3724	18297	286	2057	12353	691
318	2936	8879	13134	8235	6135
4081	8247	2559	8510	17820	7880
16108	16417	4896	15049	3296	9684
14052	19955	19925	1511	11667	19225
15260	10382	2538	15744	11211	1164
1990	1512	19226	19664	17073	5721
12779	8800	16463	15066	11144	4156
15006	5857	9148	1655	17444	6921
14108	5528	9889	2913	17376	13333
17240	7214	4303	4070	15226	8176
17069	5904	7891	17185	15582	8764
663	12083	11343	15980	12535	1797
1149	18146	15398	8149	11475	10461
5019	3963	3915	14636	6325	19964
10837	5748	3919	418	12269	19755
7702	14046	1777	12267	14821	9729
5555	17782	3029	4810	7322	2987
5031	7127	1910	17207	1549	11755
10143	18862	9796	9270	18364	15058
16387	9191	13392	17783	690	6749
1995	6011	4958	5094	7479	15403
16024	14996	14876	10056	8445	19751
1201	8686	4487	15710	5433	18966
13056	18575	15496	5773	13275	17623
7148	11359	17676	5586	7847	11685
3456	3764	5900	13742	7835	5981
19748	14719	7644	7766	15768	17077
6205	14550	9875	3335	8589	2104
3180	9424	12696	487	13569	5702
12728	3983	13182	691	17977	12671
1136	12260	7352	7355	17085	10856
17295	17917	7195	3419	15230	8455
15104	9199	18491	2200	2767	12171
7416	6821	9721	5957	8015	6286
16477	6954	4922	19709	12513	6791
17383	13548	2743	10921	14438	7520
2974	12734	102	3119	5384	8319
1084	9417	14510	2455	17896	2007
3169	1628	11719	18388	7689	10856
7537	7782	6171	7159	3188	13235
2684	11476	18903	15302	19500	3212
18237	10504	19827	7928	4986	3903
2949	764	13992	6306	4787	12303
7470	3492	14264	668	15671	2341
18287	9695	18445	8672	5924	19224
9645	9561	13448	6378	5938	9707
6371	2619	6882	1162	6864	16428
5263	17433	7130	14260	6635	8957
15473	6135	17986	14127	9502	8761
14749	1020	7942	10588	14786	8276
15434	3144	222	11032	16880	6875
15509	9971	13441	11930	18896	9644
18293	8984	5859	493	11403	11811
8085	3441	3645	18249	11011	2273
667	16982	6495	2885	18239	15946
11053	18034	18138	19721	2471	9462
19711	16803	5181	16404	11283	19977
3585	8062	14347	3906	2597	2387
156	16268	12908	8146	18612	4004
11392	13861	11154	11464	3656	16435
14668	17033	6555	1475	16933	12655
2035	17832	7693	643	396	3305
13032	14768	16854	850	17469	7286
12942	18633	8847	9916	2819	8937
3445	13091	14862	14370	7713	16249
437	8547	7328	8513	5132	10852
12513	7998	2030	2332	16951	17098
1759	12801	13323	16661	18331	15298
17035	11755	12951	671	12706	15129
17747	18404	6901	5526	3817	345
13755	15501	18494	10210	16602	5105
9225	12588	9852	3218	10787	12594
11267	4232	2648	7053	4846	9904
8439	8758	13618	4082	5215	2752
2690	7277	4890	1497	9207	6583
19131	2810	2839	2112	12556	5664
16836	2001	16253	2975	8766	15395
1951	16290	2868	11361	15840	12101
16241	1780	1096	13646	2107	19351
19261	14253	2288	13110	4807	6406
19572	6251	8105	9373	11272	3519
10251	5831	14350	12014	5543	18126
1841	4390	7133	588	4892	19566
12359	15776	16521	10661	18582	11682
9483	19730	7211	4938	12442	18104
6705	2787	5480	18298	13278	13890
4557	893	1831	5565	16193	7364
11980	6010	15250	17565	11865	15088
14016	6525	2898	2245	5729	18379
18548	11758	367	16737	1060	18825
11620	17680	11075	6893	8673	7749
17314	2695	14110	14024	15034	2508
10913	14263	8756	13002	16805	6138
5482	5045	16601	11637	6336	19790
14611	4987	12866	6469	662	6973
10272	1710	2010	16575	10216	4915
10438	5082	871	8796	1848	7976
12185	2823	10863	16595	19953	10944
11572	4863	8772	12984	5400	16681
16098	14986	12629	8226	821	15383
10315	15579	13361	9305	19848	13509
11692	19583	11687	19216	16666	5957
7422	4655	1616	14953	5716	14445
3775	10339	19270	484	15529	12110
4126	598	2415	11868	13931	17398
17743	9765	15619	10911	6178	7821
17198	12613	10811	18323	13664	13255
5468	3565	9436	3762	11778	7850
2883	7003	18675	4653	2797	1089
10368	12794	15463	8410	19563	5133
12196	8087	13178	4790	14263	10693
6982	9870	5744	5400	8566	11503
15616	2478	18915	18151	3348	14388
7386	3945	8345	12959	5172	15966
9094	12531	17293	16305	5383	4445
7141	8477	13069	355	17174	9096
6394	11779	10818	2687	2491	2289
2031	19814	10594	6607	18863	4499
9923	10373	3849	13933	1546	9724
11327	14481	18084	12967	9239	18690
3384	11502	17476	11394	9512	2644
7146	2877	17215	18444	15655	5594
16357	11696	3174	19783	6349	17476
3197	15306	8467	11520	13617	1083
6664	8335	17054	3533	1022	10408
777	18194	12798	14731	7521	3119
14445	1205	2105	10989	3761	9824
17598	14269	6182	16140	8106	19774
3749	13985	2288	6194	1783	14451
15334	11995	2635	8396	11323	16019
6761	10343	3116	871	19184	7757
2448	2091	1504	2230	11826	442
8072	11851	1564	10003	11140	18217
12666	10113	8384	5075	8695	13954
5558	3986	14590	12572	2601	18991
12193	12380	6908	3855	18626	7589
4108	11139	15543	3580	4276	15403
17358	18173	14802	7486	7651	8651
8093	15300	7770	3247	17889	5867
488	3616	17273	19261	3663	9390
19487	11024	16967	19972	14090	12139
12537	4960	16099	2123	2155	2057
10016	3015	2586	7236	15781	10211
13335	6145	19585	9778	2923	1931
6164	599	4002	9872	17843	11145
696	14623	14311	7793	15288	221
1791	7708	736	8282	9206	2852
9078	12775	17314	1740	10636	12502
7903	17196	12518	9775	15665	9251
19217	8221	11510	12623	6440	17957
15229	8234	8171	8094	8822	15343
12868	5499	16635	9315	11395	12836
8502	9336	857	10561	13449	9549
3176	5315	6451	4805	11437	1581
15994	10004	10309	19703	7937	7259
3827	18860	9850	1465	2377	2293
2446	3474	2723	6959	3513	6204
14569	6084	10329	9008	6549	5402
3721	8343	1410	17641	14908	6512
13640	5279	12797	15720	5157	17443
18108	17785	17566	1297	6612	5059
7390	4590	13162	11702	14698	7257
3376	9631	14472	13143	18257	17442
19553	17667	11540	16568	12012	10837
5244	13199	6710	6347	13327	6017
4410	10120	3162	15391	379	5318
5881	12560	11587	16167	5671	12320
14114	18420	13533	3823	19631	8966
7183	9179	11563	19943	10072	3604
1213	16692	10617	12943	16351	7218
16078	2343	18218	6824	1894	9580
15102	4643	12743	730	5677	2340
7163	1644	7689	9455	2480	8859
18287	985	1980	6571	1558	1439
14027	3492	9655	14111	6699	4684
12385	11526	8868	15972	16625	3967
3964	7046	6660	125	15722	6282
5504	3089	13074	8145	13376	10018
10866	19261	3420	10785	282	8111
17580	11874	1194	14224	499	15327
3376	4533	3276	11385	15940	10830
12341	7890	1232	642	6733	11723
12266	18896	19871	11204	2450	17217
5632	18912	7428	15392	5294	19987
5793	16979	16204	16906	285	18925
2249	14651	5022	4797	4201	8781
15717	12799	16961	2315	315	436
14932	6373	2868	5730	15858	9447
9101	19129	2277	3104	17878	15831
10325	19832	19372	12231	18374	17997
17318	3225	7829	19897	6965	18364
9626	16400	19312	16406	2028	12824
5319	6365	4734	2013	6958	17446
2352	14844	15630	9453	1265	3349
4852	17854	988	12053	2497	19454
5846	14731	4912	7027	7024	11188
4577	6584	335	9074	3399	8865
8020	10725	15984	3778	16899	16718
2389	13845	15290	19901	16536	6829
8376	651	17606	4176	3958	5356
17620	19229	19698	292	9262	14275
16593	16665	9953	13649	19759	8534
4958	10288	419	12648	6765	10921
7378	3138	6289	18761	10534	16450
6746	6303	15600	8056	19569	6516
19804	4245	3986	2469	11068	17121
214	7067	18401	15386	4709	5095
16369	13961	8720	18165	13092	7864
9720	18160	17496	9245	13804	15891
16616	3650	11727	12148	11395	6227
15244	1668	3446	11653	9204	9636
6524	5522	19068	15208	15671	5483
1951	7767	4277	10235	8633	16450
17992	9528	19711	16873	5779	4159
3044	14815	6906	3440	14491	16731
11437	15309	14678	19833	5700	5078
8441	14824	18523	16356	1157	19459
1910	19978	7673	6780	16512	14246
11901	6519	7088	18801	9620	9113
2396	13824	15071	18749	15683	9004
5840	13357	18141	4935	7927	3858
13864	4562	9777	12718	1392	17169
16034	13855	1623	4006	19825	878
9353	11172	1572	11679	9020	14303
1172	14470	11642	12431	18000	14542
4188	14237	14533	10680	17751	17054
852	15495	16238	1099	18245	1922
15741	11854	12201	18036	14197	8035
16031	10887	13411	2274	16647	10808
5819	11347	19894	7625	2999	13347
9700	19208	2882	4536	597	3618
6438	13591	6741	14848	8870	14018
7306	11497	5589	8810	15511	12207
14272	9045	14945	15405	13659	1249
11510	10941	12459	13149	11709	16034
17334	16717	2512	8661	9500	9019
5128	12702	6889	14950	1267	12996
1582	15587	19312	18222	17483	15742
4628	19799	15354	2192	5808	4452
656	12468	9328	12288	10213	4868
9292	6193	2638	2337	17354	17637
10620	6825	2900	1499	17850	18850
18138	12314	6213	11345	5537	19689
433	19499	8692	8655	18497	5109
16939	7286	1340	4538	7896	12640
2632	16335	9407	6325	18926	17541
1231	5999	12321	1185	5642	10432
9561	6046	16763	8385	6459	5303
4078	18817	5306	18937	13491	9256
11685	17822	11571	18924	11010	16064
582	19453	11667	14989	7672	10109
9967	17007	19658	19689	15797	318
16979	1214	16750	19563	15768	15385
4791	14164	19437	3506	7152	4317
12878	3700	3924	13545	1914	982
12331	18628	10091	10771	5122	3731
15367	13812	816	9676	15820	5779
12267	9575	12695	4650	10141	12148
2952	16036	18512	5376	13316	8275
13681	6491	3095	2917	2986	17768
7233	9920	14544	15598	6125	1466
1985	12514	11706	4529	12867	11131
11308	16083	16655	7472	14928	19516
8226	3230	102	18630	2330	12215
7908	11274	7659	1582	18166	12944
5595	13830	14029	18616	16606	12291
10407	7947	5612	9941	5700	2280
4365	18723	18986	2908	16735	19308
5903	2929	12713	9725	3667	7521
15291	768	15201	10749	14892	8046
8559	17272	3026	15235	12103	16559
6457	1268	15677	15318	6661	16912
16250	8352	17912	1564	14009	14232
6219	1304	18726	162	12725	6896
18763	3005	332	15437	14818	19217
11401	9000	11811	17659	15434	11251
4827	1509	5012	16713	7141	3525
11640	3443	12479	3664	16464	5262
12024	16085	5464	11149	7976	11291
2812	10724	15905	19624	19227	8751
7505	11153	14608	7720	4890	19586
9274	7136	2313	10065	12882	9009
9125	2273	4054	9789	8416	19997
1671	17699	18597	7347	3030	3677
15634	13136	8570	6153	1486	3412
3712	1949	7773	8123	6051	6277
19846	1503	4651	231	15129	19803
10410	7514	17608	9072	15375	10731
4036	7170	11566	12496	14735	18872
1100	17355	8469	518	11397	11775
17202	19832	11405	8981	19927	2675
10942	17706	12149	13190	16899	12886
6492	13447	7174	15655	15932	1332
4394	19664	3267	12266	4322	8437
19992	7794	1540	18188	11607	4642
17991	18698	13355	9789	1229	12920
4625	14524	18766	5112	17088	4990
18511	12428	17698	10934	17315	9785
12828	489	12472	6973	12195	17919
15994	14294	14931	16516	11003	1928
7886	11652	2249	7811	18777	6438
18082	1212	2777	6459	9154	347
1276	11763	12737	19943	8078	2020
11845	8613	9587	6987	19577	18591
8321	6589	16815	1836	1819	19625
8955	12588	6337	15100	1102	12979
5914	16710	8068	4305	6993	16163
9543	15604	19285	9999	18666	17667
1418	19084	19732	7416	10802	10861
7996	9675	15787	13756	1344	2876
13145	18442	2119	17128	543	4454
10983	16097	12653	8215	14322	15836
16958	1910	15813	12673	15911	15100
3416	1516	12494	7741	5218	6379
14584	1415	10714	2406	3727	8247
10910	18402	11286	1089	19090	1726
235	934	233	12147	9607	14257
17863	19699	4172	13514	5126	18238
16814	18828	13479	14031	1709	12055
4895	13308	11542	15653	10206	13414
7712	16145	5209	9951	14748	10790
5653	10488	9225	9604	981	4960
13390	19406	5762	18971	12058	19076
10586	14642	16363	10758	15546	15074
7677	10198	11634	5135	9439	11478
1403	112	7567	19541	11237	7559
11334	2730	6166	16729	1607	5098
5948	1503	18571	8221	15929	4939
9904	7115	5469	124	8262	6684
16441	16698	1440	1366	8380	4374
14677	19391	6447	16000	19599	18093
879	3918	17604	7825	16895	13429
14188	14750	17261	12145	6488	6631
11670	2962	7706	10266	16394	11657
14178	2578	17676	12673	664	17837
13583	6927	5755	8070	10291	12405
7774	19300	134	4240	8725	17856
1563	9183	307	5255	7146	2901
4301	13644	1228	13294	7891	4070
18595	15910	9648	17869	13091	3686
6423	12572	7881	10966	14942	14510
4930	446	12291	1074	814	19420
18700	13149	7508	9211	19226	16060
6871	9758	4622	12356	12698	5852
1328	2535	16201	5018	10900	17745
3723	702	5434	3548	10442	2340
257	11896	12474	5297	15627	3752
5198	3690	6767	13311	2229	13895
12917	5418	6900	18047	10644	4613
18976	3339	10362	4722	14645	9531
18135	7056	9581	6837	8459	13136
5868	17971	9503	13394	3601	10020
3021	4993	10341	7523	17080	13336
7775	13835	8184	19708	2019	784
17156	1115	6290	244	5310	17033
18254	7697	12681	10950	12158	561
199	15510	8934	14909	8974	15955
18389	5812	4134	17081	6540	12877
17516	6434	16971	12882	2315	13008
10016	1784	17947	17807	15615	7061
19146	3117	4567	5852	14165	8479
12451	13693	1218	3277	19352	7582
10944	5553	17189	9097	13567	7227
565	2203	14608	14177	9208	6984
14525	519	6123	10186	17076	14099
17370	3712	10861	19057	18196	9515
13120	4324	12263	4059	10841	3422
10696	16860	4614	17986	14933	16479
7732	19058	14111	3364	1826	17260
9917	9186	11143	19383	9941	18477
14898	4095	14629	2523	10036	14451
6823	1866	6126	18914	17026	4622
2203	8503	3106	4554	921	508
8326	5570	7387	19380	15036	12995
5639	10697	7005	2906	14702	3719
12893	15647	3092	609	13605	18305
17358	10182	3518	8917	17968	5992
7066	14193	17862	18279	9782	17044
16420	5921	2117	5324	7067	4240
6791	15371	18188	10931	1320	18342
14703	2016	4996	1163	6746	16973
8639	9944	17760	5726	15793	10368
11789	19231	9549	7935	17582	4348
15813	3590	3633	9142	11315	7028
15369	15273	1551	5074	2013	18507
12024	4483	3056	12952	19949	19842
19083	18637	7218	9547	18962	6511
6704	13201	2788	3398	15633	15124
5380	18349	4551	4185	1584	13061
2964	16417	17829	4302	14328	9291
19974	19020	294	10964	17340	5746
18557	6041	17106	14304	17342	12146
4439	2099	5159	2939	1997	5389
9934	6125	17715	16435	1364	4342
19316	3364	17581	11325	19885	8622
13457	745	7607	10021	10069	10853
371	6801	19008	18450	16359	2903
8212	13266	3789	1189	15792	19273
11170	14955	15809	7430	3099	12681
16209	2649	5009	12366	5870	9986
2576	18804	1343	5716	17271	2946
3706	7849	2203	6586	8999	6180
19351	1748	17306	5806	12300	7720
5196	1233	5721	18988	9595	17514
13645	1494	7763	8011	19953	862
15636	1240	16296	12034	4426	6509
12440	9390	9320	11027	1580	9145
11780	10818	8271	13190	11693	16757
8423	3899	8132	16060	17146	10553
2165	12726	11888	12595	15716	7504
10209	11369	19935	9234	16787	1662
4727	15137	12419	11019	3112	7606
1263	18862	649	18309	15175	15686
18070	11762	19987	14404	14659	10662
19253	13876	7514	15955	15958	18456
7934	17680	12487	12227	8747	16401
3111	2823	9211	4544	3016	15855
16739	15170	19334	4366	15665	15241
6042	5732	5080	11713	19676	8827
2031	10155	13544	16526	14673	17438
1334	13308	16488	16287	9668	2208
16658	15599	3971	2744	3675	8502
8277	6609	17305	2841	1712	6354
8183	6301	8696	4593	767	13445
15161	11730	13680	7913	16868	3082
19168	18007	16512	10429	13199	9945
1039	15026	4683	1132	17808	6078
16185	13474	16049	19634	13267	9597
1145	8361	13850	13955	3043	13934
15936	19704	3095	13550	7417	1546
8009	4143	937	1764	7912	13730
974	4456	15485	1790	16313	7606
14232	11068	15214	12021	5495	1017
2599	18309	17541	12874	2981	14659
17667	16567	7335	11190	1655	4085
19177	19049	18311	12518	6010	6894
8889	3999	19625	2899	641	5359
19181	9256	16134	881	9681	4056
5514	8315	10125	16079	15284	6982
541	11178	10364	12914	2522	18769
178	202	7741	17981	15989	1317
19494	539	17735	12546	13042	2162
17302	6737	18216	15919	11070	18366
17241	791	10865	11194	3924	16624
6438	17149	462	15036	1338	10762
1869	16394	10588	5454	2308	1484
13689	4676	12947	10581	17197	4313
6974	10814	16189	6653	6114	14044
10446	12133	19755	6272	7061	3818
15925	6731	2906	12952	7194	2309
1659	4683	17655	17891	16926	12160
1345	18748	18141	5377	8721	6616
10239	10131	9890	9778	11128	15033
17635	305	8273	7170	14278	16171
8382	10433	13610	17510	16183	1043
3487	3232	3882	12302	7428	259
6139	18236	19924	2804	1507	11719
2118	9926	17240	16441	10802	1821
15396	18565	4320	2642	1283	5027
15944	7340	5151	12722	8067	6072
2348	11766	15959	4244	16805	1309
7167	16945	18405	15994	6353	16762
4820	14961	18080	13426	9227	7751
9330	6501	7849	12720	18169	10059
18127	12439	2348	2445	15285	1958
1524	6955	15531	13058	2001	8710
5850	19425	570	11829	17056	759
10732	6581	8509	621	15644	1698
7543	11216	9887	10499	15468	4638
6607	10170	817	8918	15119	4848
2052	12538	14022	16407	14069	3243
12579	12097	1915	9457	14296	8981
18395	16455	1407	8351	730	18871
4319	6682	2105	14131	11382	6849
13564	1283	11475	19679	3122	12212
9659	947	19423	10982	10095	9789
5126	1092	8057	19160	2053	16427
8021	11671	6731	8637	2320	7341
1249	1798	16363	9496	2571	14714
1167	18158	11266	846	4466	8899
4729	10273	13269	2516	15960	8772
1698	6949	13834	19907	18144	16467
7388	704	12331	10058	3038	14174
8300	16915	16349	806	6626	14552
5524	12558	18089	6853	2956	7238
11426	13442	15685	17011	4016	8012
5597	8666	5844	2799	1918	10861
7318	16299	15047	2495	15417	5683
4665	323	19416	12566	18432	8648
9545	13806	16247	2104	7239	9887
4782	17440	15925	1712	15676	10136
6341	11866	15998	16379	13752	10672
4040	7202	5738	16129	823	18988
15671	16348	5412	5760	17009	324
6081	1248	19339	5688	15453	14786
4299	10366	4011	16973	9636	9299
12594	14722	173	7742	14283	265
10596	2771	12320	16170	14207	13190
5463	15733	13786	7637	9582	10286
5640	6571	7634	19904	17504	8102
4922	7257	19404	8672	17765	14395
7100	9216	3084	4665	6221	11660
1327	10131	6817	19761	11514	7111
14135	9309	7622	11789	919	3027
13517	10569	16210	11177	2886	2607
8526	3432	7337	11490	12145	19077
17866	2203	12885	7944	18938	14617
16984	16102	14830	4771	18276	5510
352	7122	18787	17837	1190	3455
15850	17301	12191	13655	10343	11182
15821	5328	10147	9724	17604	2375
9353	9553	19603	10077	1681	9749
14165	14516	19913	5522	1597	4337
14084	15825	2086	6961	17980	8353
8954	14746	1568	6573	13960	301
9758	16135	13553	6750	10171	17975
136	19523	15712	1011	5083	17172
857	6296	2234	6142	2382	15899
14332	14858	19639	9783	9884	12957
2645	12623	12563	11558	15439	11052
3313	7269	12947	5526	8525	6346
8128	2938	538	2050	13178	707
1185	16091	15388	7329	17760	4643
13260	5863	3392	11217	9005	1660
2880	10153	11379	16218	13209	10250
18307	7355	15780	6066	10446	12170
6369	3112	12200	13878	9569	8589
15890	17320	16704	6568	2520	10588
10835	6659	4487	15155	10666	11625
5102	8739	8564	2204	13695	5103
3752	6763	10985	2801	19935	14501
14136	12185	2259	17029	19475	6243
13497	8840	19758	17010	11864	19212
5394	5360	4712	15122	6088	18087
14182	14639	896	19571	14002	6898
1039	8245	5258	14785	13275	5864
14733	18809	16550	3386	3614	5559
16614	7266	19246	7160	2223	15065
17213	2299	2820	8716	8167	15119
15774	19214	18668	9169	10855	369
4133	1404	2146	18646	14931	12870
6997	18872	8702	16221	10135	14212
12151	5890	4815	10210	9380	2551
17509	4242	7907	11079	2119	13078
14880	11587	16133	17351	14803	17934
19528	146	7643	5519	3475	17658
11138	222	9876	11622	7121	13725
15606	12879	1080	14778	10917	4942
4174	10110	10219	1841	16691	3112
17425	12549	11044	14161	16547	8035
262	18571	6438	14850	3534	4265
8461	14012	6437	3519	7268	2365
8371	12189	6721	410	16430	5735
11008	16721	4935	16085	334	2708
13826	8414	18698	9369	12970	14652
4789	7087	8982	1512	370	725
13355	17473	4524	14711	9850	17694
16126	12008	19938	18497	12406	8753
12541	10224	1886	14656	3907	2997
965	6044	9039	15004	8710	9330
16544	4389	16727	16930	14132	11434
7891	17459	13823	16904	11222	6505
6033	6192	6665	7953	5262	2061
12883	11128	9301	5540	5315	18394
5951	17734	10515	16846	6443	17523
5070	1348	8270	9782	10170	256
8088	7683	1113	9558	19576	12304
13416	12181	14678	2349	11843	1802
4085	6846	13255	6024	9569	13740
8982	473	16018	7809	8732	9560
16066	4589	16440	7145	11190	1107
8201	334	16571	12925	18313	12617
19659	19924	8658	12828	13011	18216
15773	4894	5556	16657	13449	14924
15701	16927	14306	13772	7511	2849
19803	12651	19038	10751	19843	16536
14892	14772	12506	7195	14514	16313
5834	6605	7226	17507	14633	6615
8783	1275	14987	10201	17023	6541
18041	16090	18653	12604	8451	4430
13081	8511	3655	18338	10460	3769
16652	17244	2714	11066	18729	16921
15748	3327	18495	13480	6313	3172
11083	19958	6903	4536	18246	15759
4083	15890	3680	12315	15095	489
6765	13269	18154	17247	16210	16269
11456	6543	14778	721	19181	12060
12361	17638	11967	17867	13948	3446
9017	2418	12904	16966	17787	9038
10073	10498	12311	4820	16642	12929
1294	16248	5502	18918	3024	14328
5927	7214	10977	6027	3343	14337
4603	6507	9986	4977	3912	9752
6851	18789	17676	7434	17021	9216
1462	4913	12586	7628	16137	18609
19642	16358	6332	3968	7439	3129
11331	15254	19983	17816	10961	4722
12059	19517	5467	1828	986	3567
3095	13196	12548	6950	1645	13661
16259	10872	6331	3921	17193	6431
13099	14664	6823	8392	19113	16701
17503	1647	12206	18820	2288	12066
1888	17033	7636	9260	7036	4947
7843	19001	5273	11471	6487	4497
11690	7092	18168	13823	16911	6396
4052	15260	11819	12684	17087	12232
4302	1531	7955	11209	3539	6907
2370	5245	18975	9056	1439	4946
7370	18805	3969	5351	13617	6941
4515	11126	17511	2834	17513	13624
15974	2060	1351	8549	17513	4462
15749	3419	242	13831	10252	13780
16078	7586	12489	11109	6955	8861
1861	13891	9879	16021	4930	8119
8001	11445	10465	2050	3032	11631
2368	15771	19575	1184	9115	16730
12484	16260	13412	11725	11044	6077
4492	2078	4717	17001	19482	16779
15758	7529	5339	17445	10902	15231
10484	5062	1989	9466	9812	16739
648	3930	8812	19482	10319	8669
11485	14353	12168	5138	5283	19653
11179	17385	16701	1272	19296	331
16431	19781	5392	6550	2142	2393
18251	7355	13878	13077	8461	8679
18647	15828	1480	565	8724	2358
19638	6396	3692	3223	5103	6861
15911	10531	6718	17722	16707	17515
3514	17581	6933	19772	2089	8707
7840	16721	6674	7812	3185	11857
5917	754	4821	6921	1990	15669
2742	15941	12355	6771	3591	13288
2132	13879	14474	8342	17237	19115
8365	898	17439	1068	19912	7567
7430	3458	615	2842	4529	8598
12329	15902	13803	15709	5093	19564
4050	1411	105	4590	18620	9593
9150	8506	755	2136	15994	7636
1603	16748	16025	11660	7814	771
7384	8415	5967	8291	14085	18828
7673	1253	3427	4795	5167	14184
2645	9483	9030	2268	16539	1391
11673	8116	19638	5080	7457	6602
12466	462	4937	16717	11850	542
3063	7658	2182	13852	9102	19580
1511	19466	6033	15029	11585	5338
6178	14962	5658	8412	16193	151
3682	13086	13017	19676	6797	18110
12808	6429	1317	779	16832	15596
16667	14194	3078	13245	9854	8824
11749	17004	10153	9046	16109	3139
18127	4827	13473	4707	17854	12025
3116	4645	8111	11064	7183	3078
9260	3906	7221	18854	11979	14763
1556	4202	3359	9671	17578	3394
6269	4486	1771	7760	19134	14851
5725	13333	4921	1115	11983	18821
670	13042	5399	6080	12852	16386
17606	7332	8832	15988	12937	6683
15262	763	5966	6207	15632	15524
18863	7721	13296	2500	5182	3631
17412	13947	8024	11086	14912	10797
12173	5633	326	14244	15345	7678
1898	2357	16080	19884	9229	13716
5705	11079	16466	14053	4268	4420
10363	1245	9909	19045	5486	16949
687	12280	17434	12120	15028	16521
13473	12113	19434	17950	16015	8760
799	2293	8479	18387	7229	573
16380	2120	13011	3593	2775	17086
301	18364	19287	19872	13022	19857
10813	18189	5955	17598	6393	15847
2011	11705	3354	10499	18276	14429
19906	14811	10368	15526	8950	863
11989	14891	7511	6010	13833	529
16152	7739	8716	12349	4681	1458
9944	16793	4341	8172	16711	4039
9463	18128	19859	7204	4905	5359
8780	17945	5402	1460	852	5709
1750	13754	19832	14294	5208	11613
11135	7123	2097	6366	1386	6384
19590	2140	9105	14130	13648	2433
17614	3954	1192	9403	9391	18306
16316	6613	683	14430	16388	1032
5073	7985	16180	10137	14777	11397
5267	9628	7472	12639	3060	1122
18758	15440	16698	5596	18526	9718
16312	5549	5092	8994	9288	13088
9359	14718	6910	8903	12157	7989
2973	13066	18981	14657	3270	6354
14380	6308	9659	19189	9587	7232
10201	3946	16358	9777	7090	8620
4676	667	119	14320	15961	10202
7554	2889	3821	16359	869	9285
3676	15976	16702	1992	9488	5082
15793	11111	10088	13085	3623	12302
1308	3090	9392	3273	1608	3994
16711	5405	11738	8074	7790	13646
14606	9988	9806	5783	4819	15090
1759	3665	5096	12202	16272	19189
9151	16909	8566	16472	18903	8734
14331	14580	5264	1372	14738	19823
11711	18397	14794	19487	5258	17638
12575	14847	7856	15221	16991	11765
4669	6460	7178	4634	12839	10311
19706	11930	8409	1498	13229	16821
14433	10113	3043	11779	7003	18890
3299	11342	11374	18893	12017	8926
3951	551	759	18932	8445	6773
6046	3579	13658	7555	11705	11836
3864	18990	13932	8812	8939	3017
10662	17409	9114	13059	7205	8487
9398	16641	3047	9844	16273	18288
886	13644	13991	12712	11407	19464
15206	11231	19403	18229	16163	14373
3281	19347	17760	4794	3222	4601
14978	561	8752	326	18971	2555
2067	202	12811	9158	2412	1360
9755	17861	6675	12757	13682	12668
15114	9035	17397	7663	213	16919
18756	16721	182	14914	18274	8383
8391	11117	16363	3737	9980	9391
12095	19735	19206	11261	12457	12276
11392	16540	10090	9493	19997	5205
12098	18333	6940	18135	10810	11314
11811	1471	17118	12185	148	2535
633	11590	6532	14697	5816	1172
5272	6522	14910	8856	4251	2285
10851	2162	6523	8145	19073	16532
14394	3114	17326	16306	6676	11117
9167	327	12089	9813	217	18958
5531	9770	4121	2493	19741	14046
19185	11491	16151	5750	10031	9037
16049	3479	2491	17910	11502	3878
12054	9777	15094	5902	14641	7173
7132	17689	16889	13751	12490	13114
17106	3709	6993	6140	16464	4448
12881	9930	12828	8646	3789	16575
7086	16933	9907	18683	14801	5927
17490	4068	17352	10429	14403	994
6683	12733	16468	13936	17429	18238
15818	17979	5995	15848	10282	3976
6546	5988	4304	15099	19761	14412
16091	7796	17795	11465	5917	16992
9902	3812	12604	15184	4268	19934
18599	13291	7350	11075	16603	6481
2681	14246	8111	7705	9437	17295
15063	6697	19246	7639	5303	1942
12944	8043	17484	17813	19620	15868
13608	3477	11636	14718	7055	18540
19423	4457	14348	11638	15566	16758
12271	12639	2431	13571	3835	10090
6199	18640	18817	9708	15974	9278
16898	6348	1527	1853	18143	1384
3144	11676	15024	6444	14901	4672
6311	4883	7617	15255	2211	13288
15027	3559	19056	15296	7216	8221
19138	471	12717	9117	12418	2050
4330	14841	9925	5953	226	17152
13654	12102	7100	15863	1311	1319
5988	6230	8665	2235	6713	7886
570	6098	12160	4268	8710	18956
9397	17211	17342	6464	17957	4890
6332	3772	13862	12030	5391	11302
15912	15903	17383	9281	16415	19251
5544	5716	9137	2398	13571	2139
2257	9089	13446	18773	3819	13597
19675	12914	11753	12178	17619	11728
456	5172	9509	15723	10283	12581
2633	3823	18541	13110	17045	15540
6595	16192	5716	16245	8798	3519
6871	10150	1821	8714	12602	11876
9411	15331	3861	18610	3010	2317
15238	979	17978	18950	3475	6703
526	18061	6045	5297	19471	2160
8446	11242	18846	4065	2825	11891
6754	8080	3973	5456	6794	2865
11384	15059	3123	16140	2713	3830
4634	8484	4483	19560	9425	749
5120	11572	7202	1973	3650	1268
17699	14253	16789	9032	13585	10106
4909	4265	4875	2318	11323	16922
13125	17137	9045	12108	7332	17976
12644	11032	7738	12492	18956	1912
3083	2780	6030	13191	14924	18026
16604	1214	14471	1671	4001	8020
18677	3644	12119	7352	329	9288
17857	8146	18432	8297	7825	5533
4872	4095	8075	10987	16770	7636
5437	380	2287	8583	18182	17033
7683	6370	17332	5605	10118	5203
16129	17180	14073	14142	9812	430
14721	7768	3127	17415	12489	4937
4009	12335	14285	9744	1333	14858
3405	2616	18925	2712	7341	10550
12977	9352	16576	18439	3089	19326
19295	12222	5907	3384	16739	2985
9026	7903	1748	9995	8830	3079
2331	15157	8708	1899	14933	9362
19094	13662	6773	9049	14872	16935
4225	6705	6283	2668	13961	16115
5223	16346	7265	14194	19793	3941
1103	1263	13788	1762	17794	6483
13555	3418	14574	18286	5617	16736
10976	16150	9137	17857	3348	6033
19172	18976	17689	4615	16199	1718
18530	6901	7007	17761	8800	4732
6531	10968	4868	8148	1985	19822
5119	7711	13082	9862	856	8835
6443	13881	6865	15326	13540	5684
13428	1457	11402	13174	7661	10998
10727	16257	10670	12678	537	12241
13512	18892	309	10033	17522	13055
13719	1426	18279	12424	14614	15458
1649	1429	16880	19664	268	4527
6103	3507	2241	7290	16889	5605
13334	4341	4527	3228	10752	17122
11851	8867	3330	6556	5164	2518
13381	10892	9471	10700	13755	11798
11003	13141	18055	17279	6028	1859
17978	8715	9712	5418	4534	17053
2559	6506	14529	4336	17706	11296
7986	11250	1319	3051	12833	17904
11510	6544	11469	15346	8495	18279
9342	17505	16952	9452	19081	2269
2082	14784	8929	5689	11528	12172
694	4510	15870	7005	15500	11909
13946	12226	1062	6454	15599	7405
15764	16528	14051	3008	4265	18391
15827	6127	2217	13521	2614	10297
15275	17179	17163	5625	13904	4546
4478	10941	17410	13186	264	392
12339	17903	2869	13505	5152	2601
16076	3314	12004	15414	11520	16502
339	4038	12469	8380	641	10613
11699	19139	14992	14543	11515	3654
17442	8342	11704	6780	1235	17101
4919	16403	8757	8026	1417	5192
10703	16968	5858	9437	7756	17656
3738	11174	12582	3775	14611	12769
3294	19793	10932	1704	7997	9904
14659	2812	6265	3226	10325	8054
2189	7216	12323	12997	10058	775
3620	14150	10198	10716	6164	13449
10866	9205	13341	19194	16396	6363
187	18698	2598	3162	18565	5752
1399	18735	1404	16921	7766	13371
14839	9293	12971	17716	18692	14858
14545	14963	1095	6517	9987	17862
1097	6325	406	13686	4139	7432
8037	16108	16813	975	10349	16402
10259	13264	16475	1225	17472	16633
13292	226	8029	14798	6843	9744
1161	284	13379	5705	14140	391
19436	127	9462	6554	8621	15156
13567	2897	11437	13033	12269	1925
16150	12792	8192	11803	7054	8847
13354	12433	8353	1475	7431	10015
2961	3145	8113	19295	12221	9805
8276	9727	14734	10362	8298	4839
1196	16806	17259	13119	14841	19186
18009	16110	11092	14711	9830	11397
16210	9416	10922	17351	13992	17691
3217	16639	15622	7835	14119	10995
7898	2319	1290	11645	12050	8431
12514	13737	3473	3559	18134	16830
18051	19752	16091	2423	2204	17488
17345	14933	1152	8098	8131	776
12975	6398	8728	2869	5677	19367
12996	8827	13332	3100	457	16834
15784	19842	7336	17784	9194	13566
2670	13930	13103	330	8782	4090
16103	13455	14778	1161	11481	9042
13631	11231	12725	2627	19655	2772
15866	19278	16277	19985	1869	2123
2534	3672	6005	2377	17707	8317
15132	6049	17806	2527	10082	9517
4060	16729	4977	19131	1332	1395
938	14043	11530	4650	5591	10997
8047	1923	16218	8982	9543	17494
2682	12973	16128	12661	14433	16586
2516	17072	15625	6533	16556	15561
7846	2276	5852	15321	17873	14490
3729	17406	17521	17215	12213	7820
7556	12316	6350	18701	17737	1557
17143	164	267	19254	14237	13243
1033	6233	18231	8994	596	19675
14732	18292	1213	2015	5552	7841
17763	7243	16883	8631	12989	14633
4800	2809	15700	1452	6105	6286
16941	11920	911	4043	6342	4748
19689	19070	16617	14536	7859	6223
13278	3293	8521	4720	458	1723
3492	3679	18160	17395	3236	963
13675	16428	9069	18228	17047	13610
2923	19352	9773	19459	6603	18771
17354	9970	2203	12392	12396	4985
17644	7091	1935	16704	502	4335
19192	460	15771	19521	2268	10524
10225	102	279	18407	15960	8996
7204	11103	7786	3355	17570	13875
18139	15224	1085	10259	16220	16797
13502	16622	3118	12932	12139	877
14902	3060	4813	16348	2016	9844
16999	1324	11258	147	13414	6757
18121	19077	4476	9431	17599	11529
10699	10376	1187	18936	14840	18169
12279	19528	12008	16152	12375	4961
10634	6815	17342	2464	11913	5411
278	18089	4752	5249	4663	2729
1644	8775	17148	3552	9109	11002
4575	16697	4811	4101	19113	9132
3818	18071	5132	16010	2847	16739
1092	15005	8253	8433	7036	13465
9073	10965	3202	6210	14394	10312
8650	10352	12754	7981	14388	1384
6054	5161	374	18418	16329	8280
16676	1737	16186	18019	13222	17625
4474	3863	4548	1610	17688	18188
1500	5317	11068	9374	3874	13411
14702	17724	18563	9587	4184	6673
3839	8682	15731	8499	2504	9848
4608	10211	5794	9564	3953	3328
142	5733	12779	16064	416	17263
16486	13907	8982	8061	9805	474
16656	5530	5472	13707	14050	19685
8924	18320	15956	4030	6413	17569
13921	10614	14801	6015	15599	341
12118	1387	13755	2719	2428	17605
5482	2973	9289	14075	14011	3240
14393	19305	12745	6720	2096	11593
5391	5616	5681	10661	247	9227
13681	5493	10635	12117	11360	11157
12149	17373	16397	5879	4632	10931
12766	11964	10045	12679	16321	8664
12857	2894	1384	19717	18341	3191
18994	3548	15314	9621	16787	7608
10048	9925	19167	5565	11001	10154
3357	11644	8110	2958	18251	12066
3165	14456	6859	19222	14966	662
7343	4663	3939	17444	7854	18606
18635	9169	5944	9367	9597	6823
13430	16148	3539	16796	14518	14847
17601	14356	3929	19876	7977	19882
13170	4614	17518	7109	12681	7406
6955	9421	9908	17689	7926	5462
15663	11013	6885	8949	9407	8199
6404	1110	16527	11835	3454	5630
19086	13932	14343	4420	14837	10535
18887	4455	14987	14501	6415	12354
6260	13047	13903	12109	15682	13493
13758	9354	12015	17843	2019	5902
5735	16846	4256	17335	14159	14072
9133	15967	6195	12812	11203	15584
7279	349	19451	17637	1765	18009
8686	14342	8442	18218	17959	11801
17340	6411	533	2022	9855	8405
16517	10387	19887	2798	13265	17019
593	10961	17143	2975	446	3445
16357	1210	14955	2969	15656	4844
1300	2867	3928	11560	3413	12805
1303	16711	15015	7469	12526	15448
8011	4604	13552	14954	7508	6688
2097	12575	5700	3979	4479	19182
12751	18720	8345	8080	9768	692
9147	9745	14044	7680	8558	17351
15558	3495	16372	15949	15749	18455
16273	3275	1736	5767	10803	5595
4206	14243	9041	7399	3320	19280
9244	1983	7687	16220	1346	7468
14906	2949	15051	3519	11914	19052
19790	11018	4852	9199	13862	1525
13734	17004	6775	17989	18664	3206
15009	9776	8252	8561	16128	6309
1026	14112	659	6855	10945	2521
12443	8399	13170	13286	8919	2933
12434	19259	9882	9534	8300	1036
763	8991	8790	13069	17923	12621
17652	2722	18565	18687	12027	15269
18854	1360	3165	12960	13059	2041
15753	3869	1664	10180	11377	884
3839	4905	344	10712	3327	7774
7944	6193	667	4773	10263	17900
5873	6599	6499	17738	12016	5383
13756	18593	5893	9333	4491	9975
1626	3401	12586	10272	9915	4651
12559	732	12927	19572	10191	13934
11459	470	6852	6338	8849	4209
663	9265	12632	17244	13646	18982
5842	14132	13939	8473	6919	13222
13843	1480	11425	6952	10876	11825
18369	8935	1582	2084	7462	468
1780	13501	13385	18518	10822	10159
15935	14918	7901	5419	16989	2506
17047	18888	4005	5141	12730	4523
1924	18385	18813	12837	4887	13525
14155	17275	6113	2099	11439	2262
11603	15048	19547	8380	15780	17846
17988	17409	11296	1007	11990	10053
2595	14195	17934	1418	5561	14671
18045	16174	11238	14659	14605	13148
15287	9195	9115	18831	4672	7724
10885	15394	9296	9101	10136	15438
4927	912	9197	2375	17909	9310
6189	16985	17340	18154	13118	2581
11280	7217	16148	10115	17691	3640
14040	5884	10315	8060	13299	6705
13454	16979	4564	8026	5850	13909
5889	19849	19380	1163	15719	11340
17574	685	5229	3098	18706	263
11650	14230	14893	643	13940	5734
18299	12467	18195	146	5377	1209
15346	12102	1575	17437	5261	10999
7954	5623	15768	15347	8055	4208
12948	8735	14063	7764	582	687
7107	5247	16300	17649	15975	6000
4330	11386	16878	11736	17664	3280
3057	15345	18102	4635	5702	12413
3777	2145	4223	10255	12913	1665
1730	13461	14261	11786	14191	5016
10865	14448	3388	19945	15926	16960
8944	8272	15437	19210	8623	16746
8056	7333	3349	10555	17572	8709
17156	14854	11346	7846	19508	12254
19962	11539	13791	6947	13978	17140
7203	7142	10544	13186	19422	10690
16887	9632	9087	13105	4060	18612
18586	9559	4719	6537	7223	11089
8724	6276	17928	6638	10886	19607
14850	18544	19287	2980	587	13185
9546	10826	14698	17055	3556	1222
17446	19651	13035	16244	12743	6654
354	2445	15995	5057	1634	13645
8436	8778	16929	17718	5208	321
6292	6121	10265	11441	10810	14124
10585	9657	8431	16469	6748	11209
15587	9275	11720	8897	4120	16024
18037	1204	10467	12054	10077	10461
13382	17577	1819	10369	1167	11437
10899	7767	10702	8466	7847	14886
2563	5591	16058	4021	14359	10693
7751	16647	14318	16707	14379	4665
8381	13853	499	15011	9193	17236
9198	11702	15346	17068	15319	4812
2331	6863	8883	9725	13027	8426
11926	9876	7635	7232	15021	15656
17392	9840	9582	19147	18861	3665
7377	3068	4713	531	7227	9505
7649	9806	19622	7936	9669	11421
2260	9651	3784	8880	3122	4516
8556	720	5266	6372	3740	14395
12897	17005	7645	16728	11264	7340
2778	7257	12771	19693	14519	19526
8404	5886	17150	14324	12435	8884
17551	3653	4254	7559	349	8973
3870	6390	4728	9977	746	17303
14665	4823	5247	8980	6557	449
4349	9659	6971	2074	7930	7967
13725	5882	5822	3881	5035	2576
13115	3879	6784	5773	13096	13223
2814	5373	14346	14204	19891	829
15205	18687	340	7336	10529	7270
12769	8924	12045	2540	17738	3492
7081	14197	4170	593	15998	17301
8915	7488	8168	18697	9844	14967
3129	674	12701	9129	6944	13867
10898	8152	1677	16339	1633	4739
9128	249	4202	19138	15545	18653
13020	10829	11001	7619	12562	19739
3821	9177	3090	16859	8282	6692
11048	2587	19553	8309	17114	9237
11668	14370	18144	6510	4331	2273
8127	13681	13122	4682	15671	14318
10785	9099	11974	18477	3596	17280
10302	11889	15032	13465	1647	19431
16608	15527	8157	6627	13870	3034
1215	11925	7595	3686	6915	15890
8800	17938	9795	7546	19066	10296
802	16910	13323	11936	14325	3122
2504	6199	12930	7044	10344	7179
8469	7117	9877	7113	14222	16214
4660	4934	10135	5456	7542	6103
17944	10953	16943	10407	9567	2805
8646	16673	14431	8741	13394	15523
4071	17377	16025	16023	13380	3850
5515	16755	16438	6792	8045	2428
4952	2850	6030	5806	19633	167
14895	15628	18272	19158	5935	1283
6458	3384	956	14142	5259	5260
8533	18008	4026	6779	5352	6543
5259	15728	19999	11721	2522	1320
17981	10367	14448	18838	4650	4238
12826	2804	6778	10288	12056	17321
8108	19988	11919	13697	13713	13468
19680	6138	13651	11634	11916	7689
11394	13346	5795	13140	2850	4739
12951	5816	10343	6775	3163	8235
4297	10325	16386	1369	14442	10005
7930	810	7642	13869	2453	1223
4037	5154	12431	953	11906	8484
9307	19118	8850	3592	12510	16161
7970	16114	871	1612	14125	3944
3344	13111	18196	7625	19588	6337
4782	15252	4428	14647	6836	8359
16505	14174	4763	2915	4682	12185
18443	4315	8889	9335	2374	811
7352	11444	14683	14891	16725	14991
5150	13802	1290	13911	4021	2600
4318	6365	12390	12545	12490	18590
6988	4776	19585	623	18433	15422
16873	9163	15177	10818	9492	8334
1739	8658	19375	10417	1365	16113
221	7677	537	8531	3153	3218
9081	10580	9047	4728	3776	18042
13310	9928	5790	4684	19752	14716
13336	4540	4549	4418	4445	5251
5885	11303	5899	8013	15660	16773
14789	18833	13660	8499	15284	10170
19837	17176	327	9526	14902	9298
10492	11279	17091	118	8322	15471
5529	13017	14689	7245	12108	16696
18602	18098	5704	7894	12298	17227
3400	9846	10793	5847	2631	19490
12585	6495	11862	16807	3705	5227
17842	2696	3201	19846	4238	12926
8950	17049	18041	12333	18399	14364
11833	4346	14783	10461	175	7493
19818	13012	2436	13862	5267	2935
19738	13340	19582	3674	3506	19281
8381	15985	7630	1526	11603	15320
6655	9171	1644	14246	4238	18638
1428	2356	16329	1180	584	7290
6792	6171	695	7768	14490	11232
5554	8197	8519	12870	8000	6165
10362	7726	3727	14872	7502	9987
18869	5730	15957	7257	19781	6393
4639	681	13384	6785	6676	18579
12183	11476	17313	8581	14136	726
17952	18360	1139	15561	4352	5833
10060	11857	6788	6890	17775	5646
7881	15873	10426	3955	15406	9748
15898	17877	18415	14403	16819	12383
535	6601	11419	18757	5173	15722
8930	6005	11562	12375	3156	4811
15817	16344	15054	12206	14999	10976
4260	6230	17132	5679	9427	10639
6068	8900	7290	18681	10674	4974
12239	650	8359	17038	19205	4833
14199	11228	1729	18751	6491	8496
19407	17790	13725	17294	919	14377
14083	16986	19385	4368	2770	14450
6420	17978	6722	17127	11705	15647
12370	10775	6024	15030	1403	17701
11079	4667	3406	4735	1671	1667
13580	2227	18708	5622	4513	14961
5994	13198	4638	19298	12592	17088
17707	5009	13372	8184	13426	16903
2206	17814	10851	12773	11169	2216
13799	12956	8259	15197	4146	4741
17969	11918	8421	18170	117	1703
1349	10525	17148	17763	10084	11973
4664	11732	18476	14434	6624	19981
17007	14188	10374	5533	8476	974
6475	17407	10313	6360	17817	17278
12907	3028	18247	5435	3315	1274
639	15209	18262	15271	11388	2780
9885	1426	16961	19502	5163	14048
1526	6732	10525	18237	4546	11436
19270	7107	17300	7650	10456	2242
18189	8233	2389	4681	5671	13461
15052	10980	19483	15700	6835	12302
6927	18058	2400	2623	6434	5986
9152	4009	785	15963	16860	7403
17351	15296	3435	5311	14536	10611
6720	16731	9517	5735	3562	12240
1395	11373	9414	6733	3987	4337
3753	18779	16893	8883	11637	15058
6313	8556	3207	4538	4025	2714
13968	19866	2838	19734	11005	323
9436	12523	1033	1647	10614	12596
3185	12108	12890	16859	132	6483
16365	10273	13347	8466	15857	18835
10765	5897	7360	5997	10886	16157
19190	19525	8189	11759	567	17315
8983	328	19829	4003	13372	1657
1212	12106	18843	1908	8224	1360
2729	5448	8156	19760	10319	1516
15725	1508	18979	19528	7596	1819
12302	16847	16650	16687	7928	16448
14172	16510	12546	3358	8193	19052
5184	3375	19171	18509	12268	8427
13416	5734	19869	11532	13701	5454
10496	2233	10693	18042	5755	11196
16766	1068	14363	19596	2380	11021
6276	5728	11152	13802	1212	5662
1928	9043	14104	18125	11183	5365
3100	628	4413	10100	12347	19036
4784	7424	6499	9638	284	17939
10531	3487	9842	7312	6017	7706
1949	15916	18676	12110	6584	12853
12225	11512	8308	17255	1877	13679
1110	14464	3667	7925	6442	5190
16137	8704	415	11669	14599	9647
11866	8231	12742	5557	3394	247
17925	19663	8060	13219	11040	11350
6881	1031	17153	11055	7049	15940
18971	12163	9504	19070	15547	13815
12158	16419	3747	8960	16144	17526
6012	15455	9570	15903	13741	10713
2957	7994	12082	7747	18687	15626
844	18404	14223	16211	10137	17891
15875	4432	18380	4320	10523	8269
10944	12325	13894	19893	8011	15316
11417	18765	12254	13747	15874	6013
5241	13835	11051	15701	9847	6715
4237	15546	14716	4224	10535	10462
14637	6128	4834	9013	7280	12653
11323	14504	19886	13409	16621	17097
18214	3756	13686	4570	15129	8476
17875	19582	15026	332	2516	3672
4858	2557	18298	16943	8775	1158
2770	13759	18521	8114	7922	11222
6587	8287	14266	13482	7356	4335
10768	10634	14811	17457	2395	15716
10262	16232	13969	2625	3667	1369
8032	16560	10940	18793	7003	11491
738	1275	17683	16113	8362	9084
14489	5023	15970	4370	7404	19675
4128	16938	12130	17671	18467	19956
7749	16076	17007	1502	457	3998
3758	19026	17971	14308	4195	17701
11214	8998	16685	7342	13988	4733
749	15525	8472	18596	2922	10317
13392	16109	14592	11910	11747	10192
13765	8829	1898	1498	6465	6255
5933	2568	14169	2152	18697	18391
11014	9802	3859	10155	2175	10775
16245	9236	19951	5569	16628	18881
13436	14908	12062	4084	12825	17072
6393	9091	5656	275	10494	14669
17341	17398	1249	19419	4578	1213
11840	18750	10800	19677	9396	6745
6543	17579	14420	13903	15251	2535
16194	5923	8899	6553	10177	13787
7506	8919	7946	3865	9859	9795
18282	1832	19519	6912	780	12721
14920	4389	7853	9649	15087	2272
17956	19606	511	998	363	5439
7369	9964	6257	10597	7227	11621
8312	11638	18300	450	13452	12059
3382	16535	13909	11098	18779	15872
6531	6437	4921	240	15714	3507
11853	10002	19686	4265	3196	2013
15622	16260	19144	18998	6498	6907
14651	11829	4011	5198	5847	8149
12106	8858	2803	15894	12398	6755
6830	12096	16867	14967	3283	10548
10986	4629	4343	12894	11510	11249
18193	15170	2794	9922	866	11564
4800	11604	14026	15911	3621	4627
14270	3646	2983	14184	10183	2807
11203	8532	13919	15468	12447	9941
15310	2457	9501	2725	19403	14667
4247	13147	14813	6872	18141	10914
12558	16199	16363	15506	2561	11031
15986	6611	13176	8601	17271	4579
4773	10011	487	8668	14396	4236
9554	2108	17366	13057	19578	16063
4987	3633	10715	9754	9781	16863
4079	11465	8857	1517	8808	12125
6526	18632	13182	15032	5797	9077
16908	11095	15945	4284	4427	2793
14965	7117	16448	16376	15991	937
11543	5550	9705	15019	9693	2935
6191	4476	19810	16767	13604	17833
15711	281	8339	19473	279	10925
12566	14302	3897	12694	14251	11285
13076	3131	12074	19284	15331	15282
11911	3387	3908	18363	16792	18994
13889	17662	7777	13540	6593	16626
8677	1317	10924	2915	5594	13812
18337	1723	12426	18986	12094	15393
8072	5981	19246	6542	11257	10633
19543	16493	10096	4479	10299	10112
9438	17707	9335	14392	4405	17370
7094	3880	10673	12392	8570	16543
14681	19292	14176	16552	13329	872
13229	15311	10956	9798	18303	15248
6375	8865	13551	10636	7976	5845
6302	8453	16601	2485	7908	3155
10515	17950	16905	7022	1968	7942
14902	9957	16384	5593	15061	559
16519	1923	5635	3919	10807	4254
15115	14130	11835	10997	13099	19151
13298	11428	13021	6238	551	5620
12836	13112	15490	5149	8446	14595
6901	9700	15617	16588	19701	14800
2430	17328	956	17877	13764	4337
3942	17369	10750	14975	5655	11522
10851	9424	7234	2521	1518	5277
16362	10863	9539	19779	2751	3785
18628	5371	9446	12267	15329	16715
18773	4218	5159	14435	4382	2300
1933	14460	3116	7916	7042	7435
4961	17160	9045	14151	16222	12614
7365	9177	14667	13906	656	13769
7195	15956	17831	19330	4292	13051
10590	3090	7870	14858	14166	13409
18624	14887	8617	2549	1832	13362
10912	18082	8333	18386	4590	17679
2131	6280	15002	17848	11752	9375
14658	3290	2360	745	5142	9205
7832	9122	10245	6185	8798	6580
13700	14826	8373	14739	13993	8491
11981	1990	18374	17073	17350	16996
12047	481	10396	10914	5536	1727
3067	14045	18074	9392	1804	14589
17045	8101	18435	15790	18418	12681
11479	438	9881	18009	15819	7913
1748	4930	15380	11196	8764	11734
14063	11244	6121	9277	4483	15360
1819	6997	10678	19016	6256	9317
8656	15072	19099	8141	14842	6415
11107	16309	11581	15431	19677	14213
10736	8211	8082	15129	3042	8779
15669	5955	5182	13985	2115	15461
10742	3514	11817	14080	15039	1089
16166	16993	5860	13397	8031	17873
558	16700	16994	10517	16031	18402
14664	19586	7867	7306	10341	8434
14054	1965	2946	2274	14124	4361
15620	4010	19632	14123	7579	18053
14488	7488	6046	2416	11247	13004
12735	12545	10588	10665	9172	18145
11695	2155	1813	17724	6857	1683
2882	18817	1060	1814	9307	3167
2608	16692	18983	5624	19455	2808
4915	12898	19970	12881	18529	13746
15007	10810	4892	8633	16083	8905
19941	19464	11440	14064	3034	2490
10034	1982	8826	19526	6662	7271
17863	19381	8954	6665	18985	12063
19979	11743	7419	6020	9049	17086
4311	14703	7589	7800	19715	6840
11605	3066	14679	6678	2854	18968
9312	3840	18718	4583	18564	1882
4777	14347	15043	3161	9422	12552
7516	7909	6336	13259	13028	5385
241	12607	13929	1221	15749	9647
6414	17628	3863	11249	3665	3324
13685	15324	1448	2554	7318	11904
8535	876	19919	16192	750	12784
2327	18682	16288	17876	17730	17027
810	9650	9266	17559	17262	16839
10577	14442	15167	16175	5287	2788
15709	6568	9887	6162	8934	6436
14543	2530	4818	8511	7568	1765
5846	7835	13669	2242	12332	7720
15524	15699	18329	15064	4204	11334
13545	11263	4087	4820	5461	9948
3148	18032	8284	18405	3440	7167
2470	13939	6385	11723	9443	5604
7689	7860	9590	3887	1545	10180
13037	18086	4949	8396	12777	14121
1493	16355	6205	5128	19982	11691
16497	8240	1950	19627	8247	5116
2910	19416	13913	2028	2841	9140
16950	16419	2281	12210	15706	9656
2733	5651	10619	17449	17445	11149
7556	12488	2738	8960	176	11925
19119	15696	15059	9891	10605	11943
11108	1267	706	1199	2809	9020
6945	9401	10235	6499	18862	16446
19313	13485	6490	7653	2031	9064
14966	19825	14638	10989	11054	6711
7178	14522	2281	13150	19370	14475
12361	19011	3412	11866	9432	16963
2901	16738	9837	6189	15883	10256
4712	1407	3774	19711	18585	19710
7797	13659	12180	15190	1869	11513
2137	9855	15300	6755	746	9889
7873	8035	17981	6938	7623	9388
13842	7218	14760	9923	15326	982
18821	13129	8641	11270	19487	4488
9515	18067	11589	19590	13703	2872
6785	14158	1656	17686	12503	14462
15229	9751	7236	16968	15857	19767
749	13578	2681	2413	18275	18036
10496	10305	15457	19098	501	5604
1323	3450	19694	18412	12482	6703
6704	9968	16159	799	1297	5667
884	14687	5821	340	9574	2197
16292	12013	5762	13434	17674	11770
4038	19534	5877	5816	5012	7219
12873	7043	4302	1794	7246	14975
17815	13017	11935	15515	18166	2669
5342	8629	19639	6957	12711	5708
2357	18934	1219	11065	4373	1487
7167	7742	9974	1270	5924	10274
5264	5083	13871	953	16862	9111
10951	13817	5876	16353	15882	568
6246	16830	3151	4063	15609	9844
4430	877	9029	16903	8891	10280
17385	11655	8098	6316	11394	9071
6741	3486	3570	8016	5186	9300
13893	18463	17056	12359	16243	14209
10237	17211	6547	18260	15284	4618
5723	13100	2252	17524	5304	19116
2936	1629	14004	14901	3720	11112
8821	9456	19065	12942	9444	6841
3398	14199	14134	1134	4220	12681
6662	3329	9142	17567	12203	12650
18482	3371	8216	18709	14557	7537
7952	17634	19350	16745	705	16250
4099	6981	167	7705	14866	2374
19646	12245	6262	9496	5162	13270
5351	5664	8849	15569	11854	5752
3556	10286	15093	3157	9981	19582
6776	8256	17245	7224	17479	3292
13687	8685	11536	8896	13496	1189
9836	1301	14346	12537	882	14977
3139	7280	14986	15625	15121	10408
14270	10197	14839	5133	16274	1653
9191	18507	1471	16767	3535	2516
10578	7363	18398	10903	14101	18143
10056	18918	4795	12546	15812	7988
3353	313	14841	18889	7285	13462
14037	19058	17856	7431	1223	11883
18723	18629	9824	11303	9615	11194
16742	5815	14227	9991	16391	9401
14893	2112	14548	9505	17892	14069
18628	3908	10736	6017	19726	1708
597	19017	13707	3318	9065	3336
17578	5556	9893	5747	6758	12282
3789	6291	4817	12880	14726	2086
4991	7330	10681	699	3656	19237
16115	8195	13285	19277	19671	3011
18276	8260	10889	13765	10789	4279
18671	11428	7609	17723	4256	19060
14322	1313	146	18224	2887	1872
16620	17206	7138	11684	6778	4753
9873	12048	10121	10331	2784	1078
4850	5012	10307	5395	9548	16460
8989	12522	11081	15008	5409	8273
3134	4182	19917	1597	3156	12168
18963	9474	7255	12526	1458	13449
173	2585	19512	19593	8171	14711
10522	10854	2983	4424	15509	10067
10575	15178	17403	7877	1732	14211
12909	16650	7550	2921	14429	16417
11853	15782	8909	1222	5971	2473
571	14255	14006	8302	18842	17135
12546	14283	13469	8769	18218	12016
18351	6177	15651	8917	12967	4031
5398	7610	8682	2359	13458	10318
11194	13876	4805	17908	5301	10093
13259	18850	19779	15739	16252	9949
18967	3890	5161	1656	15814	7353
8079	1726	11355	12121	9030	2075
13115	9620	6882	15090	11900	14889
8626	12033	2361	7402	1514	3940
371	15273	628	18428	3010	1537
10794	4230	6615	1617	5816	6474
4737	18711	6345	8657	15299	14286
13880	18553	10977	3086	12762	8375
12756	4298	13682	12053	19528	19025
8103	6462	16700	18681	9257	12746
18402	14364	6930	8532	194	18970
7521	15555	2346	11255	18244	15434
6411	17819	2879	10294	12436	13223
12564	12440	13157	16668	8604	3015
4907	9672	4724	614	2149	19268
5716	7266	3706	5975	17427	12095
6118	9955	17116	14071	17775	12168
5360	4983	523	18459	15651	10027
6456	9394	7785	1505	13662	6735
16023	374	11888	636	6685	12314
221	10445	7746	12851	16467	9610
3427	11312	7572	16820	19428	2895
18366	16898	10075	3706	2978	3764
15935	19821	17101	2489	2638	17525
4724	1883	15599	14699	5503	17502
17805	15675	14834	8887	18555	13609
18378	6003	19792	18774	6472	11052
2518	18239	8475	15268	19257	15014
7410	4817	13111	16494	2531	13117
14136	18972	1685	1050	3301	13922
8875	13706	2664	2413	11219	13718
9318	739	12132	19986	17771	19020
7613	8366	15355	16008	3549	14985
7957	17993	9568	18038	16763	8066
2787	19374	14386	3080	16107	11057
3870	6880	2050	14122	18680	18735
11665	16449	13451	6416	15616	16575
16629	17206	16396	989	18699	842
7354	4274	5897	19312	6105	205
2602	5420	3913	862	3306	10086
7513	377	8311	5660	8203	9521
1732	15105	4842	17576	2665	14306
8521	2251	14738	6145	7587	6308
18691	4411	16523	17469	15101	8154
9690	15554	10111	18352	19153	472
9726	19248	7502	14837	16291	12385
9601	11854	15092	12085	17384	9596
5452	16244	9898	6057	7995	3001
17256	13182	1594	12593	19556	7604
10261	14753	17484	18275	518	10209
9927	18336	16813	10577	16729	2618
6645	1534	2247	15921	2750	392
17785	17813	9271	2225	4490	1896
5476	2353	7855	11098	2166	3237
13090	9656	8398	15054	15615	2360
10477	16228	14060	17371	15676	8100
15867	7093	18205	4000	17973	6872
15928	5998	8049	2179	8948	3556
12053	15296	13598	236	1448	17689
12300	11410	8655	7763	17899	19087
811	5395	8834	8862	16498	17162
18120	11454	6333	7885	13336	11009
12990	14021	399	8422	15106	6330
8669	5331	5820	11213	17639	4440
5973	5475	4810	9387	10741	12806
7732	15577	16279	15666	15646	1576
220	18038	8861	16914	14496	341
5880	2415	10317	16122	15710	8543
10528	9972	1379	8024	19761	3061
7492	3968	11801	17516	9181	7662
11898	277	8189	13390	18396	4739
1556	1294	4572	9755	9770	16741
19306	18306	16675	8380	18972	12277
14339	17485	15594	12532	19858	6960
18811	12675	19655	5584	8470	8825
5720	18778	16020	1557	16517	11206
9816	6734	8865	11234	13159	10922
19133	10871	15606	11771	3936	17492
19423	4188	7686	5807	17888	4222
14822	9041	9475	13187	19055	3460
19485	5010	14308	11923	18212	12502
376	9706	12016	6699	13403	2143
14146	5313	18613	15971	13830	4136
17548	7083	16646	13342	15838	4813
13094	10634	2041	1403	4105	9568
11801	2944	1520	3368	18925	1520
15118	19153	9823	15514	6040	11287
5640	15452	17975	13632	10957	10249
1669	15682	5352	14099	8300	3929
12347	225	1564	8616	11673	19606
6842	17281	3842	16900	19905	419
6601	18181	6171	18112	2153	17880
19231	4262	9765	3441	19149	8444
14629	12736	11531	5972	12858	14708
8228	12958	6643	4942	15555	4286
13640	14756	4070	442	19157	9748
12271	7292	3483	16099	8649	14983
3081	14819	16253	17892	15023	8711
11056	15523	12036	6822	18357	9095
14575	15136	15118	5109	16375	19760
19144	9366	2503	13148	17135	7382
5381	7782	3121	6081	3860	8371
13384	19849	5353	4315	16406	5108
13620	5229	16958	18156	8978	15089
11695	8568	9393	9105	14280	16766
7023	14115	16578	2245	19727	9357
9867	8675	16310	16185	1720	11835
19971	10168	12938	8638	8165	4816
12196	16586	14523	16907	1350	3765
14935	17927	18085	14686	17192	19545
4501	13473	13597	6690	10499	12929
2082	5265	8136	15896	13955	18348
10308	3951	6059	511	15348	2775
14342	6336	9246	6121	17301	19072
17179	2674	6145	237	6064	13551
324	16267	14597	6545	684	15359
8770	9698	1691	4709	360	12793
10821	19301	4986	3846	19068	10623
8743	15403	510	4142	6896	3152
18023	1312	1108	1014	15611	9478
1862	15210	14564	6125	10489	12653
9885	3366	8857	15440	12858	11961
17885	5244	809	13349	16972	4129
5193	19437	185	16350	3382	12092
11289	3272	12639	17726	10903	15294
6498	13208	11910	6715	3325	3707
5980	1266	14429	4862	13707	8896
2462	9470	13159	11743	2499	2132
15551	16807	15455	2790	14813	19470
4458	11547	11161	5482	15282	3268
5677	2592	6546	11199	8459	12136
17244	4719	16798	15748	14195	10852
11001	17705	334	15057	17054	19296
12778	18470	10498	772	10917	6255
9250	13349	3071	12703	4164	7939
19484	2286	18727	5631	10967	18288
18640	11100	17662	6402	10016	8149
7166	12455	19240	12132	2197	1438
8893	10862	14433	6564	12153	15916
19677	17605	15506	7582	17777	9609
7062	14428	7625	15716	13342	13387
6564	7779	16919	7316	2058	3213
16999	14309	2626	11715	12271	12655
15347	12579	11360	11680	9987	1401
2910	14232	15813	13694	6910	19562
3280	4554	11165	6404	9966	9974
14068	7589	11259	19739	19610	8069
10626	7362	9014	17033	15735	18598
1224	19628	1934	18723	12996	260
1857	2168	6805	14290	6467	7900
796	3103	16230	5955	8366	10137
2593	19127	11383	11081	11562	1512
11407	6088	19155	1588	19928	7721
646	11153	7897	3685	8535	13222
12568	838	9319	14265	15475	18883
18582	17125	17473	6803	15610	15481
8049	6314	2326	8624	760	13745
15839	6220	17392	290	6640	3945
16106	1049	15647	6595	11094	2427
15409	12555	16887	7541	3655	2804
9073	7891	10872	10894	14586	18334
3840	14215	12977	2701	9866	7447
10016	4985	17485	13381	1381	4447
19227	12149	5920	5267	12713	415
7192	19888	19403	4397	15214	12345
19859	4454	2047	16044	9513	19780
3083	895	16771	18378	11462	5948
9688	4292	17113	220	4731	12552
15815	18489	10460	2507	14890	8659
8164	11051	11043	5603	9674	17701
5438	9292	15712	19574	14746	16482
7897	12350	17648	7815	17028	19410
14335	9943	15019	16857	8944	5794
5174	16102	5491	13074	3848	10951
5380	7385	11802	11595	10457	12945
11107	7375	11975	1577	2015	15940
375	17193	2213	9628	19521	4201
5361	7822	19998	4338	9536	11423
14387	17748	8777	7825	7233	3955
10304	12178	4417	4631	9871	198
5754	7017	11889	9720	18325	15590
6244	13619	1892	10236	12645	16916
2530	10120	9801	17703	5873	15796
1768	11508	11636	9695	11993	16425
15759	9164	202	9938	11401	13052
16842	18429	18974	11668	17988	12104
16355	19101	10239	10130	3570	4183
17909	1755	4246	12186	1068	9795
6712	8297	10380	17515	15395	13834
10240	5119	2132	11641	19916	2740
1130	14974	557	16475	5269	16473
5340	4510	3642	887	5632	6279
4977	17924	14565	19987	2137	4887
7294	6380	323	10835	18187	10268
18118	3760	822	15203	7816	2315
8670	16620	11042	5618	8423	9316
3029	17827	13694	5354	3008	5282
8449	3166	3567	2391	11991	320
17186	10454	7797	14352	16720	6995
11013	15796	19578	9116	11825	9265
1193	15468	1706	13819	15488	16772
18235	14287	4574	13940	7949	6486
19288	13391	17644	8223	9119	12207
12488	4646	5197	19364	16106	9274
17657	16424	5580	10382	18213	2222
8974	16878	5104	5425	14359	14330
16513	9444	5188	1998	12402	5452
9407	19640	9491	2374	12312	6080
13390	696	19163	4703	5311	2348
6355	4617	12800	11368	10831	3518
11971	17757	15673	18513	14126	19852
6336	4097	17683	8562	667	16314
2870	5005	10397	10563	4305	958
8510	1622	2399	6162	5379	476
12359	19911	4429	11116	805	11540
19820	1216	18152	6276	15689	4301
9415	5287	11978	1960	16430	14258
7034	19295	11665	19797	4158	6626
18001	13521	7172	14619	4097	658
15034	13249	17827	12621	3002	1237
19411	1399	15599	3160	17545	19866
6706	17004	7497	722	5097	1268
7610	18321	4758	6387	8672	6966
11831	4625	10459	10420	13812	10661
1842	15557	10217	5722	7702	11405
14817	2846	19398	182	5109	7816
2455	1054	3164	7739	10214	5234
13499	9146	18880	11809	420	10548
6267	9534	6321	10848	3685	11146
3550	11658	17643	3398	5531	14412
11911	719	933	12498	19745	2452
4305	8779	16733	4402	19425	2838
6245	1819	7287	6477	4708	3196
14891	6047	17826	7227	14634	14717
498	4768	3838	12101	7969	5539
2304	3613	19755	5587	3421	6049
13533	12759	18500	16665	10070	14324
19066	4890	5947	6487	6703	12551
6425	14264	11107	18576	6832	227
6645	13028	939	17215	6566	9069
19821	13235	8993	9000	11307	3094
12201	10131	14273	13563	8865	17017
8574	13426	17424	3271	7039	11175
17686	14322	13855	1645	15508	779
13644	11473	19840	4365	13015	16922
16089	16695	7746	5933	13509	13397
14531	5880	2819	15974	18598	15045
16825	4875	15486	6785	19919	9003
9564	8821	17383	16146	1910	19419
17379	3189	6081	10898	738	527
3313	8925	15703	3781	18469	7787
12949	18732	18399	6241	10605	895
10681	6655	5641	5396	8509	18935
1207	18483	17990	12595	3773	7940
14575	15652	15632	19434	9977	3094
17324	1096	2832	14223	12800	10644
6142	958	2654	16298	8690	6751
19944	6577	10924	9551	17498	19122
2406	2163	5026	11941	15252	733
6955	16995	5394	4560	4482	6348
15887	13766	19596	12191	17492	3503
1191	319	6433	19525	1145	18524
5589	16457	8121	11521	17169	10591
9006	4570	10179	5279	13581	10888
6605	11439	5138	18354	8746	7434
4128	6512	11817	6873	12891	13731
1855	18269	10109	13802	14665	6113
5095	15499	2219	2968	5915	4899
8909	6979	3611	12737	18957	9574
19401	19864	5755	9638	18032	5129
1655	18551	2192	577	18538	2736
15887	16460	19794	10506	13662	16755
12120	11532	11094	15510	4597	11783
15677	6404	3507	1764	11882	7628
7721	3037	1206	11832	7795	8745
10944	11582	17592	8049	2789	16812
311	17972	9142	3810	8101	12797
3781	14056	6531	13742	8075	10762
16095	18597	15326	19508	13009	362
6752	7941	15737	11531	14433	12260
8105	17015	15885	18001	10749	3259
4007	11271	18782	18811	19305	499
7094	3749	4522	4345	18523	16557
9267	12813	14776	5741	3654	13581
10021	19342	11871	10032	17048	9851
12798	2037	12868	3299	2232	252
9582	11008	16162	18834	532	508
