3258
469
562
143
2401
244
1463
313
275
444
1245
450
840
381
3589
268
3855
288
3872
350
1591
360
4848
192
1765
287
3885
109
4407
341
781
173
3923
240
2533
54
1709
257
2163
111
1683
364
45
155
3198
329
2286
286
422
427
4287
242
2486
89
1419
263
4493
92
2924
331
1166
368
4209
299
3701
409
3434
415
499
22
4241
319
2563
412
1953
24
671
112
2551
242
1020
413
4204
67
3989
231
4357
285
1129
379
2588
193
4713
255
420
112
2019
368
115
228
4415
388
818
231
1879
50
328
179
130
465
3531
458
3395
114
3557
353
1222
50
1421
73
1120
136
589
11
3996
367
1493
290
4684
296
1605
311
2875
173
1916
484
4338
277
4647
458
934
175
3474
348
2672
81
3443
66
879
353
4361
39
3732
167
1833
387
855
319
4618
130
3268
460
2964
409
4994
408
2888
28
2410
310
2014
424
1817
186
4778
259
3142
19
3289
274
2667
438
1471
338
209
69
4706
324
106
48
3429
198
1055
15
81
194
2429
262
2760
469
4501
386
259
85
2299
482
4924
48
426
326
2597
56
4935
202
3823
57
2504
482
2493
395
1227
11
2236
462
2848
273
1396
400
1612
346
3988
44
398
243
4278
254
3097
200
4400
302
2037
128
1271
501
2724
182
3164
498
4136
387
507
31
3305
147
3387
502
1441
153
4807
198
4236
319
4381
318
1037
98
3779
61
94
250
232
91
3061
404
2196
374
1403
380
3888
497
2515
455
2811
22
4143
270
2990
127
2920
78
799
50
3938
220
677
127
1967
195
3238
88
3946
327
3449
421
2003
419
3081
34
4199
45
4667
457
2483
25
3518
378
736
337
483
82
1109
154
1293
501
2097
176
4968
354
4927
462
1670
371
151
502
1119
284
543
328
4792
112
230
189
3402
473
4494
326
1666
457
54
374
4710
281
3563
496
1889
380
2679
466
4018
235
696
243
2164
223
1306
76
2308
368
4236
288
4879
469
528
403
3123
47
2152
108
1058
317
2229
364
3385
134
2778
191
2919
390
2191
230
2259
206
1141
457
1832
276
229
108
3304
425
1111
205
1267
434
1215
301
3219
334
4468
205
1242
86
112
330
2480
61
3515
196
4446
370
4025
125
3805
388
2803
373
4541
301
2011
210
4403
461
317
103
4778
133
1213
296
1978
177
4850
134
1709
502
3042
211
274
421
3609
258
2205
175
1931
206
4588
81
1272
168
2270
94
3551
352
5003
319
799
114
411
458
2531
278
701
154
1254
500
3295
422
905
403
576
136
2969
257
3664
302
435
266
1569
354
4566
106
3288
346
4880
413
1745
454
4676
99
4146
446
4341
384
4682
314
1960
345
3271
309
1731
243
820
252
2187
327
2164
117
4226
387
2900
454
768
214
3359
42
4584
209
2954
219
1404
365
2605
285
2302
425
4175
76
3525
116
4178
66
2336
256
1110
215
737
342
3211
345
617
168
2051
160
3946
14
1800
339
4235
135
2121
379
2890
267
3398
338
721
396
697
111
475
433
2576
107
677
356
4024
342
2100
186
4779
202
3303
340
601
322
1913
322
2037
481
1971
215
1835
172
3270
430
3936
234
442
449
2411
274
311
330
1266
191
404
478
290
38
1527
254
4823
291
1428
475
3324
327
260
238
2623
415
817
57
552
275
1230
256
3882
18
4525
367
4263
307
2024
487
139
48
3600
88
1918
219
3583
5
4886
338
1325
325
332
221
1699
224
1340
212
3118
313
1908
484
4331
211
4432
194
4880
123
3248
335
4257
254
4681
150
660
357
4484
140
2584
161
2307
78
4154
265
2146
110
3181
190
3244
335
3756
327
2321
371
3839
45
1849
384
1530
263
482
470
686
58
1013
285
3270
252
4047
396
1310
165
4383
198
4966
5
250
231
894
356
1503
278
2692
159
2423
387
3080
479
4156
402
4169
224
270
444
2003
68
3056
135
3677
109
4012
5
4900
411
1958
259
1457
358
1415
235
1575
260
4751
402
2176
14
1051
332
1017
154
1058
472
905
464
2923
355
4815
108
356
499
2220
175
1509
142
1470
55
89
285
2155
14
18
478
2010
399
3055
390
2662
485
3312
390
2165
102
1551
333
4879
134
1141
274
1897
60
4726
137
3301
367
1294
334
872
45
2591
191
1538
492
1479
458
2474
83
1914
389
1151
431
3762
311
4135
98
4231
28
86
268
2864
118
1449
347
3156
470
1565
439
91
319
4352
70
3532
437
812
87
3341
370
3727
480
4791
166
2890
92
4559
62
383
210
2272
150
4528
60
3094
44
3888
186
1272
119
488
457
4290
70
4838
405
1576
101
1280
377
50
399
4088
289
4660
132
2894
340
2863
432
1513
137
2289
94
2958
347
334
11
2844
482
4143
80
4210
21
2633
43
2703
402
4003
167
1633
208
2981
213
4535
187
3074
255
3578
247
689
228
512
453
1561
230
3030
70
848
389
2581
504
1119
59
667
437
227
81
4350
243
1020
340
867
160
3716
82
3541
256
2087
172
3897
490
3843
282
2222
192
3529
352
1942
157
4593
364
4625
37
2569
246
3042
41
2632
79
1411
433
1903
303
275
469
853
340
2791
409
3716
54
918
443
1101
262
2052
422
3478
285
3479
452
331
21
1639
313
3411
437
4623
121
1295
371
4814
489
3643
16
4888
267
4672
287
